# NaN NaN NaN ;Mean Elev.(m), Avg Gradient(m/km), RMS Gradient(m/km) - SRTM1     
#   70.111 -14.365  24.536 ;Mean Elev.(m), Avg Gradient(m/km), RMS Gradient(m/km) - ASTER GDEM
#   87.908 -11.124  29.740 ;Mean Elev.(m), Avg Gradient(m/km), RMS Gradient(m/km) - GMTED2010 
  7   128.176 52467.08257887 30.31 304.829603 -27.866583 20.102
  7    91.501 52467.08257951 33.08 304.828743 -27.863293 20.102
  7    88.789 52467.08258016 36.15 304.827883 -27.860013 20.102
  7    90.842 52467.08258080 38.02 304.827013 -27.856733 20.102
  8    88.532 52502.08257077 17.34 304.827656 -27.865356  4.601
  8    87.186 52502.08257141 17.48 304.826796 -27.862076  4.601
  8    86.688 52502.08257206 17.13 304.825936 -27.858786  4.601
  8    86.274 52502.08257270 16.26 304.825076 -27.855506  4.601
  9   146.844 52537.08255361  4.21 304.837077 -27.878497  9.572
  9   146.212 52537.08255426  5.16 304.836217 -27.875217  9.572
  9   145.290 52537.08255490  6.51 304.835347 -27.871927  9.572
  9   119.416 52537.08255555 11.25 304.834487 -27.868647  9.572
  9    87.998 52537.08255748 33.72 304.831897 -27.858797  9.572
 10    86.615 52572.08259320 39.93 304.828984 -27.866491 16.903
 10    86.097 52572.08259384 41.03 304.828124 -27.863211 16.903
 10    85.771 52572.08259449 44.47 304.827254 -27.859921 16.903
 10    85.971 52572.08259513 42.43 304.826394 -27.856641 16.903
 11    92.238 52607.08254886 32.43 304.835370 -27.879033  7.309
 11    92.963 52607.08254950 38.60 304.834510 -27.875753  7.309
 11    93.106 52607.08255014 38.10 304.833652 -27.872471 21.703
 11    92.782 52607.08255079 37.56 304.832792 -27.869181 21.703
 11    92.536 52607.08255143 34.96 304.831922 -27.865901 21.703
 11    91.734 52607.08255208 36.58 304.831062 -27.862621 21.703
 11    92.706 52607.08255272 37.66 304.830202 -27.859341 21.703
 11    89.862 52607.08255337 36.50 304.829342 -27.856051 21.703
 12    81.368 52642.08254701 25.89 304.834497 -27.878546 17.488
 12    81.868 52642.08254765 29.28 304.833627 -27.875256 17.488
 12    82.027 52642.08254830 36.52 304.832767 -27.871976 17.488
 12    82.023 52642.08254894 42.38 304.831907 -27.868696 17.488
 12    81.995 52642.08254959 42.62 304.831047 -27.865416 17.488
 12    81.821 52642.08255023 48.88 304.830177 -27.862126 17.488
 12    81.651 52642.08255088 49.25 304.829317 -27.858846 17.488
 12    81.615 52642.08255152 47.18 304.828457 -27.855566 17.488
 13    80.033 52677.08253448 29.24 304.833354 -27.874925 18.636
 13    80.593 52677.08253513 32.77 304.832494 -27.871645 18.636
 13    81.040 52677.08253577 36.04 304.831634 -27.868355 18.636
 13    81.265 52677.08253642 41.40 304.830774 -27.865075 18.636
 13    81.085 52677.08253706 42.09 304.829914 -27.861795 18.636
 13    80.759 52677.08253770 43.67 304.829044 -27.858515 18.636
 13    80.648 52677.08253835 43.91 304.828184 -27.855225 18.636
 14    84.817 52712.08256591 41.23 304.833013 -27.874760 20.804
 14    84.580 52712.08256656 38.67 304.832143 -27.871480 20.804
 14    84.403 52712.08256720 40.74 304.831283 -27.868190 20.804
 14    84.315 52712.08256785 40.36 304.830423 -27.864910 20.804
 14    84.205 52712.08256849 40.25 304.829563 -27.861630 20.804
 14    83.360 52712.08256914 45.84 304.828703 -27.858350 20.804
 14    83.429 52712.08256978 42.73 304.827833 -27.855060 20.804
 15    80.428 52747.08259514 29.51 304.818631 -27.861507  9.538
 15    80.142 52747.08259579 31.27 304.817771 -27.858227  9.538
 15    80.194 52747.08259643 33.64 304.816911 -27.854937  9.538
 15    80.459 52747.08259708 44.33 304.816041 -27.851657  9.538
 16    85.612 52782.08253116 22.59 304.835051 -27.877211 16.390
 16    86.450 52782.08253180 23.89 304.834191 -27.873931 16.390
 16    86.866 52782.08253244 29.10 304.833321 -27.870641 16.390
 16    85.780 52782.08253309 35.55 304.832461 -27.867361 16.390
 16    86.164 52782.08253373 37.50 304.831601 -27.864081 16.390
 16    86.348 52782.08253438 36.91 304.830741 -27.860801 16.390
 16    84.730 52782.08253502 35.99 304.829871 -27.857511 16.390
 18    82.049 52852.08266065 44.04 304.836712 -27.879838 16.484
 18    82.642 52852.08266130 51.53 304.835852 -27.876558 16.484
 18    82.627 52852.08266194 50.90 304.834992 -27.873278 16.484
 18    82.168 52852.08266259 47.39 304.834132 -27.869998 16.484
 18    81.795 52852.08266323 46.64 304.833262 -27.866708 16.484
 18    81.569 52852.08266388 47.69 304.832402 -27.863428 16.484
 18    81.472 52852.08266452 44.45 304.831542 -27.860148 16.484
 18    81.441 52852.08266517 42.89 304.830682 -27.856868 16.484
 20    85.920 52922.08265260 24.24 304.828067 -27.866571 12.793
 20    86.857 52922.08265324 28.84 304.827197 -27.863291 12.793
 20    81.529 52922.08265389 35.01 304.826337 -27.860001 12.793
 20    85.872 52922.08265453 32.85 304.825477 -27.856721 12.793
 21    85.444 52957.08261400 36.99 304.843613 -27.884322 15.553
 21    70.688 52957.08261464 31.32 304.842753 -27.881042 15.553
 21    87.469 52957.08261529 20.23 304.841893 -27.877762 15.553
 21    87.027 52957.08261593 32.40 304.841023 -27.874472 15.553
 21    86.124 52957.08261658 37.28 304.840163 -27.871192 15.553
 21    81.884 52957.08261722 40.25 304.839303 -27.867912 15.553
 21    87.264 52957.08261787 32.88 304.838443 -27.864632 15.553
 22    88.064 52992.08263514 42.22 304.840137 -27.881571 22.639
 22    88.193 52992.08263578 43.05 304.839277 -27.878291 22.639
 22    87.894 52992.08263643 42.90 304.838417 -27.875011 22.639
 22    87.521 52992.08263707 43.91 304.837547 -27.871731 22.639
 22    87.489 52992.08263771 44.17 304.836687 -27.868441 22.639
 22    86.989 52992.08263836 44.11 304.835827 -27.865161 22.639
 22    86.964 52992.08263900 42.99 304.834967 -27.861881 22.639
 23    82.601 53027.08260155 46.72 304.838747 -27.880171 20.182
 23    82.497 53027.08260220 49.01 304.837877 -27.876891 20.182
 23    82.036 53027.08260284 48.35 304.837017 -27.873601 20.182
 23    81.767 53027.08260349 49.45 304.836157 -27.870321 20.182
 23    81.650 53027.08260413 49.45 304.835297 -27.867041 20.182
 23    81.648 53027.08260478 49.49 304.834437 -27.863761 20.182
 23    81.481 53027.08260542 46.69 304.833577 -27.860471 20.182
 23    81.123 53027.08260607 44.70 304.832707 -27.857191 20.182
 24    82.051 53062.08260978 40.58 304.842964 -27.884061 25.883
 24    82.749 53062.08261042 46.23 304.842104 -27.880771 25.883
 24    83.076 53062.08261107 36.10 304.841244 -27.877491 25.883
 24    82.574 53062.08261171 34.15 304.840384 -27.874211 25.883
 24    82.622 53062.08261236 36.68 304.839524 -27.870931 25.883
 24    82.709 53062.08261300 40.66 304.838654 -27.867641 25.883
 24    82.543 53062.08261365 41.18 304.837794 -27.864361 25.883
 25    80.417 53097.08263800 41.04 304.821013 -27.861143 15.816
 25    80.087 53097.08263864 45.08 304.820153 -27.857853 15.816
 25    79.988 53097.08263929 48.49 304.819293 -27.854573 15.816
 26    84.159 53132.08260619 38.27 304.845905 -27.885261 15.417
 26    83.193 53132.08260684 44.89 304.845038 -27.881973 15.394
 26    83.205 53132.08260748 44.22 304.844178 -27.878693 15.394
 26    83.747 53132.08260813 42.08 304.843318 -27.875413 15.394
 26    83.763 53132.08260877 43.62 304.842448 -27.872133 15.394
 26    83.386 53132.08260942 46.36 304.841588 -27.868843 15.394
 28    83.067 53202.08268812 18.09 304.830704 -27.869235  5.620
 28    83.059 53202.08268876 18.17 304.829834 -27.865945  5.620
 28    83.128 53202.08268941 19.02 304.828974 -27.862665  5.620
 28    83.341 53202.08269005 18.01 304.828114 -27.859385  5.620
 28    83.909 53202.08269070 20.62 304.827254 -27.856105  5.620
 29    81.871 53237.08265412 40.56 304.840066 -27.882147 19.392
 29    82.340 53237.08265476 47.99 304.839206 -27.878867 19.392
 29    83.711 53237.08265541 45.59 304.838346 -27.875577 19.392
 29    83.765 53237.08265605 44.50 304.837486 -27.872297 19.392
 29    83.554 53237.08265670 45.69 304.836626 -27.869017 19.392
 29    83.658 53237.08265734 46.19 304.835756 -27.865737 19.392
 30    91.363 53272.08261094 36.53 304.842266 -27.882899 20.128
 30    92.827 53272.08261159 35.99 304.841396 -27.879619 20.128
 30    91.845 53272.08261223 34.27 304.840536 -27.876339 20.128
 30    90.177 53272.08261288 35.14 304.839676 -27.873059 20.128
 30    92.586 53272.08261352 35.79 304.838806 -27.869769 20.128
 30    92.083 53272.08261417 35.43 304.837946 -27.866489 20.128
 30    91.736 53272.08261481 36.11 304.837086 -27.863209 20.128
 31    82.969 53307.08267948 48.44 304.825715 -27.864450 17.390
 31    82.767 53307.08268012 49.87 304.824845 -27.861160 17.390
 31    82.795 53307.08268077 50.35 304.823985 -27.857880 17.390
 31    82.766 53307.08268141 45.86 304.823125 -27.854600 17.390
 32    81.747 53342.08264640 47.92 304.828444 -27.865149 17.908
 32    81.483 53342.08264705 43.58 304.827574 -27.861869 17.908
 32    81.035 53342.08264769 48.30 304.826714 -27.858579 17.908
 32    80.982 53342.08264834 47.83 304.825854 -27.855299 17.908
 35    82.847 53447.08260316 44.57 304.838415 -27.879388 16.590
 35    82.954 53447.08260381 43.13 304.837555 -27.876108 16.590
 35    83.863 53447.08260445 42.73 304.836685 -27.872818 16.590
 35    83.523 53447.08260510 43.33 304.835825 -27.869538 16.590
 35    83.440 53447.08260574 44.21 304.834965 -27.866258 16.590
 35    82.100 53447.08260638 42.42 304.834105 -27.862978 16.590
 37    89.273 53517.08269199 35.66 304.833020 -27.875086 16.006
 37    81.795 53517.08269263 40.69 304.832160 -27.871806 16.006
 37    88.519 53517.08269328 38.47 304.831300 -27.868526 16.006
 37    88.508 53517.08269392 37.63 304.830430 -27.865246 16.006
 37    88.762 53517.08269457 40.40 304.829570 -27.861956 16.006
 37    86.470 53517.08269521 42.59 304.828710 -27.858676 16.006
 37    86.578 53517.08269586 39.26 304.827850 -27.855396 16.006
 39    82.148 53587.08266550 46.58 304.836118 -27.878707 18.893
 39    82.096 53587.08266614 53.06 304.835258 -27.875427 18.893
 39    82.046 53587.08266679 49.80 304.834398 -27.872147 18.893
 39    81.794 53587.08266743 49.66 304.833538 -27.868857 18.893
 39    81.658 53587.08266808 46.83 304.832678 -27.865577 18.893
 39    81.528 53587.08266872 45.41 304.831818 -27.862297 18.893
 39    81.412 53587.08266937 44.00 304.830948 -27.859017 18.893
 39    81.001 53587.08267001 43.45 304.830088 -27.855727 18.893
 40    84.553 53622.08263425 41.94 304.827721 -27.865149 16.447
 40    84.871 53622.08263489 43.88 304.826851 -27.861869 16.447
 40    84.423 53622.08263554 46.61 304.825993 -27.858580 11.145
 40    84.155 53622.08263618 42.82 304.825133 -27.855300 11.145
 41    84.701 53657.08266007 38.94 304.833183 -27.875565 19.344
 41    83.584 53657.08266071 42.99 304.832323 -27.872285 19.344
 41    84.393 53657.08266136 42.19 304.831463 -27.869005 19.344
 41    84.073 53657.08266200 42.70 304.830593 -27.865715 19.344
 41    84.065 53657.08266265 41.07 304.829733 -27.862435 19.344
 41    83.674 53657.08266329 44.65 304.828873 -27.859155 19.344
 41    83.756 53657.08266394 42.87 304.828013 -27.855875 19.344
 42    81.296 53692.08264778 33.76 304.827449 -27.864682 13.864
 42    81.306 53692.08264842 36.58 304.826579 -27.861402 13.864
 42    80.860 53692.08264907 41.19 304.825719 -27.858112 13.864
 42    81.004 53692.08264971 42.33 304.824859 -27.854832 13.864
 43    80.843 53727.08257053 44.71 304.830434 -27.868670 16.639
 43    81.572 53727.08257117 48.48 304.829574 -27.865380 16.639
 43    81.315 53727.08257182 42.34 304.828714 -27.862100 16.639
 43    80.849 53727.08257246 43.23 304.827844 -27.858820 16.639
 43    80.440 53727.08257311 42.81 304.826984 -27.855530 16.639
 44    85.037 53762.08252075 18.26 304.845406 -27.883756 12.787
 44    86.952 53762.08252140 28.95 304.844546 -27.880476 12.787
 44    87.393 53762.08252204 34.66 304.843676 -27.877186 12.787
 44    87.412 53762.08252269 39.02 304.842816 -27.873906 12.787
 44    85.946 53762.08252333 45.05 304.841956 -27.870626 12.787
 45    85.192 53797.08253433 15.10 304.835715 -27.879086 12.405
 45    86.039 53797.08253497 17.64 304.834855 -27.875806 12.405
 45    85.401 53797.08253562 18.85 304.833995 -27.872526 12.405
 45    85.629 53797.08253626 21.76 304.833135 -27.869236 12.405
 45    86.973 53797.08253690 25.27 304.832275 -27.865956 12.405
 45    85.932 53797.08253755 27.55 304.831405 -27.862676 12.405
 45    84.465 53797.08253819 30.23 304.830545 -27.859386 12.405
 45    84.959 53797.08253884 29.99 304.829685 -27.856106 12.405
 47    81.108 53867.08259423 39.73 304.831773 -27.872566 20.034
 47    80.495 53867.08259487 45.91 304.830913 -27.869286 20.034
 47    80.812 53867.08259551 48.73 304.830053 -27.866006 20.034
 47    80.644 53867.08259616 44.16 304.829183 -27.862726 20.034
 47    80.399 53867.08259680 46.12 304.828323 -27.859436 20.034
 47    80.021 53867.08259745 44.57 304.827463 -27.856156 20.034
 48   100.667 53902.08262396 16.15 304.831762 -27.873670 12.069
 48    81.228 53902.08262525 18.30 304.830042 -27.867100 12.069
 48    81.825 53902.08262589 18.95 304.829182 -27.863820 12.069
 48    81.436 53902.08262654 22.73 304.828312 -27.860540 12.069
 48    81.370 53902.08262718 26.85 304.827452 -27.857250 12.069
 49    80.283 53937.08266544 41.20 304.819012 -27.860358 12.944
 49    80.002 53937.08266609 39.74 304.818152 -27.857078 12.944
 49    79.995 53937.08266673 48.26 304.817282 -27.853798 12.944
 50    81.591 53972.08262910 38.99 304.824593 -27.864694 13.861
 50    81.303 53972.08262975 42.69 304.823733 -27.861414 13.861
 50    80.740 53972.08263039 43.32 304.822873 -27.858134 13.861
 50    80.717 53972.08263104 47.94 304.822013 -27.854844 13.861
 53    80.194 54077.08263071 27.35 304.832033 -27.874360  3.870
 53    80.888 54077.08263200 30.90 304.830305 -27.867798 17.672
 53    81.180 54077.08263265 36.53 304.829445 -27.864518 17.672
 53    81.135 54077.08263329 40.08 304.828585 -27.861238 17.672
 53    80.868 54077.08263394 45.71 304.827725 -27.857948 17.672
 53    80.856 54077.08263458 45.61 304.826865 -27.854668 17.672
 56    81.970 54182.08256070 42.33 304.826639 -27.863984 11.929
 56    81.667 54182.08256134 43.50 304.825779 -27.860704 11.929
 56    81.327 54182.08256199 46.46 304.824919 -27.857414 11.929
 56    81.384 54182.08256263 48.49 304.824059 -27.854134 11.929
 57    88.204 54217.08258120 39.87 304.833803 -27.875690 11.263
 57    87.465 54217.08258184 40.20 304.832943 -27.872410 11.263
 57    88.462 54217.08258249 38.43 304.832083 -27.869130 11.263
 57    87.085 54217.08258313 39.81 304.831223 -27.865850 11.263
 57    87.906 54217.08258378 39.12 304.830363 -27.862560 11.263
 57    87.382 54217.08258442 41.17 304.829493 -27.859280 11.263
 57    86.416 54217.08258507 39.67 304.828633 -27.856000 11.263
 58    83.082 54252.08260852 41.38 304.831914 -27.872398 17.050
 58    84.935 54252.08260916 40.93 304.831054 -27.869118 17.050
 58    84.049 54252.08260981 43.63 304.830194 -27.865828 17.050
 58    84.231 54252.08261045 41.04 304.829324 -27.862548 17.050
 58    83.903 54252.08261110 44.13 304.828464 -27.859268 17.050
 59    81.310 54287.08261232 22.69 304.835139 -27.879307 13.686
 59    80.929 54287.08261297 24.76 304.834269 -27.876017 13.686
 59    80.759 54287.08261361 27.05 304.833409 -27.872737 13.686
 59    80.878 54287.08261425 31.42 304.832549 -27.869457 13.686
 59    81.203 54287.08261490 33.84 304.831689 -27.866177 13.686
 59    81.322 54287.08261554 37.92 304.830829 -27.862887 13.686
 59    81.189 54287.08261619 41.02 304.829959 -27.859607 13.686
 59    80.982 54287.08261683 44.58 304.829099 -27.856327 13.686
 60    84.247 54322.08260940 37.57 304.835071 -27.877165 12.003
 60    88.131 54322.08261005 30.54 304.834201 -27.873875 12.003
 60    88.359 54322.08261069 33.63 304.833341 -27.870595 12.003
 60    87.248 54322.08261134 35.96 304.832481 -27.867315 12.003
 60    87.488 54322.08261198 37.44 304.831621 -27.864035 12.003
 60    87.136 54322.08261263 38.46 304.830761 -27.860745 12.003
 60    86.601 54322.08261327 39.52 304.829891 -27.857465 12.003
 61    82.321 54357.08257097 43.24 304.828769 -27.865582 17.984
 61    83.498 54357.08257161 38.18 304.827909 -27.862302 17.984
 61    83.058 54357.08257225 38.97 304.827049 -27.859012 17.984
 61    83.060 54357.08257290 38.72 304.826189 -27.855732 17.984
 62    92.354 54392.08254989 37.86 304.834987 -27.877553 18.394
 62    91.301 54392.08255054 40.12 304.834127 -27.874273 18.394
 62    90.541 54392.08255118 40.25 304.833267 -27.870993 18.394
 62    89.420 54392.08255183 40.91 304.832407 -27.867703 18.394
 62    90.933 54392.08255247 39.68 304.831537 -27.864423 18.394
 62    89.941 54392.08255312 43.08 304.830677 -27.861143 18.394
 62    89.559 54392.08255376 40.64 304.829817 -27.857863 18.394
 63    84.017 54427.08251859 40.20 304.833589 -27.876911 26.115
 63    84.326 54427.08251924 43.30 304.832729 -27.873631 26.115
 63    84.064 54427.08251988 40.32 304.831869 -27.870351 26.115
 63    84.093 54427.08252053 44.11 304.831009 -27.867071 26.115
 63    83.543 54427.08252117 43.29 304.830139 -27.863781 26.115
 63    83.360 54427.08252181 45.41 304.829279 -27.860501 26.115
 63    83.596 54427.08252246 45.91 304.828419 -27.857221 26.115
 64    83.325 54462.08252710 44.26 304.836872 -27.878832 14.547
 64    83.019 54462.08252774 43.74 304.836012 -27.875552 14.547
 64    83.420 54462.08252839 43.52 304.835152 -27.872272 14.547
 64    83.344 54462.08252903 44.40 304.834282 -27.868982 14.547
 65    82.008 54497.08252646 22.13 304.833808 -27.877030  8.598
 65    82.952 54497.08252710 23.00 304.832948 -27.873740  8.598
 65    84.182 54497.08252775 25.54 304.832088 -27.870460  8.598
 66    81.803 54532.08254012 48.01 304.837132 -27.878411 26.494
 66    81.420 54532.08254077 41.95 304.836272 -27.875131 26.494
 66    80.935 54532.08254141 37.74 304.835412 -27.871851 26.494
 66    81.002 54532.08254206 42.68 304.834542 -27.868561 26.494
 66    80.964 54532.08254270 45.69 304.833682 -27.865281 26.494
 66    80.845 54532.08254335 47.69 304.832822 -27.862001 26.494
 66    80.634 54532.08254399 44.12 304.831962 -27.858721 26.494
 67    81.130 54567.08253392 49.19 304.828244 -27.865334 17.271
 67    80.799 54567.08253457 45.69 304.827384 -27.862054 17.271
 67    80.559 54567.08253521 45.15 304.826524 -27.858774 17.271
 67    80.033 54567.08253586 43.45 304.825664 -27.855494 17.271
 68    82.302 54602.08253695 47.20 304.833400 -27.874994 15.128
 68    82.257 54602.08253760 51.18 304.832540 -27.871714 15.128
 68    81.758 54602.08253824 49.16 304.831670 -27.868434 15.128
 68    81.804 54602.08253889 45.35 304.830810 -27.865154 15.128
 68    81.456 54602.08253953 42.01 304.829950 -27.861864 15.128
 68    81.103 54602.08254018 43.56 304.829090 -27.858584 15.128
 68    80.957 54602.08254082 43.49 304.828230 -27.855304 15.128
 69    84.711 54637.08254981 40.71 304.829488 -27.866373 21.044
 69    84.463 54637.08255045 38.81 304.828628 -27.863093 21.044
 69    84.488 54637.08255110 39.10 304.827768 -27.859813 21.044
 69    84.023 54637.08255174 40.95 304.826908 -27.856523 21.044
 71    87.969 54707.08251138 16.64 304.833096 -27.874953  8.602
 71    82.151 54707.08251202 22.49 304.832236 -27.871673  8.602
 71    98.238 54707.08251267 15.57 304.831376 -27.868393  8.602
 71   101.334 54707.08251331 14.92 304.830506 -27.865103  8.602
 71    88.455 54707.08251396 13.91 304.829646 -27.861823  8.602
 71    86.976 54707.08251460 15.27 304.828786 -27.858543  8.602
 71    85.931 54707.08251525 14.54 304.827926 -27.855263  8.602
 72   142.235 54742.08251607 10.91 304.834917 -27.877333 18.867
 72   142.777 54742.08251672 11.34 304.834057 -27.874053 18.867
 72   142.222 54742.08251736 10.99 304.833187 -27.870763 18.867
 72   142.358 54742.08251801  8.94 304.832327 -27.867483 18.867
 72    82.711 54742.08251994 39.01 304.829747 -27.857633 18.867
 73    88.891 54777.08249144 40.39 304.834648 -27.877431 16.180
 73    82.428 54777.08249209 44.35 304.833788 -27.874151 16.180
 73    89.336 54777.08249273 39.32 304.832928 -27.870871 16.180
 73    89.302 54777.08249337 38.19 304.832058 -27.867591 16.180
 73    89.501 54777.08249402 38.92 304.831198 -27.864301 16.180
 73    89.147 54777.08249466 39.38 304.830338 -27.861021 16.180
 73    88.078 54777.08249531 39.99 304.829478 -27.857741 16.180
 74   102.591 54812.08250861  8.81 304.836684 -27.878514  4.523
 74   102.124 54812.08250925  8.45 304.835824 -27.875234  4.523
 74   102.158 54812.08250990  8.90 304.834964 -27.871954  4.523
 74   100.847 54812.08251054  9.09 304.834104 -27.868674  4.523
 74    84.737 54812.08251118  9.51 304.833234 -27.865384  4.523
 74    84.459 54812.08251183  9.29 304.832374 -27.862104  4.523
 74    83.678 54812.08251247  8.62 304.831514 -27.858824  4.523
 75    81.859 54847.08249456 45.27 304.829716 -27.867034 16.191
 75    81.561 54847.08249520 45.40 304.828856 -27.863754 16.191
 75    81.191 54847.08249585 44.89 304.827996 -27.860474 16.191
 75    81.200 54847.08249649 47.01 304.827136 -27.857194 16.191
 76    84.390 54882.08251255 36.21 304.833749 -27.877031 19.787
 76    83.381 54882.08251319 43.72 304.832889 -27.873751 19.787
 76    84.184 54882.08251384 42.94 304.832019 -27.870461 19.787
 76    83.273 54882.08251448 44.70 304.831159 -27.867181 19.787
 76    83.900 54882.08251513 39.11 304.830299 -27.863901 19.787
 76    83.015 54882.08251577 37.69 304.829439 -27.860621 19.787
 76    83.429 54882.08251642 37.14 304.828569 -27.857331 19.787
 77    80.440 54917.08249729 34.06 304.825765 -27.864791 14.964
 77    80.724 54917.08249793 37.75 304.824905 -27.861511 14.964
 77    80.403 54917.08249858 35.65 304.824045 -27.858231 14.964
 77    79.868 54917.08249922 45.43 304.823185 -27.854951 14.964
 78    88.332 54952.08250698 13.05 304.832667 -27.874619 10.325
 78    91.164 54952.08250762 13.61 304.831807 -27.871339 10.325
 78    90.408 54952.08250827 15.41 304.830945 -27.868051 13.285
 78    90.155 54952.08250891 14.75 304.830085 -27.864771 13.285
 78    89.341 54952.08250955 21.35 304.829215 -27.861491 13.285
 78    88.764 54952.08251020 24.15 304.828355 -27.858211 13.285
 78    87.008 54952.08251084 29.96 304.827495 -27.854921 13.285
 79    89.379 54987.08253343 38.27 304.828780 -27.866076 20.050
 79    91.456 54987.08253408 35.26 304.827920 -27.862796 20.050
 79    86.715 54987.08253472 36.47 304.827050 -27.859506 20.050
 79    85.958 54987.08253537 38.47 304.826190 -27.856226 20.050
 80   149.996 55022.08252423 11.00 304.833266 -27.871695 11.110
 80    83.334 55022.08252681 41.08 304.829826 -27.858565 11.110
 80    82.600 55022.08252745 40.16 304.828966 -27.855275 11.110
 81    88.791 55057.08252027 38.05 304.832887 -27.874209 12.884
 81    88.427 55057.08252091 36.54 304.832027 -27.870929 12.884
 81    89.417 55057.08252156 38.80 304.831157 -27.867639 12.884
 81    89.188 55057.08252220 38.16 304.830297 -27.864359 12.884
 81    88.603 55057.08252285 38.93 304.829437 -27.861079 12.884
 81    83.696 55057.08252349 43.12 304.828577 -27.857799 12.884
 81    86.766 55057.08252414 36.93 304.827707 -27.854509 12.884
 82    84.353 55092.08247886 45.30 304.827547 -27.865502 12.177
 82    84.418 55092.08247951 44.71 304.826687 -27.862222 12.177
 83    84.228 55127.08245923 46.16 304.834551 -27.876386 24.983
 83    83.876 55127.08245988 46.93 304.833691 -27.873106 24.983
 83    84.191 55127.08246052 44.64 304.832821 -27.869816 24.983
 83    84.258 55127.08246117 42.91 304.831961 -27.866536 24.983
 83    84.205 55127.08246181 42.68 304.831101 -27.863256 24.983
 83    84.122 55127.08246246 45.09 304.830241 -27.859976 24.983
 83    83.264 55127.08246310 45.83 304.829371 -27.856686 24.983
 85   100.367 55197.08245025 12.11 304.835285 -27.877491  6.896
 85   100.020 55197.08245089 12.03 304.834415 -27.874211  6.896
 85   101.415 55197.08245154 12.14 304.833555 -27.870921  6.896
 85   100.195 55197.08245218 11.61 304.832695 -27.867641  6.896
 85    83.164 55197.08245283 10.62 304.831835 -27.864361  6.896
 85    82.623 55197.08245347 11.16 304.830975 -27.861081  6.896
 85    82.244 55197.08245412 12.98 304.830105 -27.857791  6.896
 86    81.805 55232.08244387 43.63 304.827306 -27.863981 16.178
 86    81.581 55232.08244451 42.89 304.826446 -27.860701 16.178
 86    81.196 55232.08244516 47.15 304.825586 -27.857421 16.178
 86    81.185 55232.08244580 46.91 304.824726 -27.854131 16.178
 87    81.559 55267.08244433 40.98 304.835146 -27.878021 20.292
 87    81.626 55267.08244497 44.85 304.834286 -27.874741 20.292
 87    81.839 55267.08244562 47.80 304.833426 -27.871461 20.292
 87    81.395 55267.08244626 47.51 304.832556 -27.868171 20.292
 87    81.366 55267.08244691 41.32 304.831696 -27.864891 20.292
 87    81.252 55267.08244755 46.57 304.830836 -27.861611 20.292
 87    81.074 55267.08244819 46.05 304.829976 -27.858331 20.292
 87    80.799 55267.08244884 43.46 304.829116 -27.855041 20.292
 88    81.452 55302.08242416 49.76 304.829246 -27.865546 19.602
 88    81.122 55302.08242480 44.25 304.828386 -27.862256 19.602
 88    80.761 55302.08242545 45.89 304.827526 -27.858976 19.602
 88    80.530 55302.08242609 45.05 304.826666 -27.855696 19.602
 89    90.334 55337.08242104 37.66 304.831844 -27.872984 20.003
 89    90.410 55337.08242168 38.16 304.830984 -27.869704 20.003
 89    89.939 55337.08242233 38.38 304.830124 -27.866424 20.003
 89    89.425 55337.08242297 42.12 304.829264 -27.863144 20.003
 89    89.312 55337.08242362 42.98 304.828404 -27.859854 20.003
 89    88.853 55337.08242426 41.34 304.827544 -27.856574 20.003
 90    90.830 55372.08240950 38.70 304.834316 -27.876653 24.914
 90    90.388 55372.08241014 38.92 304.833456 -27.873373 24.914
 90    91.690 55372.08241078 36.62 304.832596 -27.870093 24.914
 90    89.945 55372.08241143 38.96 304.831726 -27.866803 24.914
 90    92.224 55372.08241207 36.63 304.830866 -27.863523 24.914
 90    91.414 55372.08241272 38.44 304.830006 -27.860243 24.914
 90    91.846 55372.08241336 37.53 304.829146 -27.856963 24.914
 91    85.123 55407.08242855 39.07 304.837542 -27.880927 16.500
 91    85.029 55407.08242919 45.54 304.836682 -27.877647 16.500
 91    85.028 55407.08242984 44.08 304.835822 -27.874367 16.500
 91    85.062 55407.08243048 43.88 304.834962 -27.871087 16.500
 91    84.387 55407.08243113 43.49 304.834092 -27.867797 16.500
 91    85.362 55407.08243177 42.16 304.833232 -27.864517 16.500
 91    84.465 55407.08243242 43.31 304.832372 -27.861237 16.500
 91    84.143 55407.08243306 44.04 304.831512 -27.857957 16.500
 92    85.101 55442.08243077 41.68 304.831188 -27.867908 12.151
 92    82.336 55442.08243141 39.44 304.830328 -27.864628 12.151
 92    85.330 55442.08243205 36.49 304.829468 -27.861348 12.151
 92    85.953 55442.08243270 34.97 304.828608 -27.858068 12.151
 92    85.520 55442.08243334 33.12 304.827738 -27.854778 12.151
 93    91.243 55477.08237190 35.87 304.829483 -27.867456 21.042
 93    89.286 55477.08237255 35.83 304.828623 -27.864166 21.042
 93    89.557 55477.08237319 35.57 304.827763 -27.860886 21.042
 93    84.098 55477.08237384 39.66 304.826903 -27.857606 21.042
 93    83.524 55477.08237448 37.02 304.826043 -27.854326 21.042
