# NaN NaN NaN ;Mean Elev.(m), Avg Gradient(m/km), RMS Gradient(m/km) - SRTM1     
#   12.215   0.141   1.253 ;Mean Elev.(m), Avg Gradient(m/km), RMS Gradient(m/km) - ASTER GDEM
#    0.249   0.072   0.944 ;Mean Elev.(m), Avg Gradient(m/km), RMS Gradient(m/km) - GMTED2010 
  6 301.826978 -32.707172     2.988     2.943  7 52441.09361917 46.533
  7 301.830386 -32.702395     2.227     2.234  8 52476.09361687 21.269
 11 301.828437 -32.701740     5.516     5.511  8 52616.09358191 31.003
 19 301.831464 -32.699164     2.378     2.372  6 52896.09371752 26.442
 20 301.828402 -32.702609     1.969     1.950  9 52931.09366492 21.398
 22 301.828241 -32.702106     4.561     4.522  9 53001.09369169 34.324
 23 301.828655 -32.701106     2.509     2.512  8 53036.09364158 26.513
 25 301.827731 -32.702922     1.799     1.720  8 53106.09364203 18.046
 28 301.831428 -32.696899     1.380     1.391  5 53211.09372000 44.987
 36 301.828811 -32.702112     2.048     2.077  9 53491.09372853 52.536
 38 301.828005 -32.704360     2.346     2.354  9 53561.09373962 52.182
 41 301.831051 -32.699119     3.350     3.362  7 53666.09369609 28.417
 48 301.830647 -32.701578     2.014     2.036  8 53911.09366870 29.162
 49 301.827375 -32.707949     1.890     1.839  8 53946.09368622 24.191
 50 301.830900 -32.700679     2.203     2.154  7 53981.09363258 25.357
 54 301.829881 -32.701345     1.928     1.914  7 54121.09357153 46.109
 56 301.830958 -32.698392     3.396     3.403  7 54191.09356955 29.840
 61 301.830914 -32.698285     2.287     2.311  7 54366.09357623 21.851
 63 301.831248 -32.695467     2.135     2.136  4 54436.09353236 28.366
 65 301.831299 -32.695539     1.410     1.414  4 54506.09354535 23.900
 67 301.831496 -32.697203     1.708     1.688  5 54576.09354668 52.086
 71 301.831222 -32.695286     1.871     1.855  4 54716.09352444 27.478
 76 301.832074 -32.695853     1.400     1.400  2 54891.09354262 45.159
 77 301.830021 -32.700408     1.909     1.913  8 54926.09350697 19.150
 79 301.831684 -32.697265     1.024     1.013  4 54996.09356286 49.712
 82 301.829901 -32.702248     3.386     3.399  8 55101.09348318 27.748
 84 301.831941 -32.695446     7.083     7.083  2 55171.09345041 32.445
 86 301.831331 -32.700186     3.571     3.577  7 55241.09345541 28.871
 88 301.831645 -32.697517     2.229     2.220  5 55311.09344063 25.725
 93 301.831018 -32.696735     2.212     2.215  6 55486.09337214 26.676
