-195502.544   113.132     0.00   17.80
-195128.234   112.116    -2.71   17.07
-194753.908   109.975    -5.72   16.28
-194379.566   106.998    -7.95   12.75
-194005.210   105.835    -3.11    9.36
-193630.837   103.781    -5.49    8.53
-193256.450   100.150    -9.70   11.18
-192882.047    92.917   -19.32   11.31
-192507.628    87.293   -15.02    6.60
-192133.194    88.463     3.12    7.40
-191758.745    90.821     6.30    8.76
-191384.280    93.619     7.47   10.62
-191009.800    98.826    13.90   13.27
-190635.304   104.913    16.25   15.07
-190260.793   110.347    14.51   16.51
-189886.267   115.603    14.03   17.43
-189511.725   120.178    12.21   14.20
-189137.167   120.849     1.79   12.64
-188762.595   122.081     3.29   12.20
-188388.006   124.008     5.14   13.28
-188013.402   127.513     9.36   12.70
-187638.783   129.511     5.33   11.62
-187264.148   126.559    -7.88   11.16
-186889.498   121.806   -12.69   15.56
-186514.832   109.872   -31.85   21.45
-186140.151    98.757   -29.66   22.73
-185765.454    89.845   -23.78   21.22
-185390.742    84.672   -13.80   20.73
-185016.014    81.226    -9.20   21.96
-184641.271    75.583   -15.06   23.90
-184266.512    67.940   -20.39   20.95
-183891.738    63.230   -12.56   17.97
-183516.948    61.172    -5.49   12.47
-183142.143    64.106     7.83   15.43
-182767.322    72.417    22.17   22.70
-182392.486    74.154     4.63   23.74
-182017.634    72.678    -3.94   22.44
-181642.767    66.300   -17.01   16.17
-181267.884    66.606     0.82   15.08
-180892.985    72.392    15.43   14.78
-180518.071    80.951    22.83   11.89
-180143.142    85.882    13.15   12.24
-179768.196    87.349     3.91   13.16
-179393.236    87.916     1.51   14.81
-179018.259    91.535     9.65   20.80
-178643.268    92.001     1.24   23.48
-178268.260    98.303    16.80   29.45
-177893.237   104.858    17.48   28.80
-177518.199   105.281     1.13   24.66
-177143.145   110.998    15.24   21.93
-176768.075   110.277    -1.92   21.67
-176392.990   109.535    -1.98   19.21
-176017.889   119.821    27.42   21.91
-175642.772   134.789    39.90   31.18
-175267.640   150.735    42.50   31.96
-174892.493   165.951    40.55   25.93
-174517.329   176.998    29.44   22.97
-174142.151   189.249    32.65   20.23
-173766.956   197.226    21.26   13.54
-173391.746   199.821     6.92   10.13
-173016.520   196.868    -7.87   10.98
-172641.279   193.368    -9.33   11.94
-172266.022   187.393   -15.92   12.71
-171890.749   180.998   -17.04   12.96
-171515.461   171.742   -24.66   14.46
-171140.157   162.535   -24.53   14.02
-170764.838   154.672   -20.95   11.12
-170389.503   147.654   -18.70    8.64
-170014.152   144.868    -7.42    8.78
-169638.785   142.297    -6.85   10.29
-169263.403   139.515    -7.41   10.49
-168888.005   137.324    -5.84    9.87
-168512.592   138.340     2.71   10.80
-168137.163   141.559     8.57   12.31
-167761.718   148.773    19.21   14.36
-167386.257   154.789    16.02   13.88
-167010.781   157.297     6.68   12.35
-166635.289   158.318     2.72   13.78
-166259.782   160.235     5.11   12.51
-165884.258   160.903     1.78   10.68
-165508.719   160.417    -1.30    8.41
-165133.165   154.630   -15.41   11.26
-164757.594   145.415   -24.53   13.14
-164382.008   138.372   -18.75   12.71
-164006.407   131.286   -18.86   11.86
-163630.789   125.940   -14.23   11.31
-163255.156   124.510    -3.81   10.66
-162879.507   123.254    -3.34   10.79
-162503.842   119.894    -8.94   12.58
-162128.162   111.808   -21.52   14.81
-161752.466   102.917   -23.66   13.63
-161376.754    95.976   -18.47   12.04
-161001.026    91.626   -11.58   11.45
-160625.283    87.649   -10.58   12.50
-160249.524    84.172    -9.25   13.12
-159873.749    82.781    -3.70   13.40
-159497.958    83.491     1.89   13.09
-159122.152    87.649    11.06   12.15
-158746.330    89.091     3.84    9.04
-158370.492    87.370    -4.58   10.32
-157994.638    79.076   -22.06   13.66
-157618.769    69.835   -24.58   11.03
-157242.883    66.417    -9.09    9.43
-156866.982    68.511     5.57   14.00
-156491.065    72.576    10.81   18.36
-156115.133    77.630    13.44   19.10
-155739.184    82.594    13.20   16.66
-155363.220    88.940    16.88   17.21
-154987.240    95.619    17.76   15.24
-154611.244   101.130    14.66   10.54
-154235.233   102.235     2.94    8.90
-153859.205    97.178   -13.45   11.39
-153483.162    90.099   -18.82   10.59
-153107.103    88.071    -5.39   10.73
-152731.028    91.167     8.23   11.96
-152354.937    95.184    10.68   10.65
-151978.830    95.985     2.13    8.04
-151602.708    95.393    -1.57    6.70
-151226.570    93.978    -3.76    5.96
-150850.415    90.008   -10.55    9.48
-150474.245    81.517   -22.57   12.45
-150098.059    71.603   -26.35   14.17
-149721.858    59.508   -32.15   14.14
-149345.640    50.765   -23.24   11.93
-148969.407    41.463   -24.72    8.61
-148593.157    34.835   -17.61    6.86
-148216.892    30.508   -11.50    5.56
-147840.611    27.533    -7.91    2.14
-147464.314    26.440    -2.90    0.00
-147088.001    26.440     0.00    0.00
-146711.673    26.440     0.00    0.00
-146335.328    26.440     0.00    0.00
-145958.967    26.440     0.00    0.00
-145582.591    26.440     0.00    0.00
-145206.199    27.510     2.84    3.07
-144829.790    29.517     5.33    5.42
-144453.366    31.235     4.56    5.61
-144076.926    31.598     0.96    3.84
-143700.470    37.226    14.95   10.55
-143323.998    42.091    12.92   13.35
-142947.510    48.702    17.56   15.55
-142571.006    51.894     8.48   15.41
-142194.487    49.004    -7.68   16.21
-141817.951    43.826   -13.75   14.52
-141441.399    37.300   -17.33    8.55
-141064.832    36.254    -2.78    6.18
-140688.248    38.765     6.67    8.04
-140311.649    43.645    12.96    9.09
-139935.033    46.508     7.60    9.44
-139558.402    44.391    -5.62    9.88
-139181.755    38.277   -16.23    9.31
-138805.091    32.858   -14.38    5.71
-138428.412    31.537    -3.51    3.32
-138051.717    34.735     8.49    8.05
-137675.005    40.387    15.00   11.27
-137298.278    48.803    22.34   14.60
-136921.535    57.603    23.35   13.37
-136544.775    66.068    22.47   12.66
-136168.000    73.161    18.82   12.06
-135791.209    76.465     8.77   10.40
-135414.402    74.803    -4.41   10.82
-135037.578    68.702   -16.19   12.60
-134663.325    63.998   -12.57   11.64
-134289.645    61.606    -6.40   11.26
-133915.949    64.415     7.52   10.08
-133542.237    67.372     7.91    7.82
-133168.510    68.830     3.90    6.76
-132794.767    63.987   -12.96   10.90
-132421.008    56.559   -19.87   11.66
-132047.233    49.511   -18.85   10.81
-131673.443    46.083    -9.17    8.85
-131299.637    49.415     8.91   11.47
-130925.815    55.963    17.51   14.41
-130551.978    61.830    15.69   15.64
-130178.124    64.553     7.28   16.30
-129804.255    63.729    -2.21   18.98
-129430.370    59.868   -10.32   17.33
-129056.469    58.249    -4.33   15.59
-128682.553    55.068    -8.51   12.15
-128308.620    55.226     0.42   10.37
-127934.672    59.654    11.84   12.94
-127560.708    69.511    26.36   17.39
-127186.728    79.579    26.92   13.72
-126812.733    86.463    18.40   11.02
-126438.721    92.417    15.92   10.10
-126064.694    95.137     7.27    9.43
-125690.651    97.583     6.54    8.50
-125316.592    97.254    -0.88    8.92
-124942.518    91.583   -15.16   14.44
-124568.427    84.672   -18.47   17.01
-124194.321    82.258    -6.45   16.41
-123820.198    82.882     1.67   14.01
-123446.060    88.122    14.00   13.16
-123071.906    92.696    12.22   10.40
-122697.737    93.535     2.24   11.36
-122323.551    89.511   -10.75   12.43
-121949.350    84.672   -12.93   11.67
-121575.132    79.083   -14.94   11.25
-121200.899    76.035    -8.14   13.62
-120826.650    73.303    -7.30   14.96
-120452.385    68.905   -11.75   15.30
-120078.104    66.391    -6.72   12.73
-119703.807    65.106    -3.43   10.96
-119329.495    63.487    -4.32   11.24
-118955.166    64.130     1.72   10.57
-118580.822    64.249     0.32   10.54
-118206.462    67.011     7.38   11.93
-117832.085    67.630     1.65   10.48
-117457.693    68.025     1.05   10.39
-117083.285    68.872     2.26   11.28
-116708.861    70.367     3.99   10.72
-116334.421    73.392     8.08   11.46
-115959.966    79.649    16.71   13.11
-115585.494    86.821    19.15   13.57
-115211.006    92.667    15.61   13.98
-114836.503    97.876    13.91   12.95
-114461.983   100.303     6.48   13.28
-114087.448   105.011    12.57   11.82
-113712.896   107.533     6.73   11.80
-113338.329   112.626    13.60   11.46
-112963.745   115.690     8.18   10.51
-112589.146   119.485    10.13   11.08
-112214.531   124.106    12.33   10.53
-111839.900   127.905    10.14   10.38
-111465.253   130.510     6.95   13.00
-111090.589   134.905    11.73   14.56
-110715.910   138.826    10.46   13.72
-110341.215   140.887     5.50   11.46
-109966.504   140.122    -2.04   10.88
-109591.777   134.916   -13.89   11.89
-109217.034   131.235    -9.82   11.13
-108842.275   130.044    -3.18   10.47
-108467.500   126.615    -9.15    9.56
-108092.709   119.713   -18.41   10.85
-107717.902   111.414   -22.14   12.00
-107343.078   105.076   -16.91   11.80
-106968.239    97.277   -20.80   11.12
-106593.384    92.758   -12.05   10.85
-106218.513    87.644   -13.64    8.57
-105843.626    84.055    -9.57    7.38
-105468.723    81.258    -7.46    5.77
-105093.803    80.903    -0.95    6.65
-104718.868    80.812    -0.24    7.94
-104343.917    83.690     7.67    8.67
-103968.949    86.615     7.80   10.26
-103593.966    91.440    12.87   13.38
-103218.966    95.966    12.07   13.90
-102843.951    94.372    -4.25   14.72
-102468.919    92.696    -4.47   14.35
-102093.871    89.789    -7.75   10.84
-101718.808    90.463     1.80   10.61
-101343.728    91.158     1.85    7.54
-100968.632    96.485    14.20   11.29
-100593.520   103.065    17.54   13.20
-100218.392   112.021    23.87   13.77
 -99843.247   120.579    22.81   12.70
 -99468.087   126.368    15.43   10.10
 -99092.911   127.008     1.70   10.20
 -98717.718   122.645   -11.63   11.81
 -98342.510   118.326   -11.51   10.93
 -97967.285   114.821    -9.34    9.70
 -97592.044   112.812    -5.35   11.39
 -97216.787   112.249    -1.50   12.15
 -96841.514   110.732    -4.04   11.78
 -96466.225   111.235     1.34   10.53
 -96090.920   113.140     5.07    9.54
 -95715.598   115.998     7.61    9.93
 -95340.260   119.533     9.42    7.77
 -94964.907   122.940     9.08    7.91
 -94589.537   127.858    13.10    6.87
 -94214.151   127.940     0.22    6.55
 -93838.749   126.553    -3.69    8.24
 -93463.330   126.025    -1.41    8.96
 -93087.896   124.882    -3.05    8.19
 -92712.445   127.940     8.14   11.70
 -92336.978   130.562     6.98   13.72
 -91961.495   134.576    10.69   15.13
 -91585.996   132.123    -6.53   14.56
 -91210.480   126.556   -14.82   16.62
 -90834.949   121.556   -13.31   18.85
 -90459.401   118.835    -7.24   20.15
 -90083.837   115.130    -9.86   23.00
 -89708.257   106.579   -22.77   22.14
 -89332.661   101.672   -13.06   16.56
 -88957.048    98.273    -9.05   10.45
 -88581.419   102.463    11.15   10.91
 -88205.774   107.392    13.12    9.15
 -87830.113   110.106     7.22    9.85
 -87454.436   111.207     2.93   12.65
 -87078.742   108.202    -8.00   14.57
 -86703.032   100.122   -21.50   16.51
 -86327.306    91.649   -22.55   16.95
 -85951.563    85.882   -15.35   15.41
 -85575.805    81.749   -11.00   15.50
 -85200.030    77.300   -11.84   15.69
 -84824.239    69.765   -20.05   12.51
 -84448.431    65.154   -12.27    6.95
 -84072.608    70.556    14.37   11.84
 -83696.768    77.114    17.45   12.20
 -83320.912    83.417    16.77    9.84
 -82945.039    88.998    14.85    7.42
 -82569.151    91.964     7.89    6.84
 -82193.246    93.372     3.75    6.38
 -81817.324    91.928    -3.84    9.16
 -81441.387    88.579    -8.91   12.19
 -81065.433    84.417   -11.07   13.89
 -80689.463    78.719   -15.15   15.16
 -80313.477    69.068   -25.67   14.71
 -79937.474    63.892   -13.76   12.86
 -79561.455    62.510    -3.68   11.11
 -79185.419    64.393     5.01   10.40
 -78809.368    66.207     4.82    8.69
 -78433.300    66.370     0.43    7.50
 -78057.215    62.603   -10.02    8.31
 -77681.115    60.985    -4.30    8.40
 -77304.998    62.533     4.11   10.26
 -76928.865    68.230    15.15   10.21
 -76552.715    75.599    19.59    8.32
 -76176.549    80.440    12.87    8.85
 -75800.367    85.868    14.43    8.97
 -75424.168    91.464    14.87    8.93
 -75047.953    98.021    17.43   10.54
 -74671.722   104.021    15.95   11.13
 -74295.474   104.905     2.35   11.43
 -73919.210   104.735    -0.45   12.27
 -73542.929   103.998    -1.96   11.95
 -73166.632   107.161     8.40   12.89
 -72790.319   113.835    17.74   10.76
 -72413.990   118.463    12.30    6.12
 -72037.644   120.486     5.38    5.12
 -71661.281   118.928    -4.14    6.17
 -71284.902   114.511   -11.73    7.69
 -70908.507   110.559   -10.50    9.70
 -70532.096   109.626    -2.48    7.77
 -70155.668   108.076    -4.12    7.67
 -69779.223   104.928    -8.36   10.92
 -69402.762    99.303   -14.94   11.77
 -69026.285    92.324   -18.54   10.92
 -68649.791    88.167   -11.04    8.31
 -68273.281    88.114    -0.14    8.77
 -67896.755    86.765    -3.58    7.26
 -67520.212    87.440     1.79    7.45
 -67143.652    84.137    -8.77    9.55
 -66767.077    78.321   -15.45   12.34
 -66390.484    71.368   -18.46   12.37
 -66013.876    63.510   -20.87   12.42
 -65637.250    56.849   -17.68   10.08
 -65260.609    54.789    -5.47    7.20
 -64883.951    54.114    -1.79    7.32
 -64507.276    56.249     5.67    8.45
 -64130.585    58.985     7.26   10.25
 -63753.878    60.826     4.89   11.05
 -63377.153    63.845     8.01    9.75
 -63000.413    64.240     1.05    8.87
 -62623.656    63.765    -1.26    6.40
 -62246.883    63.773     0.02    7.10
 -61870.093    66.726     7.84    9.45
 -61493.286    74.417    20.41   12.57
 -61116.463    81.719    19.38   12.48
 -60739.624    85.230     9.32    9.05
 -60362.768    86.603     3.64    6.61
 -59986.789    84.928    -4.45    6.35
 -59613.178    83.372    -4.16    4.81
 -59239.551    81.803    -4.20    4.64
 -58865.908    79.416    -6.39    5.63
 -58492.248    76.765    -7.09    6.24
 -58118.572    71.835   -13.19    7.10
 -57744.880    67.951   -10.39    9.88
 -57371.172    62.654   -14.17   12.57
 -56997.447    57.074   -14.93   13.93
 -56623.707    52.373   -12.58   14.28
 -56249.950    47.207   -13.82   11.99
 -55876.176    43.667    -9.47    9.90
 -55502.387    41.417    -6.02    9.03
 -55128.581    39.826    -4.25    7.90
 -54754.759    40.008     0.49    7.76
 -54380.920    37.719    -6.12    7.40
 -54007.066    35.882    -4.91    7.90
 -53633.195    32.872    -8.05    7.26
 -53259.308    29.951    -7.81    5.93
 -52885.404    27.849    -5.62    3.52
 -52511.484    28.742     2.39    5.80
 -52137.548    31.416     7.15    7.22
 -51763.596    36.235    12.89    8.39
 -51389.627    42.672    17.21    8.27
 -51015.642    48.076    14.45    7.62
 -50641.641    53.510    14.53    6.31
 -50267.623    56.230     7.27    4.92
 -49893.589    55.622    -1.63    6.12
 -49519.539    54.392    -3.29    7.63
 -49145.472    54.207    -0.49    7.54
 -48771.389    54.417     0.56    5.89
 -48397.290    54.835     1.12    4.28
 -48023.175    53.417    -3.79    5.54
 -47649.043    50.258    -8.44    6.90
 -47274.894    45.940   -11.54    7.87
 -46900.730    41.990   -10.56    7.40
 -46526.549    38.531    -9.24    6.42
 -46152.351    35.390    -8.39    4.71
 -45778.138    34.226    -3.11    3.14
 -45403.907    34.987     2.04    3.63
 -45029.661    37.207     5.93    4.56
 -44655.398    40.531     8.88    4.09
 -44281.119    43.840     8.84    4.39
 -43906.823    49.644    15.51   10.21
 -43532.511    54.098    11.90   10.76
 -43158.183    56.106     5.36   10.39
 -42783.838    56.370     0.70   10.82
 -42409.477    54.368    -5.35    9.50
 -42035.099    51.031    -8.91   10.25
 -41660.705    47.594    -9.18   10.42
 -41286.295    44.485    -8.30   10.42
 -40911.868    40.391   -10.93   10.94
 -40537.425    35.370   -13.41   11.40
 -40162.965    29.579   -15.46    8.62
 -39788.489    27.172    -6.43    7.80
 -39413.997    27.122    -0.13    9.57
 -39039.488    25.235    -5.04    9.28
 -38664.962    22.644    -6.92    7.83
 -38290.421    19.649    -8.00    3.31
 -37915.862    19.114    -1.43    4.10
 -37541.288    18.719    -1.06    4.12
 -37166.696    18.004    -1.91    2.12
 -36792.089    17.417    -1.57    2.15
 -36417.465    16.722    -1.86    1.69
 -36042.824    16.579    -0.38    2.42
 -35668.167    17.122     1.45    4.59
 -35293.493    17.765     1.72    5.43
 -34918.803    16.872    -2.39    5.07
 -34544.097    15.492    -3.68    3.39
 -34169.374    15.576     0.22    2.43
 -33794.634    18.277     7.21    5.93
 -33419.878    23.713    14.50    8.46
 -33045.106    29.667    15.89    8.25
 -32670.317    33.765    10.93    5.80
 -32295.511    33.940     0.47    6.64
 -31920.689    33.861    -0.21    6.84
 -31545.851    32.463    -3.73    6.29
 -31170.996    32.114    -0.93    5.10
 -30796.124    33.735     4.32    3.96
 -30421.236    35.579     4.92    3.46
 -30046.332    36.312     1.95    2.12
 -29671.411    36.235    -0.20    1.72
 -29296.473    35.586    -1.73    1.77
 -28921.519    34.508    -2.88    2.35
 -28546.548    33.579    -2.48    2.63
 -28171.560    32.928    -1.74    2.59
 -27796.557    32.758    -0.45    2.64
 -27421.536    31.927    -2.22    3.43
 -27046.499    30.213    -4.57    4.70
 -26671.445    27.297    -7.77    5.05
 -26296.375    24.349    -7.86    5.23
 -25921.289    21.508    -7.57    4.70
 -25546.185    19.165    -6.25    3.70
 -25171.065    17.281    -5.02    2.28
 -24795.929    16.965    -0.84    2.39
 -24420.776    17.531     1.51    3.51
 -24045.606    18.114     1.56    3.97
 -23670.420    16.696    -3.78    4.90
 -23295.217    14.114    -6.88    4.87
 -22919.997    11.901    -5.90    3.01
 -22544.761    11.303    -1.59    2.52
 -22169.508    11.659     0.95    3.29
 -21794.239    12.324     1.77    3.88
 -21418.953    12.393     0.19    4.05
 -21043.650    11.702    -1.84    3.83
 -20668.331    10.599    -2.94    3.06
 -20292.995    10.183    -1.11    2.00
 -19917.643    11.190     2.68    2.82
 -19542.273    13.035     4.92    3.71
 -19166.888    14.812     4.73    3.82
 -18791.485    16.630     4.84    2.97
 -18416.066    18.081     3.86    3.12
 -18040.630    21.031     7.86    5.82
 -17665.178    25.240    11.21    6.09
 -17289.709    28.849     9.61    5.38
 -16914.223    32.440     9.56    4.11
 -16538.720    33.951     4.03    3.49
 -16163.201    33.803    -0.39    4.19
 -15787.665    31.773    -5.41    5.31
 -15412.113    27.940   -10.21    5.89
 -15036.543    24.821    -8.30    4.79
 -14660.957    21.719    -8.26    4.48
 -14285.355    19.531    -5.83    3.73
 -13909.735    18.489    -2.77    3.20
 -13534.099    19.326     2.23    3.83
 -13158.446    20.515     3.16    3.80
 -12782.777    22.167     4.40    2.60
 -12407.091    21.882    -0.76    3.03
 -12031.388    21.114    -2.04    3.40
 -11655.668    20.487    -1.67    3.00
 -11279.931    20.594     0.28    2.84
 -10904.178    21.463     2.31    2.45
 -10528.408    23.140     4.46    2.20
 -10152.622    24.742     4.26    2.82
  -9776.818    24.894     0.41    3.06
  -9400.998    24.868    -0.07    4.58
  -9025.161    23.463    -3.74    6.46
  -8649.307    21.440    -5.38    7.40
  -8273.437    17.031   -11.73    6.86
  -7897.549    13.845    -8.48    5.57
  -7521.645    13.230    -1.63    4.95
  -7145.725    14.916     4.48    6.44
  -6769.787    16.790     4.98    5.16
  -6393.832    15.985    -2.14    5.97
  -6017.861    14.015    -5.24    5.89
  -5641.873    11.370    -7.03    5.53
  -5265.868     9.579    -4.76    5.35
  -4889.847     8.370    -3.22    4.37
  -4513.808     6.213    -5.74    2.02
  -4137.753     5.773    -1.17    1.24
  -3761.681     5.872     0.26    1.30
  -3385.592     5.749    -0.33    2.02
  -3009.487     6.742     2.64    3.02
  -2633.364     7.940     3.18    4.55
  -2257.225     8.659     1.91    5.77
  -1881.068     8.053    -1.61    6.62
  -1504.895     7.165    -2.36    7.25
  -1128.705     5.151    -5.35    7.09
   -752.499     3.230    -5.10    5.75
   -376.275     2.858    -0.99    6.00
     -0.034     1.849    -2.68    5.97
    376.223     2.081     0.62    6.63
    752.497     2.099     0.05    6.72
   1128.788     2.821     1.92    6.96
   1505.096     2.076    -1.98    6.47
   1881.421     2.440     0.97    6.14
   2257.763     1.440    -2.66    5.25
   2634.121     2.576     3.02    5.48
   3010.497     3.390     2.16    5.64
   3386.889     4.031     1.70    5.92
   3763.299     5.207     3.13    5.82
   4139.725     5.114    -0.25    5.38
   4516.168     5.031    -0.22    4.20
   4892.628     4.619    -1.09    3.25
   5269.105     4.122    -1.32    2.61
   5645.599     5.440     3.50    3.19
   6022.110     7.531     5.55    4.00
   6398.638    10.062     6.72    4.98
   6775.182    13.115     8.11    5.39
   7151.744    15.713     6.90    5.47
   7528.323    17.545     4.87    4.87
   7904.918    17.553     0.02    5.09
   8281.531    17.091    -1.23    5.64
   8658.160    15.781    -3.48    5.60
   9034.807    15.281    -1.33    4.88
   9411.470    14.876    -1.08    3.80
   9788.150    16.122     3.31    3.18
  10164.848    17.464     3.56    2.88
  10541.562    19.144     4.46    3.14
  10918.293    21.099     5.19    2.98
  11295.041    22.879     4.72    3.16
  11671.807    25.372     6.62    4.73
  12048.589    27.835     6.54    6.71
  12425.388    29.213     3.66    7.11
  12802.204    30.719     4.00    6.26
  13179.038    30.190    -1.40    5.08
  13555.888    30.053    -0.36    4.12
  13932.755    29.440    -1.63    3.40
  14309.640    27.440    -5.31    4.31
  14686.541    24.215    -8.56    4.46
  15060.991    21.129    -8.24    4.91
  15434.549    18.440    -7.20    4.37
  15808.123    15.370    -8.22    5.63
  16181.715    11.849    -9.43    5.88
  16555.323     8.545    -8.84    3.53
  16928.948     7.281    -3.38    1.33
  17302.590     7.300     0.05    1.49
  17676.248     7.690     1.04    2.37
  18049.923     7.418    -0.73    2.68
  18423.615     6.659    -2.03    2.31
  18797.324     5.326    -3.57    1.54
  19171.049     4.624    -1.88    0.95
  19544.791     4.258    -0.98    0.99
  19918.550     3.975    -0.76    0.85
  20292.326     3.849    -0.34    0.97
  20666.118     3.858     0.03    1.07
  21039.927     4.090     0.62    1.03
  21413.753     4.053    -0.10    1.24
  21787.596     3.965    -0.24    1.32
  22161.456     3.531    -1.16    1.33
  22535.332     3.417    -0.31    1.28
  22909.225     3.207    -0.56    1.39
  23283.135     2.835    -1.00    1.42
  23657.062     2.542    -0.78    1.33
  24031.005     2.508    -0.09    1.37
  24404.966     2.390    -0.32    1.24
  24778.943     2.372    -0.05    1.23
  25152.937     2.161    -0.56    1.40
  25526.947     2.068    -0.25    1.38
  25900.975     2.154     0.23    1.44
  26275.019     2.340     0.50    1.32
  26649.081     2.667     0.87    1.22
  27023.159     2.590    -0.21    1.10
  27397.254     2.773     0.49    1.05
  27771.366     3.281     1.36    1.10
  28145.494     3.654     1.00    1.24
  28519.640     4.347     1.85    1.72
  28893.802     4.489     0.38    1.50
  29267.981     5.644     3.09    2.66
  29642.177     6.903     3.36    3.67
  30016.390     8.872     5.26    4.23
  30390.620    10.758     5.04    4.15
  30764.867    11.845     2.90    3.89
  31139.130    12.463     1.65    3.63
  31513.411    11.702    -2.03    3.69
  31887.708    10.084    -4.32    3.85
  32262.022     7.987    -5.60    3.22
  32636.354     6.508    -3.95    2.13
  33010.702     5.940    -1.52    1.29
  33385.067     6.696     2.02    1.85
  33759.449     7.719     2.73    2.06
  34133.847     8.011     0.78    1.67
  34508.263     8.303     0.78    1.65
  34882.696     8.882     1.54    1.83
  35257.145     9.719     2.24    2.16
  35631.612    10.940     3.26    2.49
  36006.095    11.485     1.46    2.10
  36380.596    12.167     1.82    2.21
  36755.113    12.391     0.60    2.21
  37129.647    12.963     1.53    2.35
  37504.198    14.551     4.24    3.64
  37878.767    17.114     6.84    5.11
  38253.352    21.161    10.80    5.83
  38627.954    25.044    10.37    6.33
  39002.573    29.812    12.73    5.45
  39377.209    32.916     8.29    3.41
  39751.862    33.207     0.78    3.15
  40126.532    32.372    -2.23    3.66
  40501.219    31.533    -2.24    3.01
  40875.923    29.795    -4.64    3.19
  41250.644    27.928    -4.98    3.94
  41625.382    23.649   -11.42    6.23
  42000.137    18.845   -12.82    6.24
  42374.909    14.882   -10.57    5.19
  42749.698    13.008    -5.00    3.11
  43124.504    14.254     3.32    3.99
  43499.327    18.690    11.84    5.93
  43874.167    22.812    11.00    5.94
  44249.024    26.167     8.95    4.59
  44623.899    28.184     5.38    2.58
  44998.790    26.230    -5.21    4.10
  45373.698    23.281    -7.87    4.93
  45748.623    20.894    -6.37    5.38
  46123.566    17.882    -8.04    4.31
  46498.525    16.083    -4.80    3.97
  46873.501    14.099    -5.29    3.87
  47248.495    12.614    -3.96    3.31
  47623.505    12.531    -0.22    3.44
  47998.533    13.303     2.06    3.58
  48373.578    14.812     4.02    3.71
  48748.640    15.882     2.85    3.64
  49123.718    16.321     1.17    4.55
  49498.814    17.417     2.92    5.16
  49873.927    17.462     0.12    5.96
  50249.058    17.951     1.30    5.69
  50624.205    18.773     2.19    4.98
  50999.369    19.998     3.26    4.97
  51374.551    21.812     4.84    4.92
  51749.749    25.114     8.80    4.89
  52124.965    27.324     5.89    5.16
  52500.198    27.894     1.52    5.99
  52875.448    28.076     0.48    6.50
  53250.715    27.326    -2.00    6.32
  53625.999    27.845     1.38    5.51
  54001.300    29.190     3.58    4.97
  54376.619    30.812     4.32    4.46
  54751.954    32.963     5.73    4.25
  55127.307    35.144     5.81    3.47
  55502.677    37.021     5.00    2.33
  55878.064    37.975     2.54    1.76
  56253.469    38.059     0.22    1.61
  56628.890    36.951    -2.95    2.76
  57004.329    34.751    -5.86    4.17
  57379.784    31.998    -7.33    4.90
  57755.257    30.395    -4.27    4.28
  58130.747    30.858     1.23    4.14
  58506.255    33.235     6.33    5.08
  58881.779    36.154     7.77    3.40
  59257.321    36.882     1.94    2.61
  59632.880    37.349     1.24    2.69
  60008.456    37.622     0.73    3.88
  60384.050    37.531    -0.24    6.03
  60759.660    37.321    -0.56    7.33
  61135.288    36.167    -3.07    8.04
  61510.933    34.485    -4.48    8.46
  61886.595    32.905    -4.21    7.76
  62262.275    30.735    -5.78    7.83
  62637.971    28.928    -4.81    8.04
  63013.685    26.486    -6.50    8.78
  63389.416    23.535    -7.86    9.32
  63765.165    19.928    -9.60    8.61
  64140.931    17.258    -7.11    7.28
  64516.713    15.742    -4.03    5.39
  64892.514    14.917    -2.20    4.19
  65268.331    14.184    -1.95    3.98
  65644.166    13.190    -2.65    2.81
  66020.018    12.321    -2.31    1.66
  66395.887    11.576    -1.98    1.52
  66771.774    10.535    -2.77    1.59
  67147.678     9.835    -1.86    1.51
  67523.599     8.917    -2.44    1.50
  67899.537     8.342    -1.53    1.32
  68275.493     7.940    -1.07    1.30
  68651.466     7.195    -1.98    1.35
  69027.456     6.603    -1.58    1.04
  69403.464     6.130    -1.26    1.22
  69779.489     5.486    -1.71    1.21
  70155.531     5.040    -1.19    1.07
  70531.591     4.773    -0.71    0.98
  70907.668     4.553    -0.58    0.95
  71283.762     4.303    -0.66    1.03
  71659.874     4.130    -0.46    1.00
  72036.003     3.872    -0.69    0.90
  72412.149     3.726    -0.39    0.81
  72788.313     3.640    -0.23    0.69
  73164.494     3.463    -0.47    0.77
  73540.693     3.184    -0.74    0.90
  73916.908     3.083    -0.27    1.06
  74293.141     2.757    -0.87    0.88
  74669.392     2.644    -0.30    0.98
  75045.660     2.615    -0.08    1.06
  75421.945     2.719     0.28    1.14
  75798.248     3.735     2.70    2.78
  76174.568     4.951     3.23    3.96
  76550.905     6.099     3.05    5.16
  76927.260     6.440     0.91    6.35
  77303.632     4.258    -5.80    4.43
  77680.022     2.702    -4.14    2.93
  78056.429     1.735    -2.57    2.47
  78432.854     0.858    -2.33    3.38
  78809.296     0.684    -0.46    3.71
  79185.755     1.258     1.53    3.94
  79562.232     3.740     6.59    5.22
  79938.726     7.084     8.88    5.17
  80315.237     8.835     4.65    5.22
  80691.767     8.099    -1.96    5.67
  81068.313     5.326    -7.36    5.60
  81444.877     3.004    -6.17    3.39
  81821.458     2.031    -2.58    1.51
  82198.057     2.273     0.64    1.89
  82574.674     2.531     0.68    1.51
  82951.308     2.884     0.94    1.94
  83327.959     3.797     2.42    2.61
  83704.628     5.576     4.72    4.00
  84081.314     7.177     4.25    4.61
  84458.018     9.053     4.98    4.93
  84834.739    10.137     2.88    4.54
  85211.478    10.144     0.02    3.81
  85588.234    12.190     5.43    3.97
  85965.007    14.927     7.27    4.58
  86341.799    18.417     9.26    4.55
  86718.607    20.815     6.36    3.65
  87095.434    23.008     5.82    4.30
  87472.277    25.008     5.31    4.37
  87849.139    26.324     3.49    4.02
  88226.018    26.576     0.67    4.58
  88602.914    27.124     1.45    5.08
  88979.828    27.917     2.10    5.85
  89356.759    29.372     3.86    6.38
  89733.047    32.207     7.54    5.95
  90106.538    34.213     5.37    5.42
  90480.046    35.293     2.89    5.28
  90853.572    33.690    -4.29    7.00
  91227.114    31.440    -6.02    7.87
  91600.674    29.053    -6.39    8.04
  91974.251    26.781    -6.08    8.05
  92347.845    24.649    -5.71    6.44
  92721.456    22.644    -5.37    5.50
  93095.085    20.342    -6.16    4.49
  93468.731    18.122    -5.94    5.35
  93842.394    15.004    -8.34    4.47
  94216.074    14.144    -2.30    4.54
  94589.772    13.713    -1.16    4.63
  94963.487    14.190     1.28    4.40
  95337.219    16.690     6.69    5.06
  95710.969    18.976     6.12    5.57
  96084.735    22.417     9.21    4.38
  96458.519    23.765     3.61    4.20
  96832.321    22.281    -3.97    5.94
  97206.139    18.303   -10.64    7.93
  97579.975    13.394   -13.13    7.44
  97953.828    10.394    -8.03    5.28
  98327.699     9.799    -1.59    4.11
  98701.587    11.917     5.67    5.81
  99075.492    13.806     5.05    6.58
  99449.414    13.213    -1.59    5.41
  99823.354    12.440    -2.07    3.79
 100197.311    12.940     1.34    3.64
 100571.285    14.053     2.98    4.29
 100945.277    13.619    -1.16    3.97
 101319.286    13.622     0.01    2.75
 101693.313    14.342     1.93    3.87
 102067.356    15.326     2.63    5.23
 102441.417    17.882     6.83    6.25
 102815.496    18.781     2.40    6.33
 103189.592    18.144    -1.70    6.05
 103563.705    18.594     1.20    5.39
 103937.835    16.758    -4.91    4.41
 104311.983    14.903    -4.96    3.42
 104686.148    14.440    -1.24    3.57
 105060.331    15.758     3.52    4.52
 105434.531    18.167     6.44    5.46
 105808.749    19.758     4.25    5.43
 106182.983    22.256     6.67    5.47
 106557.236    23.394     3.04    5.86
 106931.505    23.440     0.12    6.04
 107305.792    20.553    -7.71    6.24
 107680.097    17.595    -7.90    5.61
 108054.419    16.630    -2.58    4.23
 108428.758    17.485     2.28    4.26
 108803.114    21.256    10.07    6.41
 109177.489    26.508    14.03    7.16
 109551.880    30.370    10.32    4.95
 109926.289    30.031    -0.91    6.22
 110300.715    27.418    -6.98    7.55
 110675.159    24.903    -6.72    7.67
 111049.621    21.963    -7.85    6.91
 111424.099    20.115    -4.93    7.70
 111798.596    18.099    -5.38    7.36
 112173.109    15.300    -7.47    4.67
 112547.640    15.826     1.40    5.13
 112922.189    15.963     0.36    4.55
 113296.755    16.115     0.41    4.06
 113671.339    17.213     2.93    5.15
 114045.940    18.515     3.48    6.29
 114420.558    22.667    11.09    8.28
 114795.194    27.300    12.37    7.33
 115169.848    29.894     6.92    6.68
 115544.519    31.951     5.49    5.92
 115919.207    33.132     3.15    5.69
 116293.913    33.599     1.25    6.15
 116668.637    31.565    -5.43    7.51
 117043.378    30.395    -3.12    8.64
 117418.136    28.486    -5.09    9.04
 117792.912    27.213    -3.40    8.27
 118167.706    26.076    -3.03    7.36
 118542.517    26.132     0.15    5.62
 118917.346    28.008     5.01    5.29
 119292.192    31.367     8.96    6.27
 119667.056    33.963     6.93    5.03
 120041.937    33.672    -0.77    5.38
 120416.836    31.122    -6.80    6.50
 120791.753    26.940   -11.16    5.23
 121166.687    25.045    -5.05    3.79
 121541.638    26.372     3.54    4.25
 121916.607    27.726     3.61    4.07
 122291.594    29.706     5.28    4.68
 122666.599    32.618     7.76    5.86
 123041.620    35.091     6.60    6.66
 123416.660    38.508     9.11    5.44
 123791.717    40.966     6.55    4.28
 124166.792    42.372     3.75    5.64
 124541.884    42.742     0.99    6.85
 124916.994    43.303     1.50    6.23
 125292.121    42.167    -3.03    6.15
 125667.267    41.074    -2.91    5.71
 126042.429    40.053    -2.72    5.62
 126417.610    40.650     1.59    6.09
 126792.808    42.508     4.95    6.60
 127168.023    43.998     3.97    6.43
 127543.257    43.917    -0.22    5.77
 127918.508    45.576     4.42    6.45
 128293.776    47.732     5.75    6.86
 128669.062    50.099     6.31    6.76
 129044.366    52.240     5.71    7.54
 129419.688    51.985    -0.68    8.49
 129795.027    50.463    -4.06    9.36
 130170.384    50.533     0.19    9.69
 130545.758    48.122    -6.42    9.66
 130921.151    48.490     0.98    8.88
 131296.561    48.872     1.02    8.43
 131671.988    49.952     2.88    8.98
 132047.433    51.684     4.61    9.62
 132422.896    51.531    -0.41    9.90
 132798.377    51.440    -0.24   10.46
 133173.876    48.099    -8.90    9.46
 133549.392    46.256    -4.91    7.82
 133924.925    46.872     1.64    6.57
 134300.477    48.758     5.02    7.31
 134676.046    51.622     7.63    7.65
 135051.633    54.506     7.68    7.94
 135427.238    57.559     8.13    7.69
 135802.860    60.213     7.07    6.01
 136178.501    62.030     4.84    4.93
 136554.159    62.349     0.85    4.82
 136929.834    61.963    -1.03    5.53
 137305.528    64.649     7.15    5.54
 137681.239    66.484     4.89    6.91
 138056.968    70.090     9.60    7.08
 138432.714    72.531     6.50    6.85
 138808.479    75.235     7.20    5.35
 139184.261    75.678     1.18    5.58
 139560.061    76.667     2.63    6.06
 139935.879    78.858     5.83    5.96
 140311.715    81.351     6.63    5.42
 140687.568    83.465     5.62    4.60
 141063.439    85.122     4.41    4.57
 141439.328    85.684     1.50    4.93
 141815.235    84.008    -4.46    5.65
 142191.160    81.303    -7.20    6.92
 142567.102    76.489   -12.81    6.87
 142943.062    74.553    -5.15    6.10
 143319.041    75.678     2.99    6.36
 143695.036    78.440     7.35    7.86
 144071.050    83.835    14.35    7.89
 144447.082    88.099    11.34    6.85
 144823.131    92.905    12.78    6.25
 145199.198    96.011     8.26    4.96
 145575.284    96.373     0.96    4.53
 145951.387    96.161    -0.56    5.20
 146327.507    94.417    -4.64    4.85
 146703.646    94.553     0.36    4.27
 147079.803    94.894     0.91    3.91
 147455.977    95.917     2.72    4.04
 147832.169    96.987     2.85    2.86
 148208.380    97.826     2.23    2.50
 148584.608    97.894     0.18    2.32
 148960.854    97.622    -0.72    2.20
 149337.117    97.644     0.06    2.40
 149713.399    97.654     0.03    2.24
 150089.699    96.826    -2.20    2.26
 150466.016    94.417    -6.40    4.20
 150842.352    90.951    -9.21    5.72
 151218.705    87.719    -8.59    5.69
 151595.077    84.440    -8.71    5.57
 151971.466    81.144    -8.76    6.26
 152347.873    78.076    -8.15    7.38
 152724.298    73.940   -10.99    8.18
 153100.741    71.213    -7.25    5.84
 153477.202    70.440    -2.05    5.37
 153853.681    72.122     4.47    7.72
 154230.178    76.713    12.20    8.70
 154606.693    79.576     7.61    7.90
 154983.226    81.053     3.92    6.96
 155359.777    80.644    -1.09    4.45
 155736.345    78.394    -5.98    4.68
 156112.932    76.416    -5.25    4.26
 156489.537    75.281    -3.01    4.51
 156866.159    74.983    -0.79    4.93
 157242.800    75.144     0.43    4.93
 157619.459    75.781     1.69    4.58
 157996.135    75.486    -0.78    3.75
 158372.830    72.484    -7.97    4.95
 158749.543    68.702   -10.04    5.82
 159126.273    64.849   -10.23    6.23
 159503.022    61.618    -8.58    5.54
 159879.789    58.649    -7.88    5.96
 160256.574    55.008    -9.67    6.10
 160633.376    52.083    -7.76    6.23
 161010.197    48.896    -8.46    4.91
 161387.036    46.249    -7.03    3.74
 161763.893    45.122    -2.99    3.30
 162140.768    44.845    -0.74    4.22
 162517.661    44.562    -0.75    4.91
 162894.572    43.963    -1.59    4.53
 163271.501    43.915    -0.13    4.31
 163648.448    46.167     5.98    6.43
 164025.414    50.940    12.66    8.37
 164402.397    56.068    13.60    8.54
 164777.062    60.985    13.13    8.43
 165150.497    66.147    13.82   10.12
 165523.949    80.667    38.89   21.06
 165897.418   102.130    57.48   34.12
 166270.906   115.213    35.03   31.77
 166644.411   122.735    20.14   26.25
 167017.934   118.579   -11.13   24.79
 167391.475   108.167   -27.88   19.92
 167765.033   101.245   -18.53   15.86
 168138.609    99.576    -4.47   14.27
 168512.203    98.903    -1.80   14.99
 168885.815    97.281    -4.34   15.36
 169259.444    91.031   -16.73   17.31
 169633.092    84.626   -17.14   15.15
 170006.757    79.553   -13.58    8.98
 170380.439    79.684     0.35    9.18
 170754.140    83.167     9.32   11.14
 171127.858    87.537    11.70   12.01
 171501.595    93.258    15.31   11.67
 171875.348    94.031     2.07   11.90
 172249.120    92.393    -4.38   11.59
 172622.910    86.099   -16.84   14.93
 172996.717    76.537   -25.58   14.47
 173370.542    66.576   -26.65   10.89
 173744.385    58.732   -20.98    8.07
 174118.246    52.622   -16.35    6.85
 174492.125    47.644   -13.31    5.79
 174866.022    43.603   -10.81    5.03
 175239.936    39.803   -10.16    4.06
 175613.868    37.513    -6.13    2.98
 175987.818    36.281    -3.30    2.74
 176361.786    36.537     0.69    2.93
 176735.772    39.099     6.85    4.36
 177109.775    42.508     9.12    5.47
 177483.797    45.765     8.71    5.82
 177857.836    47.917     5.75    4.94
 178231.893    46.928    -2.65    5.60
 178605.969    44.008    -7.81    5.90
 178980.062    41.025    -7.97    5.27
 179354.172    38.281    -7.34    4.61
 179728.301    37.894    -1.03    4.50
 180102.448    37.277    -1.65    3.79
 180476.612    36.917    -0.96    3.17
 180850.795    37.611     1.85    3.99
 181224.995    38.963     3.61    4.59
 181599.213    38.702    -0.70    3.98
 181973.450    38.122    -1.55    2.73
 182347.704    39.144     2.73    3.81
 182721.976    41.324     5.82    5.57
 183096.266    43.758     6.51    7.39
 183470.574    44.952     3.19    7.98
 183844.900    44.508    -1.19    7.61
 184219.243    44.511     0.01    7.25
 184593.605    46.573     5.51    7.35
 184967.985    48.167     4.26    7.81
 185342.383    49.553     3.70    7.36
 185716.798    51.667     5.65    6.98
 186091.232    53.318     4.41    6.47
 186465.683    57.235    10.46    9.68
 186840.153    61.297    10.85    9.72
 187214.640    63.729     6.49   10.62
 187589.146    65.258     4.08   10.71
 187963.669    65.667     1.09   10.53
 188338.211    66.667     2.67   10.53
 188712.770    65.840    -2.21    9.36
 189087.348    65.985     0.39    9.29
 189461.943    67.154     3.12    8.50
 189836.557    67.818     1.77    7.70
 190211.188    70.373     6.82    6.93
 190585.838    71.858     3.97    6.23
 190960.505    75.940    10.90    6.84
 191335.191    80.740    12.81    6.19
 191709.895    85.122    11.70    6.52
 192084.616    91.114    15.99    6.71
 192459.356    94.684     9.53    7.62
 192834.114    99.040    11.62    8.24
 193208.890   100.603     4.17   11.03
 193583.684   100.758     0.41   12.09
 193958.495   101.519     2.03   11.77
 194333.325    99.485    -5.43   11.56
 194708.173    99.137    -0.93   11.17
 195083.040    98.940    -0.53    9.43
 195457.924    98.551    -1.04    8.12
 195832.826   100.606     5.48    7.62
 196207.747   106.508    15.74    9.62
 196582.685   113.203    17.86   10.44
 196957.642   120.531    19.55   10.14
 197332.616   128.417    21.03    9.92
 197707.609   134.690    16.73    8.29
 198082.620   134.940     0.67    9.91
 198457.649   130.464   -11.94   15.56
 198832.696   122.440   -21.40   18.01
 199207.761   116.209   -16.62   16.81
 199582.845   114.985    -3.26   16.81
 199957.946   113.531    -3.88   15.88
 200333.066   108.068   -14.57   17.61
 200708.204    95.906   -32.42   20.44
 201083.360    81.015   -39.70   13.52
 201458.534    75.553   -14.56    8.57
 201833.726    77.106     4.14   10.36
 202208.936    82.858    15.33   13.25
 202584.165    92.031    24.45   13.39
 202959.412   102.277    27.31   11.45
 203334.677   109.906    20.33   13.27
 203709.960   114.115    11.22   12.42
 204085.261   114.213     0.26   12.03
 204460.581   108.696   -14.70   14.44
 204835.918    98.184   -28.01   13.79
 205211.274    94.826    -8.95   10.54
 205586.648    96.719     5.04   10.72
 205962.040   105.173    22.53   14.26
 206337.451   113.740    22.82   10.06
 206712.879   116.122     6.35    8.27
 207088.326   114.742    -3.67    8.47
 207463.792   113.758    -2.62    7.96
 207839.275   116.329     6.85    9.38
 208214.776   122.035    15.20   10.78
 208590.296   126.418    11.67    8.09
 208965.834   125.773    -1.72    8.76
 209341.391   120.053   -15.23   11.63
 209716.965   110.463   -25.54   11.07
 210092.558   103.973   -17.28    9.78
 210468.169    98.258   -15.22    7.39
 210843.799    92.726   -14.73    6.08
 211219.446    91.795    -2.48    6.19
 211595.112    93.905     5.62    8.24
 211970.796    98.018    10.95   10.90
 212346.499   104.303    16.73    9.95
 212722.219   107.462     8.41    8.05
 213097.958   110.579     8.30    7.28
 213473.716   112.821     5.97    7.32
 213849.491   116.894    10.84    8.00
 214225.285   119.719     7.52    7.85
 214601.098   120.463     1.98    7.43
 214976.928   121.985     4.05    7.64
 215352.777   124.781     7.44    8.36
 215728.644   129.644    12.94    9.20
 216104.530   136.573    18.44   10.26
 216480.434   141.485    13.07    9.57
 216856.356   147.644    16.39   10.75
 217232.296   152.440    12.76   10.19
 217608.255   159.803    19.59   12.14
 217984.232   169.894    26.84   13.05
 218360.228   177.690    20.74   12.57
 218736.242   185.008    19.47   10.38
 219112.274   188.667     9.73    8.89
 219488.325   188.484    -0.49   10.58
 219864.394   186.556    -5.13   13.12
 220240.482   181.235   -14.15   11.66
 220616.587   174.963   -16.68   10.96
 220992.712   169.167   -15.41   10.56
 221368.854   162.463   -17.83   12.54
 221745.015   156.556   -15.71    9.16
 222121.195   156.262    -0.78    9.30
 222497.393   159.226     7.88   13.20
 222873.609   165.463    16.58   14.76
 223249.843   175.729    27.29   14.81
 223626.097   184.008    22.01   14.58
 224002.368   188.758    12.63   13.96
 224378.658   186.678    -5.53   15.14
 224754.966   181.551   -13.63   15.78
 225131.293   177.130   -11.75   16.66
 225507.638   175.506    -4.32   15.37
 225884.002   177.144     4.35   16.40
 226260.384   173.218   -10.44   15.96
 226636.785   162.213   -29.24   18.93
 227013.204   151.265   -29.09   14.30
 227389.641   149.551    -4.55   12.12
 227766.097   154.882    14.16   15.46
 228142.572   158.644    10.00   13.14
 228519.065   156.213    -6.46   13.63
 228895.576   147.115   -24.17   16.67
 229272.106   137.985   -24.25   13.88
 229648.655   133.890   -10.88    7.07
 230025.222   140.062    16.39   11.72
 230401.807   150.044    26.51   13.13
 230778.411   155.417    14.27    9.62
 231155.033   154.849    -1.51    9.85
 231531.674   150.367   -11.90   10.06
 231908.334   143.713   -17.67    8.11
 232285.012   137.916   -15.39    8.74
 232661.708   133.729   -11.12    9.88
 233038.424   129.917   -10.12    9.27
 233415.157   125.672   -11.27    9.45
 233791.909   122.667    -7.98    9.82
 234168.680   116.340   -16.80    8.52
 234545.469   111.940   -11.68    8.66
 234922.277   107.690   -11.28    8.34
 235299.104   103.553   -10.98    8.77
 235675.949    98.573   -13.22   10.51
 236052.812    90.586   -21.20    9.80
 236429.694    85.803   -12.69    8.22
 236806.595    83.583    -5.89    5.57
 237183.514    84.300     1.90    5.39
 237560.452    89.008    12.49    6.22
 237937.409    92.906    10.34    5.45
 238314.384    96.722    10.12    5.64
 238691.377    99.678     7.84    4.20
 239068.390   100.144     1.24    4.28
 239445.009    97.781    -6.28    5.75
 239818.377    95.622    -5.78    5.36
 240191.763    95.329    -0.78    5.11
 240565.167    96.018     1.85    5.41
 240938.589    96.440     1.13    5.41
 241312.029    93.226    -8.61    6.24
 241685.488    89.122   -10.99    5.41
 242058.965    86.099    -8.10    4.41
 242432.460    85.303    -2.13    3.14
 242805.974    85.973     1.79    4.10
 243179.506    87.440     3.93    5.02
 243553.056    89.463     5.42    4.78
 243926.624    91.892     6.51    6.38
 244300.211    93.167     3.41    6.87
 244673.816    95.463     6.15    7.56
 245047.439    97.713     6.02    7.11
 245421.081    99.235     4.08    5.96
 245794.741   100.201     2.58    5.25
 246168.419   102.713     6.72    5.06
 246542.116   106.226     9.40    4.62
 246915.830   109.849     9.70    4.43
 247289.564   113.300     9.24    4.44
 247663.315   116.440     8.40    4.87
 248037.085   119.303     7.66    4.72
 248410.873   121.440     5.72    4.53
 248784.680   123.553     5.66    3.97
 249158.505   125.254     4.55    3.38
 249532.348   127.862     6.98    4.19
 249906.209   131.207     8.95    4.95
 250280.089   136.884    15.19    8.63
 250653.988   145.906    24.14   11.74
 251027.904   154.679    23.47   12.24
 251401.839   161.485    18.21    8.78
 251775.793   165.599    11.00    4.41
 252149.765   165.262    -0.90    6.15
 252523.755   163.068    -5.87    6.90
 252897.764   160.240    -7.56    7.50
 253271.791   156.440   -10.16    7.29
 253645.836   154.506    -5.17    6.66
 254019.900   153.706    -2.14    7.12
 254393.982   154.985     3.42    7.91
 254768.083   155.906     2.46    8.28
 255142.202   154.553    -3.62    9.80
 255516.339   155.418     2.31    9.92
 255890.495   156.894     3.95   10.06
 256264.670   159.240     6.27   10.01
 256638.863   155.644    -9.61   12.64
 257013.074   152.894    -7.35   13.24
 257387.304   149.349    -9.48    9.83
 257761.552   147.372    -5.28    6.14
 258135.818   145.258    -5.65    5.72
 258510.103   141.758    -9.35    5.58
 258884.407   138.262    -9.34    5.06
 259258.729   134.963    -8.82    4.84
 259633.070   132.099    -7.65    6.09
 260007.429   128.508    -9.59    7.49
 260381.806   126.162    -6.27    5.98
