# NaN NaN NaN ;Mean Elev.(m), Avg Gradient(m/km), RMS Gradient(m/km) - SRTM1     
#   61.428  -1.287   3.809 ;Mean Elev.(m), Avg Gradient(m/km), RMS Gradient(m/km) - ASTER GDEM
#   50.824  -0.940   5.911 ;Mean Elev.(m), Avg Gradient(m/km), RMS Gradient(m/km) - GMTED2010 
  7    48.084 52470.08636757 47.11 303.672510 -28.933676 20.159
  7    47.921 52470.08636821 50.18 303.671630 -28.930396 20.159
  7    47.805 52470.08636886 49.61 303.670760 -28.927116 20.159
  8    51.960 52505.08635109 28.45 303.672812 -28.933917 17.471
  8    48.303 52505.08635174 27.54 303.671932 -28.930637 17.471
  8    51.445 52505.08635238 21.80 303.671062 -28.927357 17.471
  9    54.843 52540.08633522 50.19 303.680437 -28.925177 30.955
  9    54.941 52540.08633587 51.34 303.679557 -28.921897 30.955
  9    54.952 52540.08633651 51.00 303.678687 -28.918617 30.955
 11    50.794 52610.08633964 34.28 303.673953 -28.932891 17.913
 11    50.689 52610.08634029 28.99 303.673073 -28.929611 17.913
 11    51.252 52610.08634093 32.95 303.672203 -28.926331 17.913
 12    48.595 52645.08633035 51.79 303.675785 -28.929662 24.278
 12    48.702 52645.08633100 48.02 303.674915 -28.926382 24.278
 12    48.739 52645.08633164 54.09 303.674035 -28.923102 24.278
 13    47.307 52680.08630713 45.39 303.678365 -28.927720 13.917
 13    46.923 52680.08630778 42.11 303.677485 -28.924430 13.917
 13    46.763 52680.08630842 28.90 303.676615 -28.921150 13.917
 15    46.147 52750.08637915 39.42 303.664110 -28.939032 13.128
 15    46.035 52750.08637980 35.63 303.663230 -28.935752 13.128
 15    46.063 52750.08638044 35.02 303.662360 -28.932472 13.128
 16    46.709 52785.08632309 44.83 303.677277 -28.931615 19.370
 16    46.663 52785.08632373 46.39 303.676407 -28.928335 19.370
 16    46.807 52785.08632438 49.24 303.675527 -28.925055 19.370
 16    46.708 52785.08632502 46.57 303.674657 -28.921775 19.370
 17    47.082 52820.08639880 46.91 303.676114 -28.929391 16.932
 17    47.043 52820.08639944 42.45 303.675244 -28.926111 16.932
 17    47.172 52820.08640009 35.89 303.674364 -28.922831 16.932
 18    47.021 52855.08644674 43.22 303.678576 -28.930760 19.873
 18    46.883 52855.08644739 48.30 303.677696 -28.927480 19.873
 18    46.900 52855.08644803 52.05 303.676826 -28.924200 19.873
 18    47.110 52855.08644868 49.68 303.675946 -28.920920 19.873
 20    46.608 52925.08643292 33.27 303.670870 -28.932432 14.622
 20    46.980 52925.08643357 31.75 303.669990 -28.929152 14.622
 20    46.670 52925.08643421 31.55 303.669120 -28.925872 14.622
 21    47.408 52960.08640124 47.71 303.682703 -28.924524 20.592
 21    47.452 52960.08640189 50.70 303.681833 -28.921244 20.592
 21    47.503 52960.08640253 51.19 303.680953 -28.917964 20.592
 21    47.411 52960.08640318 49.30 303.680083 -28.914684 20.592
 22    54.686 52995.08643414 47.94 303.676153 -28.931171 23.477
 22    54.698 52995.08643479 46.80 303.675273 -28.927891 23.477
 22    54.734 52995.08643543 51.27 303.674403 -28.924611 23.477
 23    46.553 53030.08639807 32.74 303.672676 -28.930950 15.036
 23    46.686 53030.08639871 26.89 303.671796 -28.927670 15.036
 23    46.873 53030.08639936 25.80 303.670926 -28.924390 15.036
 24    46.711 53065.08640553 45.18 303.680011 -28.929051 19.855
 24    46.753 53065.08640617 43.83 303.679131 -28.925771 19.855
 24    46.656 53065.08640682 33.63 303.678261 -28.922491 19.855
 24    46.144 53065.08640746 21.01 303.677381 -28.919211 19.855
 25    45.893 53100.08641112 34.04 303.668253 -28.934019 12.757
 25    45.945 53100.08641176 33.63 303.667373 -28.930739 12.757
 26    46.877 53135.08640668 52.69 303.680751 -28.924462 24.382
 26    46.908 53135.08640733 52.00 303.679871 -28.921182 24.382
 26    46.888 53135.08640797 53.69 303.679001 -28.917902 24.382
 28    47.913 53205.08647434 42.36 303.673794 -28.932890 14.268
 28    47.766 53205.08647498 42.18 303.672924 -28.929610 14.268
 28    47.904 53205.08647563 37.44 303.672044 -28.926330 14.268
 29    46.563 53240.08644231 43.93 303.677844 -28.930678 17.383
 29    46.261 53240.08644295 40.03 303.676964 -28.927398 17.383
 29    46.309 53240.08644360 31.33 303.676094 -28.924118 17.383
 29    46.124 53240.08644424 25.28 303.675214 -28.920838 17.383
 31    48.700 53310.08645656 50.40 303.672490 -28.933410 18.306
 31    48.539 53310.08645720 53.64 303.671610 -28.930130 18.306
 31    48.714 53310.08645785 52.16 303.670740 -28.926850 18.306
 32    47.004 53345.08642267 39.54 303.674662 -28.932679 20.092
 32    47.116 53345.08642331 40.25 303.673792 -28.929399 20.092
 32    47.200 53345.08642396 43.35 303.672912 -28.926119 20.092
 34    46.016 53415.08640097 50.09 303.679186 -28.926347 18.852
 34    46.132 53415.08640161 37.37 303.678306 -28.923067 18.852
 34    46.634 53415.08640226 29.13 303.677436 -28.919787 18.852
 35    46.483 53450.08639448 49.63 303.679620 -28.925934 23.811
 35    46.564 53450.08639513 52.00 303.678740 -28.922654 23.811
 35    46.582 53450.08639577 51.23 303.677870 -28.919374 23.811
 36    60.745 53485.08647855 25.26 303.669376 -28.933520 11.856
 36    61.206 53485.08647919 25.79 303.668496 -28.930240 11.856
 37    52.196 53520.08647544 49.72 303.675956 -28.929756 26.866
 37    52.270 53520.08647609 45.54 303.675076 -28.926476 26.866
 37    52.320 53520.08647673 49.30 303.674206 -28.923196 26.866
 38    49.608 53555.08649813 51.72 303.668221 -28.933492 19.906
 38    49.310 53555.08649877 49.92 303.667341 -28.930212 19.906
 39    46.916 53590.08644172 46.39 303.678748 -28.928664 21.661
 39    46.915 53590.08644236 49.78 303.677878 -28.925384 21.661
 39    46.836 53590.08644301 42.79 303.677008 -28.922104 21.661
 39    46.780 53590.08644365 45.29 303.676128 -28.918824 21.661
 40    51.650 53625.08642217 14.97 303.672539 -28.931365 16.845
 40    51.261 53625.08642281 16.62 303.671669 -28.928085 16.845
 40    49.891 53625.08642346 26.06 303.670789 -28.924805 16.845
 41    54.266 53660.08644868 27.67 303.674317 -28.930321 16.261
 41    53.673 53660.08644932 29.11 303.673447 -28.927041 16.261
 41    51.660 53660.08644996 33.83 303.672567 -28.923761 16.261
 42    46.885 53695.08642242 40.64 303.672957 -28.931500 18.575
 42    47.148 53695.08642306 39.56 303.672077 -28.928210 18.575
 42    46.997 53695.08642371 45.59 303.671207 -28.924930 18.575
 43    46.588 53730.08634541 39.95 303.675063 -28.930860 19.973
 43    46.604 53730.08634606 37.10 303.674193 -28.927580 19.973
 43    46.513 53730.08634670 33.45 303.673313 -28.924300 19.973
 44    47.324 53765.08631256 48.44 303.682425 -28.925370 22.680
 44    47.100 53765.08631320 50.32 303.681545 -28.922090 22.680
 44    47.012 53765.08631385 50.93 303.680675 -28.918810 22.680
 44    46.928 53765.08631449 52.76 303.679795 -28.915530 22.680
 45    46.470 53800.08631670 44.63 303.676685 -28.930720 21.476
 45    46.712 53800.08631735 43.87 303.675815 -28.927440 21.476
 45    46.660 53800.08631799 47.17 303.674935 -28.924160 21.476
 46    46.790 53835.08631906 46.87 303.678787 -28.927170 20.650
 46    46.683 53835.08631970 44.24 303.677917 -28.923890 20.650
 46    46.380 53835.08632035 28.90 303.677037 -28.920610 20.650
 47    46.146 53870.08637838 38.42 303.675710 -28.932590 20.550
 47    46.130 53870.08637902 41.12 303.674830 -28.929310 20.550
 47    46.258 53870.08637967 45.87 303.673960 -28.926020 20.550
 48    46.202 53905.08641391 36.82 303.673262 -28.931012 19.537
 48    46.415 53905.08641455 39.36 303.672392 -28.927732 19.537
 48    46.367 53905.08641520 41.10 303.671512 -28.924452 19.537
 49    45.223 53940.08644620 28.33 303.666194 -28.934936  9.787
 49    45.344 53940.08644685 22.55 303.665324 -28.931656  9.787
 50    46.244 53975.08640464 20.56 303.670271 -28.932284  7.211
 50    46.422 53975.08640529 18.59 303.669401 -28.929004  7.211
 51    47.341 54010.08640220 46.91 303.679356 -28.926757 17.304
 51    47.396 54010.08640284 51.60 303.678486 -28.923467 17.304
 51    47.427 54010.08640349 51.91 303.677606 -28.920187 17.304
 52    46.877 54045.08641980 23.57 303.681179 -28.926372 10.407
 52    47.145 54045.08642045 13.51 303.680299 -28.923092 10.407
 52    54.790 54045.08642109 12.35 303.679429 -28.919802 10.407
 53    46.941 54080.08641163 39.67 303.673929 -28.932348 15.183
 53    47.120 54080.08641227 39.62 303.673059 -28.929068 15.183
 53    47.250 54080.08641292 41.69 303.672179 -28.925788 15.183
 54    46.903 54115.08634677 36.36 303.671884 -28.932685 10.619
 54    46.714 54115.08634741 32.46 303.671014 -28.929405 10.619
 54    46.866 54115.08634806 25.49 303.670134 -28.926125 10.619
 56    46.760 54185.08633752 45.19 303.672723 -28.933380 20.487
 56    46.852 54185.08633816 42.50 303.671853 -28.930100 20.487
 56    46.995 54185.08633881 39.60 303.670973 -28.926820 20.487
 57    50.010 54220.08636892 48.60 303.675928 -28.931957 22.463
 57    49.920 54220.08636956 50.48 303.675058 -28.928677 22.463
 57    50.190 54220.08637021 48.19 303.674178 -28.925397 22.463
 58    47.876 54255.08639354 46.70 303.674913 -28.931953 23.639
 58    47.774 54255.08639418 49.01 303.674033 -28.928673 23.639
 58    48.149 54255.08639483 47.84 303.673163 -28.925393 23.639
 59    53.517 54290.08639600 23.26 303.676915 -28.931529  8.873
 59    54.276 54290.08639665 20.54 303.676045 -28.928249  8.873
 59    54.084 54290.08639729 19.62 303.675165 -28.924969  8.873
 59    60.406 54290.08639794 20.00 303.674295 -28.921689  8.873
 60    47.645 54325.08639346 42.71 303.676385 -28.930024 14.911
 60    47.530 54325.08639410 34.46 303.675515 -28.926744 14.911
 60    47.726 54325.08639474 27.12 303.674635 -28.923464 14.911
 61    46.381 54360.08634699 31.75 303.672690 -28.931635 13.866
 61    46.506 54360.08634763 26.94 303.671810 -28.928355 13.866
 61    46.554 54360.08634827 22.60 303.670940 -28.925075 13.866
 62    52.070 54395.08633343 37.96 303.677009 -28.930496 19.363
 62    52.264 54395.08633407 30.61 303.676139 -28.927216 19.363
 62    51.878 54395.08633472 29.44 303.675259 -28.923936 19.363
 63    48.524 54430.08629705 51.25 303.674898 -28.930447 24.199
 63    48.736 54430.08629769 44.80 303.674018 -28.927167 24.199
 63    48.630 54430.08629834 46.75 303.673148 -28.923887 24.199
 64    46.882 54465.08631363 25.02 303.677849 -28.928283 13.578
 64    47.212 54465.08631428 26.08 303.676969 -28.925003 13.578
 64    47.261 54465.08631492 40.11 303.676099 -28.921723 13.578
 65    46.592 54500.08630852 36.64 303.675594 -28.931797 17.098
 65    46.443 54500.08630916 34.63 303.674724 -28.928517 17.098
 65    46.517 54500.08630981 31.43 303.673844 -28.925237 17.098
 66    46.710 54535.08632742 37.94 303.677277 -28.931402 10.155
 66    46.484 54535.08632806 31.84 303.676397 -28.928122 10.155
 66    46.562 54535.08632871 23.71 303.675527 -28.924842 10.155
 66    50.083 54535.08632935 19.70 303.674657 -28.921552 10.155
 67    51.745 54570.08631134 24.24 303.674170 -28.933332 10.520
 67    51.149 54570.08631198 19.62 303.673300 -28.930052 10.520
 67    50.824 54570.08631263 17.62 303.672430 -28.926772 10.520
 68    46.815 54605.08632220 42.10 303.675901 -28.932674 21.389
 68    46.755 54605.08632284 43.11 303.675021 -28.929394 21.389
 68    46.961 54605.08632349 45.18 303.674151 -28.926114 21.389
 68    46.772 54605.08632413 47.35 303.673271 -28.922834 21.389
 69    47.039 54640.08633228 42.99 303.673809 -28.930317 21.940
 69    47.302 54640.08633293 43.85 303.672929 -28.927037 21.940
 69    47.266 54640.08633357 44.97 303.672059 -28.923757 21.940
 70    46.962 54675.08633419 31.17 303.674163 -28.932048 15.153
 70    46.918 54675.08633484 26.71 303.673293 -28.928768 15.153
 70    51.414 54675.08633548 24.12 303.672413 -28.925488 15.153
 71    47.031 54710.08629141 44.55 303.674778 -28.930540 20.970
 71    47.194 54710.08629205 43.42 303.673908 -28.927260 20.970
 71    47.244 54710.08629270 47.13 303.673028 -28.923980 20.970
 72    47.047 54745.08630158 43.01 303.676065 -28.932172 17.447
 72    46.996 54745.08630222 42.62 303.675185 -28.928892 17.447
 72    46.959 54745.08630287 38.52 303.674315 -28.925612 17.447
 73    53.351 54780.08627480 29.81 303.675915 -28.930143 24.276
 73    53.047 54780.08627544 26.03 303.675045 -28.926863 24.276
 73    53.696 54780.08627608 28.81 303.674165 -28.923583 24.276
 74    47.297 54815.08629467 44.10 303.676821 -28.929736 19.312
 74    47.011 54815.08629531 46.54 303.675941 -28.926456 19.312
 74    47.339 54815.08629596 44.49 303.675071 -28.923176 19.312
 75    52.289 54850.08627380 20.93 303.674758 -28.932097 11.097
 75    51.915 54850.08627445 19.36 303.673888 -28.928817 11.097
 75    51.537 54850.08627509 17.19 303.673008 -28.925537 11.097
 76    46.538 54885.08629821 39.78 303.675439 -28.932119 20.178
 76    46.480 54885.08629885 39.97 303.674559 -28.928839 20.178
 76    46.715 54885.08629950 39.87 303.673689 -28.925559 20.178
 77    45.901 54920.08627468 39.19 303.670373 -28.932687 18.937
 77    46.249 54920.08627533 37.37 303.669503 -28.929407 18.937
 77    46.152 54920.08627597 39.00 303.668633 -28.926127 18.937
 78    46.015 54955.08629364 28.50 303.675849 -28.932519 17.052
 78    46.037 54955.08629429 25.57 303.674969 -28.929239 17.052
 78    46.013 54955.08629493 22.90 303.674099 -28.925959 17.052
 78    46.175 54955.08629558 27.21 303.673219 -28.922679 17.052
 79    46.601 54990.08631734 37.43 303.673582 -28.933699 16.492
 79    46.745 54990.08631799 37.14 303.672702 -28.930419 16.492
 79    46.881 54990.08631863 39.20 303.671832 -28.927139 16.492
 80    47.634 55025.08630883 45.69 303.675245 -28.929889 17.437
 80    47.711 55025.08630947 45.46 303.674365 -28.926609 17.437
 80    47.650 55025.08631012 45.48 303.673495 -28.923329 17.437
 81    51.173 55060.08630264 21.79 303.675745 -28.932729 17.269
 81    50.776 55060.08630329 21.18 303.674875 -28.929449 17.269
 81    50.758 55060.08630393 25.21 303.673995 -28.926169 17.269
 81    50.845 55060.08630458 32.33 303.673125 -28.922889 17.269
 82    52.632 55095.08625455 51.67 303.672221 -28.933994 27.610
 82    52.907 55095.08625520 48.93 303.671351 -28.930714 27.610
 82    52.757 55095.08625584 50.72 303.670481 -28.927434 27.610
 83    48.912 55130.08624478 25.00 303.675487 -28.929814 12.464
 83    51.143 55130.08624543 18.94 303.674607 -28.926534 12.464
 83    49.780 55130.08624607 24.83 303.673737 -28.923254 12.464
 84    54.845 55165.08621599 40.45 303.675697 -28.932015 22.042
 84    54.905 55165.08621664 41.78 303.674817 -28.928735 22.042
 84    54.706 55165.08621728 48.28 303.673947 -28.925455 22.042
 85    47.076 55200.08623642 42.14 303.676033 -28.932427 21.256
 85    47.187 55200.08623706 41.70 303.675153 -28.929147 21.256
 85    47.074 55200.08623771 44.90 303.674283 -28.925867 21.256
 85    47.086 55200.08623835 45.56 303.673403 -28.922587 21.256
 86    47.041 55235.08622202 43.07 303.672925 -28.931650 18.928
 86    47.191 55235.08622267 42.16 303.672055 -28.928370 18.928
 86    47.105 55235.08622331 45.66 303.671175 -28.925090 18.928
 87    46.853 55270.08623081 33.44 303.675324 -28.929413 18.570
 87    47.179 55270.08623145 33.69 303.674444 -28.926133 18.570
 87    47.087 55270.08623210 42.29 303.673574 -28.922853 18.570
 88    46.320 55305.08620303 21.83 303.673509 -28.931364 20.610
 88    46.533 55305.08620367 20.49 303.672639 -28.928084 20.610
 88    46.752 55305.08620432 20.70 303.671759 -28.924804 20.610
 89    52.972 55340.08620324 26.05 303.675556 -28.930752 19.246
 89    53.778 55340.08620389 21.01 303.674676 -28.927472 19.246
 89    53.518 55340.08620453 25.43 303.673806 -28.924192 19.246
 90    53.425 55375.08619482 21.46 303.675124 -28.930547 11.675
 90    53.849 55375.08619547 19.78 303.674244 -28.927267 11.675
 90    53.519 55375.08619611 21.69 303.673374 -28.923987 11.675
 91    52.397 55410.08621665 24.79 303.677651 -28.931172 10.572
 91    49.799 55410.08621730 24.97 303.676771 -28.927892 10.572
 91    51.434 55410.08621794 21.93 303.675901 -28.924612 10.572
 91    53.535 55410.08621859 21.21 303.675021 -28.921332 10.572
 92    47.788 55445.08621183 50.65 303.675110 -28.929829 18.567
 92    48.044 55445.08621247 46.07 303.674230 -28.926549 18.567
 92    47.976 55445.08621312 50.57 303.673360 -28.923269 18.567
 93    48.133 55480.08614641 45.63 303.672890 -28.931370 19.844
 93    48.005 55480.08614706 43.12 303.672020 -28.928090 19.844
 93    48.114 55480.08614770 36.94 303.671150 -28.924810 19.844
