# NaN NaN NaN ;Mean Elev.(m), Avg Gradient(m/km), RMS Gradient(m/km) - SRTM1     
#   24.768   0.508   7.080 ;Mean Elev.(m), Avg Gradient(m/km), RMS Gradient(m/km) - ASTER GDEM
#   45.538   0.420   5.128 ;Mean Elev.(m), Avg Gradient(m/km), RMS Gradient(m/km) - GMTED2010 
  8    48.452 52489.08822528 24.85 303.119254 -29.527098 17.431
  8    48.272 52489.08822593 23.35 303.118364 -29.523818 17.431
  8    48.129 52489.08822657 22.14 303.117484 -29.520538 17.431
  8    48.662 52489.08822722 22.58 303.116604 -29.517258 17.431
  8    48.952 52489.08822786 28.87 303.115724 -29.513978 17.431
  9    47.538 52524.08820050 21.49 303.114253 -29.529588 16.930
  9    47.354 52524.08820114 22.00 303.113373 -29.526308 16.930
  9    48.250 52524.08820179 19.26 303.112493 -29.523028 16.930
  9    48.416 52524.08820243 23.56 303.111603 -29.519748 16.930
 10    50.941 52559.08825047 48.38 303.115022 -29.527720 21.933
 10    50.954 52559.08825112 50.60 303.114142 -29.524440 21.933
 10    51.340 52559.08825176 47.80 303.113252 -29.521160 21.933
 10    50.775 52559.08825241 49.26 303.112372 -29.517880 21.933
 11    48.055 52594.08825218 51.97 303.111473 -29.532981 20.078
 11    48.073 52594.08825283 50.98 303.110593 -29.529701 20.078
 11    48.078 52594.08825347 50.63 303.109713 -29.526421 20.078
 11    48.025 52594.08825412 49.57 303.108833 -29.523144 19.336
 12    47.377 52629.08818108 27.77 303.123125 -29.522610 17.280
 12    48.101 52629.08818173 22.59 303.122245 -29.519330 17.280
 12    48.485 52629.08818237 22.77 303.121355 -29.516050 17.280
 12    49.281 52629.08818302 22.78 303.120475 -29.512770 17.280
 13    45.395 52664.08821457 50.69 303.115166 -29.529538 18.303
 13    45.485 52664.08821522 46.26 303.114276 -29.526258 18.303
 13    45.785 52664.08821586 46.70 303.113396 -29.522978 18.303
 13    45.806 52664.08821651 51.46 303.112516 -29.519698 18.303
 14    46.937 52699.08819040 20.52 303.124029 -29.522565  8.781
 14    47.644 52699.08819104 18.94 303.123149 -29.519285  8.781
 14    48.201 52699.08819169 17.60 303.122269 -29.516005  8.781
 14    48.181 52699.08819233 17.06 303.121389 -29.512725  8.781
 14    48.032 52699.08819298 18.34 303.120503 -29.509449 11.438
 15    47.924 52734.08821587 19.46 303.121636 -29.523772  8.267
 15    47.718 52734.08821651 18.69 303.120756 -29.520492  8.267
 15    48.779 52734.08821716 18.27 303.119866 -29.517212  8.267
 15    48.637 52734.08821780 23.78 303.118986 -29.513932  8.267
 16    47.273 52769.08821251 36.31 303.112284 -29.531232 14.536
 16    47.174 52769.08821315 26.08 303.111404 -29.527952 14.536
 16    47.987 52769.08821380 22.11 303.110524 -29.524672 14.536
 16    48.534 52769.08821444 23.99 303.109644 -29.521392 14.536
 17    47.554 52804.08824070 21.21 303.118882 -29.524888 17.662
 17    47.824 52804.08824134 19.37 303.118002 -29.521608 17.662
 17    48.420 52804.08824199 19.23 303.117112 -29.518328 17.662
 17    48.552 52804.08824263 20.80 303.116232 -29.515048 17.662
 18    45.066 52839.08830351 52.40 303.119494 -29.523920 20.078
 18    44.950 52839.08830416 50.48 303.118614 -29.520640 20.078
 18    44.948 52839.08830480 47.29 303.117734 -29.517360 20.078
 18    44.900 52839.08830545 48.42 303.116844 -29.514080 20.078
 19    46.119 52874.08834258 22.15 303.118163 -29.526062 11.543
 19    43.631 52874.08834322 24.75 303.117279 -29.522786 16.000
 19    46.944 52874.08834387 24.70 303.116399 -29.519506 16.000
 19    48.548 52874.08834451 20.42 303.115509 -29.516226 16.000
 21    49.853 52944.08825440 22.13 303.126312 -29.521702 10.892
 21    49.141 52944.08825504 21.82 303.125432 -29.518422 10.892
 21    48.588 52944.08825569 21.05 303.124542 -29.515142 10.892
 21    47.966 52944.08825633 22.98 303.123662 -29.511862 10.892
 21    47.975 52944.08825698 24.27 303.122782 -29.508582 10.892
 22    49.146 52979.08830848 32.61 303.119009 -29.525139 16.505
 22    48.730 52979.08830912 26.81 303.118129 -29.521859 16.505
 22    48.692 52979.08830976 24.89 303.117249 -29.518579 16.505
 22    48.093 52979.08831041 22.87 303.116369 -29.515299 16.505
 23    45.562 53014.08830595 51.14 303.113263 -29.529046 19.100
 23    45.803 53014.08830660 50.62 303.112383 -29.525766 19.100
 23    45.693 53014.08830724 49.84 303.111493 -29.522486 19.100
 23    45.419 53014.08830789 46.31 303.110613 -29.519206 19.100
 24    49.283 53049.08827853 22.89 303.119368 -29.526308 12.358
 24    43.919 53049.08827917 29.29 303.118488 -29.523028 12.358
 24    43.651 53049.08827982 29.91 303.117608 -29.519748 12.358
 24    47.755 53049.08828046 24.17 303.116722 -29.516471 13.919
 25    42.989 53084.08831253 35.29 303.109927 -29.534122 12.435
 25    42.451 53084.08831318 25.37 303.109047 -29.530842 12.435
 25    42.469 53084.08831382 21.08 303.108157 -29.527562 12.435
 25    48.114 53084.08831447 17.85 303.107277 -29.524282 12.435
 26    53.404 53119.08828381 18.09 303.115675 -29.527756 10.626
 26    42.943 53119.08828445 24.05 303.114795 -29.524476 10.626
 26    42.906 53119.08828510 23.81 303.113915 -29.521196 10.626
 26    48.268 53119.08828574 19.48 303.113031 -29.517920 15.718
 27    47.605 53154.08833548 20.64 303.112325 -29.529582 14.735
 27    47.100 53154.08833612 18.59 303.111445 -29.526302 14.735
 27    47.669 53154.08833677 17.75 303.110562 -29.523026 14.321
 27    48.204 53154.08833741 23.31 303.109682 -29.519746 14.321
 28    48.873 53189.08832554 25.62 303.122373 -29.523515 14.799
 28    46.336 53189.08832618 27.26 303.121493 -29.520235 14.799
 28    46.837 53189.08832683 27.06 303.120603 -29.516955 14.799
 28    47.787 53189.08832747 21.82 303.119723 -29.513675 14.799
 29    43.327 53224.08833896 21.86 303.117903 -29.527711 12.324
 29    43.773 53224.08833960 26.87 303.117013 -29.524431 12.324
 29    43.655 53224.08834025 29.20 303.116133 -29.521151 12.324
 29    46.440 53224.08834089 22.48 303.115253 -29.517871 12.324
 30    46.791 53259.08831362 15.30 303.110630 -29.530935 11.511
 30    47.489 53259.08831426 14.33 303.109750 -29.527655 11.511
 30    47.879 53259.08831491 15.65 303.108870 -29.524375 11.511
 31    61.769 53294.08833787 15.81 303.112210 -29.532282 10.886
 31    60.585 53294.08833852 16.00 303.111330 -29.529002 10.886
 31    58.645 53294.08833916 19.70 303.110450 -29.525722 10.886
 31    57.217 53294.08833980 18.09 303.109564 -29.522446 15.315
 32    46.970 53329.08831205 42.51 303.117732 -29.526821 14.911
 32    46.504 53329.08831270 28.98 303.116852 -29.523541 14.911
 32    46.306 53329.08831334 24.67 303.115973 -29.520264 14.621
 32    46.154 53329.08831399 24.54 303.115093 -29.516984 14.621
 33    48.876 53364.08826369 26.31 303.117961 -29.526988 13.694
 33    48.005 53364.08826434 29.18 303.117081 -29.523708 13.694
 33    43.366 53364.08826498 30.88 303.116191 -29.520428 13.694
 33    47.797 53364.08826563 21.15 303.115311 -29.517148 13.694
 35    42.545 53434.08827769 46.36 303.116993 -29.527313 14.024
 35    42.239 53434.08827833 50.18 303.116113 -29.524033 14.024
 35    43.146 53434.08827898 46.33 303.115233 -29.520753 14.024
 35    42.933 53434.08827962 50.16 303.114349 -29.517475 12.403
 36    44.984 53469.08831922 32.05 303.117670 -29.527851 10.714
 36    48.221 53469.08831987 21.37 303.116792 -29.524576  6.445
 36    47.960 53469.08832051 18.62 303.115912 -29.521296  6.445
 36    53.921 53469.08832116 17.84 303.115032 -29.518016  6.445
 37    48.268 53504.08836382 22.86 303.112280 -29.529456 13.501
 37    47.913 53504.08836447 22.48 303.111390 -29.526176 13.501
 37    47.675 53504.08836511 23.47 303.110510 -29.522896 13.501
 38    49.270 53539.08836179 24.18 303.115391 -29.529389 10.362
 38    48.901 53539.08836243 24.05 303.114511 -29.526109 10.362
 38    48.486 53539.08836308 24.49 303.113631 -29.522832 20.481
 38    48.859 53539.08836372 25.00 303.112741 -29.519552 20.481
 39    46.518 53574.08835909 25.49 303.112717 -29.531865 13.079
 39    47.602 53574.08835973 19.77 303.111837 -29.528585 13.079
 39    48.277 53574.08836038 20.63 303.110947 -29.525305 13.079
 39    48.492 53574.08836102 23.38 303.110067 -29.522025 13.079
 40    45.084 53609.08830899 48.26 303.112889 -29.531089 19.019
 40    44.863 53609.08830964 49.60 303.112009 -29.527809 19.019
 40    45.146 53609.08831028 50.53 303.111129 -29.524529 19.019
 40    45.008 53609.08831093 49.39 303.110249 -29.521249 19.019
 41    45.596 53644.08831255 26.40 303.118204 -29.524538 13.830
 41    45.158 53644.08831320 27.27 303.117324 -29.521258 13.830
 41    45.192 53644.08831384 25.73 303.116436 -29.517981 13.143
 41    48.287 53644.08831449 24.43 303.115556 -29.514701 13.143
 42    47.111 53679.08832936 23.67 303.111574 -29.530163 12.635
 42    48.022 53679.08833001 22.05 303.110684 -29.526883 12.635
 42    48.286 53679.08833065 23.52 303.109804 -29.523603 12.635
 43    44.103 53714.08825850 29.68 303.116958 -29.524904 15.919
 43    43.919 53714.08825915 30.62 303.116068 -29.521624 15.919
 43    47.048 53714.08825979 23.33 303.115188 -29.518344 15.919
 43    48.594 53714.08826044 17.74 303.114306 -29.515065 12.793
 44    49.462 53749.08817341 19.87 303.124537 -29.523429  9.832
 44    42.810 53749.08817405 24.13 303.123647 -29.520149  9.832
 44    42.863 53749.08817470 28.25 303.122768 -29.516873  7.181
 44    42.521 53749.08817534 22.65 303.121888 -29.513593  7.181
 44    47.167 53749.08817599 16.19 303.121008 -29.510313  7.181
 45    42.573 53784.08820382 51.28 303.119423 -29.525215 15.851
 45    41.950 53784.08820447 46.96 303.118543 -29.521935 15.851
 45    43.084 53784.08820511 46.44 303.117663 -29.518655 15.851
 45    43.114 53784.08820576 47.40 303.116787 -29.515377 11.260
 46    42.844 53819.08816478 27.27 303.115780 -29.527798 15.014
 46    43.231 53819.08816542 25.43 303.114900 -29.524518 15.014
 46    43.046 53819.08816606 23.71 303.114020 -29.521238 15.014
 46    43.244 53819.08816671 21.01 303.113130 -29.517958 15.014
 47    48.238 53854.08824425 23.24 303.115203 -29.530507 12.184
 47    47.789 53854.08824490 19.06 303.114323 -29.527227 12.184
 47    46.326 53854.08824554 21.97 303.113443 -29.523947 12.184
 47    46.445 53854.08824619 18.92 303.112553 -29.520667 12.184
 47    47.425 53854.08824683 16.33 303.111673 -29.517387 12.184
 48    42.695 53889.08825386 20.92 303.123279 -29.522341  8.586
 48    42.858 53889.08825451 26.35 303.122399 -29.519061  8.586
 48    42.591 53889.08825515 25.79 303.121509 -29.515781  8.586
 48    42.571 53889.08825580 18.98 303.120629 -29.512501  8.586
 49    47.290 53924.08831980 16.13 303.108887 -29.533580 10.088
 49    48.076 53924.08832044 15.09 303.108007 -29.530300 10.088
 49    47.323 53924.08832109 15.98 303.107127 -29.527020 10.088
 50    42.627 53959.08831091 42.15 303.109407 -29.532968 13.684
 50    42.654 53959.08831155 25.96 303.108517 -29.529688 13.684
 50    42.746 53959.08831220 18.77 303.107637 -29.526408 13.684
 51    55.159 53994.08824284 18.29 303.123923 -29.523975 11.870
 51    53.825 53994.08824348 17.38 303.123043 -29.520695 11.870
 51    52.006 53994.08824413 17.69 303.122163 -29.517415 11.870
 51    48.228 53994.08824477 17.37 303.121283 -29.514135 11.870
 51    44.039 53994.08824542 17.76 303.120393 -29.510855 11.870
 52    45.368 54029.08830225 50.79 303.120478 -29.524708 13.059
 52    45.262 54029.08830290 31.84 303.119598 -29.521428 13.059
 52    44.669 54029.08830354 22.58 303.118718 -29.518148 13.059
 52    44.656 54029.08830419 18.74 303.117828 -29.514868 13.059
 53    47.359 54064.08829519 52.19 303.119669 -29.526439 20.865
 53    47.394 54064.08829584 49.10 303.118789 -29.523159 20.865
 53    47.617 54064.08829648 49.01 303.117909 -29.519879 20.865
 53    47.781 54064.08829713 48.37 303.117029 -29.516599 20.865
 53    46.983 54064.08829777 47.05 303.116139 -29.513319 20.865
 54    47.065 54099.08826139 51.18 303.114398 -29.528827 25.601
 54    47.231 54099.08826204 51.18 303.113518 -29.525547 25.601
 54    47.243 54099.08826268 49.91 303.112628 -29.522267 25.601
 54    46.933 54099.08826333 50.20 303.111748 -29.518987 25.601
 55    44.173 54134.08822021 51.13 303.119001 -29.524264 20.697
 55    44.607 54134.08822085 46.72 303.118111 -29.520984 20.697
 55    44.633 54134.08822150 48.29 303.117231 -29.517704 20.697
 55    44.480 54134.08822214 48.65 303.116351 -29.514424 20.697
 57    47.225 54204.08822344 18.49 303.118574 -29.526014 14.794
 57    44.244 54204.08822408 23.65 303.117694 -29.522734 14.794
 57    46.849 54204.08822473 18.00 303.116814 -29.519454 14.794
 57    46.928 54204.08822537 20.59 303.115924 -29.516174 14.794
 58    46.356 54239.08825860 35.20 303.117537 -29.525975 14.757
 58    46.070 54239.08825925 24.59 303.116657 -29.522695 14.757
 58    46.211 54239.08825989 23.19 303.115767 -29.519415 14.757
 58    46.510 54239.08826054 22.05 303.114887 -29.516135 14.757
 59    44.572 54274.08827645 46.21 303.116645 -29.525569 16.925
 59    44.860 54274.08827709 37.13 303.115765 -29.522289 16.925
 59    44.582 54274.08827774 34.17 303.114875 -29.519009 16.925
 59    44.788 54274.08827838 29.78 303.113995 -29.515729 16.925
 60    47.563 54309.08827782 24.35 303.117224 -29.524799 18.099
 60    46.931 54309.08827846 22.64 303.116344 -29.521519 18.099
 60    46.995 54309.08827910 23.05 303.115464 -29.518239 18.099
 60    47.493 54309.08827975 19.06 303.114574 -29.514959 18.099
 61    44.974 54344.08825412 50.74 303.116085 -29.529543 21.114
 61    44.887 54344.08825477 50.85 303.115195 -29.526263 21.114
 61    45.211 54344.08825541 47.91 303.114315 -29.522983 21.114
 61    44.862 54344.08825605 51.66 303.113435 -29.519703 21.114
 61    44.680 54344.08825670 49.40 303.112555 -29.516423 21.114
 62    47.129 54379.08821317 22.52 303.118620 -29.526807 18.654
 62    47.160 54379.08821382 18.85 303.117730 -29.523527 18.654
 62    47.189 54379.08821446 20.46 303.116850 -29.520247 18.654
 62    47.044 54379.08821510 24.78 303.115970 -29.516967 18.654
 63    48.294 54414.08820209 32.72 303.116450 -29.529094 18.386
 63    47.918 54414.08820273 24.84 303.115570 -29.525814 18.386
 63    47.864 54414.08820338 21.88 303.114690 -29.522534 18.386
 63    48.061 54414.08820402 21.39 303.113800 -29.519254 18.386
 63    48.857 54414.08820467 21.96 303.112920 -29.515974 18.386
 64    47.589 54449.08817979 23.20 303.119412 -29.526970 14.618
 64    48.256 54449.08818043 17.64 303.118522 -29.523690 14.618
 64    47.312 54449.08818108 17.44 303.117642 -29.520410 14.618
 64    48.076 54449.08818172 15.96 303.116762 -29.517130 14.618
 64    48.272 54449.08818237 23.68 303.115882 -29.513850 14.618
 65    47.877 54484.08819695 26.69 303.118465 -29.525503 10.768
 65    44.001 54484.08819760 33.31 303.117585 -29.522223 10.768
 65    46.600 54484.08819824 27.34 303.116705 -29.518943 10.768
 65    47.819 54484.08819889 22.28 303.115825 -29.515663 10.768
 66    42.979 54519.08819339 48.80 303.120023 -29.526687 10.187
 66    43.162 54519.08819403 40.98 303.119143 -29.523407 10.187
 66    43.253 54519.08819468 34.84 303.118263 -29.520127 10.187
 66    43.089 54519.08819532 24.58 303.117373 -29.516847 10.187
 66    42.767 54519.08819596 18.22 303.116493 -29.513567 10.187
 67    42.043 54554.08820795 40.14 303.115198 -29.529125 14.208
 67    43.095 54554.08820860 24.13 303.114318 -29.525845 14.208
 67    42.733 54554.08820924 22.89 303.113443 -29.522568  9.222
 67    42.671 54554.08820988 18.25 303.112553 -29.519288  9.222
 68    47.895 54589.08818960 17.48 303.117887 -29.527770  6.475
 68    47.343 54589.08819025 15.92 303.117007 -29.524490  6.475
 68    46.766 54589.08819089 13.56 303.116117 -29.521210  6.475
 68    47.210 54589.08819154 14.53 303.115237 -29.517930  6.475
 69    44.815 54624.08820705 50.48 303.116204 -29.527756 18.573
 69    44.861 54624.08820769 48.96 303.115324 -29.524476 18.573
 69    45.287 54624.08820834 50.52 303.114434 -29.521196 18.573
 69    45.396 54624.08820898 49.32 303.113554 -29.517916 18.573
 70    45.326 54659.08821506 49.59 303.115725 -29.529529 20.278
 70    45.124 54659.08821570 51.72 303.114845 -29.526249 20.278
 70    45.538 54659.08821635 47.08 303.113965 -29.522969 20.278
 70    45.536 54659.08821699 52.55 303.113075 -29.519689 20.278
 71    44.886 54694.08819619 52.78 303.115678 -29.526235 14.970
 71    45.005 54694.08819683 49.71 303.114798 -29.522955 14.970
 71    45.013 54694.08819748 49.57 303.113912 -29.519678 18.277
 71    44.596 54694.08819812 49.15 303.113032 -29.516398 18.277
 72    45.499 54729.08817065 41.93 303.118405 -29.524477 16.984
 72    45.137 54729.08817129 25.60 303.117525 -29.521197 16.984
 72    45.953 54729.08817193 22.83 303.116635 -29.517917 16.984
 72    45.827 54729.08817258 37.45 303.115755 -29.514637 16.984
 73    48.141 54764.08817378 48.65 303.116384 -29.526734 14.446
 73    48.333 54764.08817442 48.76 303.115504 -29.523456 20.414
 73    48.326 54764.08817507 49.54 303.114624 -29.520176 20.414
 73    48.401 54764.08817571 51.06 303.113734 -29.516896 20.414
 74    44.106 54799.08816287 51.25 303.118707 -29.525784 18.464
 74    44.648 54799.08816352 50.84 303.117827 -29.522504 18.464
 74    44.586 54799.08816416 48.37 303.116947 -29.519224 18.464
 74    44.666 54799.08816481 48.42 303.116057 -29.515944 18.464
 75    42.822 54834.08816454 39.51 303.116097 -29.527295 12.812
 75    42.858 54834.08816519 40.51 303.115218 -29.524018  8.531
 75    42.516 54834.08816583 30.68 303.114328 -29.520738  8.531
 75    42.756 54834.08816647 23.78 303.113448 -29.517458  8.531
 76    48.861 54869.08816031 22.49 303.119777 -29.525622 10.334
 76    46.438 54869.08816095 26.67 303.118897 -29.522342 10.334
 76    42.930 54869.08816160 28.14 303.118007 -29.519062 10.334
 76    47.374 54869.08816224 22.36 303.117127 -29.515782 10.334
 77    49.339 54904.08817299 23.38 303.113251 -29.529447 21.173
 77    43.370 54904.08817364 26.24 303.112371 -29.526167 21.173
 77    43.564 54904.08817428 31.92 303.111496 -29.522889 13.651
 77    43.225 54904.08817493 40.64 303.110606 -29.519609 13.651
 78    42.426 54939.08815088 53.04 303.118347 -29.526341 28.260
 78    42.212 54939.08815152 48.18 303.117467 -29.523061 28.260
 78    42.667 54939.08815217 49.31 303.116587 -29.519781 28.260
 78    42.585 54939.08815281 50.94 303.115697 -29.516501 28.260
 79    43.399 54974.08818257 38.82 303.116587 -29.526119 12.985
 79    42.633 54974.08818322 38.83 303.115707 -29.522839 12.985
 79    43.383 54974.08818386 33.78 303.114817 -29.519559 12.985
 79    43.346 54974.08818450 44.97 303.113937 -29.516279 12.985
 80    43.539 55009.08819572 21.16 303.115155 -29.528166 12.920
 80    43.672 55009.08819636 19.70 303.114276 -29.524888 11.908
 80    46.939 55009.08819701 16.80 303.113396 -29.521608 11.908
 80    47.541 55009.08819765 17.57 303.112506 -29.518328 11.908
 81    44.726 55044.08818550 17.19 303.117702 -29.527504 11.361
 81    45.100 55044.08818614 15.23 303.116821 -29.524229  6.983
 81    46.266 55044.08818679 14.22 303.115941 -29.520949  6.983
 81    47.407 55044.08818743 14.47 303.115051 -29.517669  6.983
 82    52.441 55079.08816241 24.02 303.115428 -29.529556 12.341
 82    50.906 55079.08816305 22.28 303.114548 -29.526276 12.341
 82    47.420 55079.08816370 21.61 303.113663 -29.522998 13.211
 82    47.433 55079.08816434 19.47 303.112783 -29.519718 13.211
 83    47.638 55114.08811840 21.12 303.118168 -29.525427 12.063
 83    47.664 55114.08811905 19.89 303.117283 -29.522149 16.580
 83    47.198 55114.08811969 24.68 303.116403 -29.518869 16.580
 83    48.740 55114.08812034 21.54 303.115523 -29.515589 16.580
 84    52.232 55149.08811740 27.96 303.116111 -29.529325 12.262
 84    47.704 55149.08811804 26.55 303.115231 -29.526045 12.262
 84    48.353 55149.08811869 24.18 303.114351 -29.522768 18.771
 84    48.821 55149.08811933 23.76 303.113461 -29.519488 18.771
 85    47.969 55184.08810117 50.21 303.118363 -29.524381 20.210
 85    47.671 55184.08810182 48.90 303.117483 -29.521101 20.210
 85    47.902 55184.08810246 43.61 303.116593 -29.517821 20.210
 85    47.809 55184.08810311 48.59 303.115713 -29.514541 20.210
 86    48.168 55219.08811604 31.13 303.115058 -29.528198 14.715
 86    47.907 55219.08811668 25.62 303.114179 -29.524919 21.130
 86    48.129 55219.08811732 23.41 303.113289 -29.521639 21.130
 86    48.488 55219.08811797 22.34 303.112409 -29.518359 21.130
 87    45.892 55254.08809629 40.94 303.120292 -29.526845 15.911
 87    45.620 55254.08809694 28.72 303.119412 -29.523565 15.911
 87    46.453 55254.08809758 20.58 303.118532 -29.520285 15.911
 87    47.992 55254.08809823 20.42 303.117642 -29.517005 15.911
 87    48.605 55254.08809887 27.23 303.116762 -29.513725 15.911
 88    45.407 55289.08810481 21.19 303.114423 -29.530756 14.861
 88    47.433 55289.08810545 17.18 303.113533 -29.527476 14.861
 88    47.835 55289.08810610 18.41 303.112653 -29.524196 14.861
 88    48.226 55289.08810674 21.94 303.111770 -29.520920 19.769
 89    47.091 55324.08808441 22.02 303.114847 -29.527217 15.990
 89    47.961 55324.08808505 19.82 303.113967 -29.523937 15.990
 89    48.772 55324.08808570 19.68 303.113077 -29.520657 15.990
 89    48.909 55324.08808634 21.26 303.112197 -29.517377 15.990
 90    46.841 55359.08808198 19.45 303.115880 -29.529329 13.833
 90    47.394 55359.08808262 17.34 303.115000 -29.526051 19.288
 90    48.063 55359.08808327 18.38 303.114120 -29.522771 19.288
 90    48.526 55359.08808391 18.57 303.113230 -29.519491 19.288
 91    47.573 55394.08808611 18.55 303.117710 -29.525991 13.224
 91    47.486 55394.08808675 16.68 303.116830 -29.522711 13.224
 91    48.222 55394.08808740 16.71 303.115950 -29.519431 13.224
 91    48.760 55394.08808804 17.49 303.115060 -29.516151 13.224
 92    44.519 55429.08809805 47.71 303.118004 -29.526915 16.164
 92    44.298 55429.08809870 47.27 303.117123 -29.523639 20.893
 92    44.349 55429.08809934 46.30 303.116243 -29.520359 20.893
 92    44.845 55429.08809999 48.00 303.115353 -29.517079 20.893
 93    47.163 55464.08806073 49.15 303.116280 -29.528945 14.147
 93    46.880 55464.08806137 50.11 303.115400 -29.525665 14.147
 93    47.024 55464.08806202 45.37 303.114517 -29.522385 20.520
 93    46.996 55464.08806266 38.13 303.113637 -29.519105 20.520
