# NaN NaN NaN ;Mean Elev.(m), Avg Gradient(m/km), RMS Gradient(m/km) - SRTM1     
#   12.215   0.141   1.253 ;Mean Elev.(m), Avg Gradient(m/km), RMS Gradient(m/km) - ASTER GDEM
#    0.249   0.072   0.944 ;Mean Elev.(m), Avg Gradient(m/km), RMS Gradient(m/km) - GMTED2010 
  6     3.024 52441.09361723 52.72 301.829754 -32.716997 48.150
  6     3.117 52441.09361788 50.18 301.828834 -32.713727 48.150
  6     3.079 52441.09361852 42.13 301.827904 -32.710447 48.150
  6     2.882 52441.09361917 30.10 301.826974 -32.707177 48.150
  6     2.829 52441.09361981 25.95 301.826054 -32.703897 48.150
  6     2.888 52441.09362046 29.25 301.825124 -32.700627 48.150
  6     3.100 52441.09362110 37.13 301.824204 -32.697347 48.150
  7     2.220 52476.09361461 24.23 301.833627 -32.713854 17.111
  7     2.165 52476.09361525 21.88 301.832697 -32.710584 17.111
  7     2.261 52476.09361590 17.40 301.831777 -32.707304 17.111
  7     2.222 52476.09361654 18.59 301.830847 -32.704034 17.111
  7     2.041 52476.09361719 20.16 301.829927 -32.700754 17.111
  7     2.291 52476.09361783 20.06 301.828997 -32.697484 17.111
  7     2.368 52476.09361848 20.53 301.828067 -32.694214 17.111
  7     2.247 52476.09361912 23.16 301.827147 -32.690934 17.111
 11     5.501 52616.09357965 31.25 301.831679 -32.713202 13.508
 11     5.460 52616.09358030 29.45 301.830749 -32.709922 13.508
 11     5.455 52616.09358094 29.81 301.829829 -32.706652 13.508
 11     5.492 52616.09358158 30.52 301.828899 -32.703372 13.508
 11     5.568 52616.09358223 31.82 301.827969 -32.700102 13.508
 11     5.463 52616.09358287 31.77 301.827049 -32.696832 13.508
 11     5.563 52616.09358352 30.66 301.826119 -32.693552 13.508
 11     5.624 52616.09358416 32.02 301.825199 -32.690282 13.508
 19     2.364 52896.09371590 25.05 301.833782 -32.707352 22.884
 19     2.443 52896.09371655 22.69 301.832852 -32.704072 22.884
 19     2.306 52896.09371719 22.97 301.831922 -32.700802 22.884
 19     2.334 52896.09371784 23.24 301.831002 -32.697522 22.884
 19     2.377 52896.09371848 25.10 301.830072 -32.694252 22.884
 19     2.446 52896.09371913 31.48 301.829152 -32.690982 22.884
 20     2.313 52931.09366234 17.93 301.832107 -32.715708 27.992
 20     2.116 52931.09366299 17.42 301.831183 -32.712434 14.164
 20     1.790 52931.09366363 20.24 301.830253 -32.709154 14.164
 20     1.448 52931.09366428 22.56 301.829323 -32.705884 14.164
 20     1.668 52931.09366492 21.92 301.828403 -32.702604 14.164
 20     1.782 52931.09366557 23.21 301.827473 -32.699334 14.164
 20     2.124 52931.09366621 20.63 301.826553 -32.696054 14.164
 20     2.189 52931.09366686 22.37 301.825623 -32.692784 14.164
 20     2.290 52931.09366750 22.68 301.824693 -32.689514 14.164
 22     4.521 53001.09368911 32.41 301.831948 -32.715199 46.085
 22     4.433 53001.09368976 31.34 301.831018 -32.711929 46.085
 22     4.387 53001.09369040 31.46 301.830098 -32.708659 46.085
 22     4.440 53001.09369105 33.29 301.829168 -32.705376 24.527
 22     4.515 53001.09369169 33.33 301.828238 -32.702106 24.527
 22     4.589 53001.09369233 33.48 301.827318 -32.698836 24.527
 22     4.614 53001.09369298 34.62 301.826388 -32.695556 24.527
 22     4.761 53001.09369362 36.76 301.825458 -32.692286 24.527
 22     4.790 53001.09369427 37.56 301.824538 -32.689006 24.527
 23     2.292 53036.09363932 20.06 301.831895 -32.712566 23.675
 23     2.266 53036.09363997 21.34 301.830975 -32.709296 23.675
 23     2.270 53036.09364061 21.82 301.830045 -32.706016 23.675
 23     2.463 53036.09364126 22.01 301.829115 -32.702746 23.675
 23     2.544 53036.09364190 22.84 301.828195 -32.699466 23.675
 23     2.691 53036.09364255 23.73 301.827265 -32.696196 23.675
 23     2.807 53036.09364319 26.53 301.826335 -32.692916 23.675
 23     2.738 53036.09364384 33.34 301.825415 -32.689646 23.675
 25     1.741 53106.09363978 14.29 301.830976 -32.714379 10.764
 25     1.660 53106.09364042 14.28 301.830046 -32.711109 10.764
 25     1.561 53106.09364107 16.09 301.829116 -32.707839 10.764
 25     1.669 53106.09364171 17.48 301.828196 -32.704559 10.764
 25     1.764 53106.09364235 19.11 301.827266 -32.701289 10.764
 25     1.811 53106.09364300 21.55 301.826346 -32.698009 10.764
 25     2.150 53106.09364364 18.22 301.825416 -32.694739 10.764
 25     2.033 53106.09364429 18.40 301.824486 -32.691459 10.764
 28     1.399 53211.09371871 42.72 301.833283 -32.703449 42.744
 28     1.374 53211.09371935 43.87 301.832353 -32.700169 42.744
 28     1.270 53211.09372000 39.87 301.831423 -32.696899 42.744
 28     1.432 53211.09372064 49.08 301.830503 -32.693629 42.744
 28     1.424 53211.09372129 43.79 301.829573 -32.690349 42.744
 36     1.695 53491.09372595 44.95 301.832521 -32.715209 50.485
 36     2.084 53491.09372660 54.60 301.831591 -32.711939 50.485
 36     2.025 53491.09372724 54.32 301.830661 -32.708659 50.485
 36     1.977 53491.09372789 53.26 301.829741 -32.705389 50.485
 36     2.060 53491.09372853 52.95 301.828811 -32.702109 50.485
 36     2.141 53491.09372918 52.19 301.827881 -32.698839 50.485
 36     2.153 53491.09372982 51.79 301.826961 -32.695559 50.485
 36     2.154 53491.09373047 51.89 301.826031 -32.692289 50.485
 36     2.142 53491.09373111 51.57 301.825101 -32.689019 50.485
 38     2.315 53561.09373704 48.64 301.831711 -32.717460 52.378
 38     2.260 53561.09373769 55.69 301.830781 -32.714180 52.378
 38     2.247 53561.09373833 53.37 301.829861 -32.710910 52.378
 38     2.421 53561.09373898 50.23 301.828931 -32.707630 52.378
 38     2.401 53561.09373962 48.89 301.828001 -32.704360 52.378
 38     2.386 53561.09374027 47.98 301.827081 -32.701080 52.378
 38     2.375 53561.09374091 51.83 301.826151 -32.697810 52.378
 38     2.359 53561.09374156 52.44 301.825231 -32.694540 52.378
 38     2.352 53561.09374220 54.03 301.824301 -32.691260 52.378
 41     3.320 53666.09369416 27.98 301.833831 -32.708944 24.379
 41     3.321 53666.09369480 26.42 301.832901 -32.705664 24.379
 41     3.285 53666.09369545 27.82 301.831981 -32.702394 24.379
 41     3.309 53666.09369609 28.15 301.831051 -32.699114 24.379
 41     3.301 53666.09369674 28.40 301.830121 -32.695844 24.379
 41     3.403 53666.09369738 29.02 301.829201 -32.692574 24.379
 41     3.513 53666.09369802 30.20 301.828271 -32.689294 24.379
 48     2.442 53911.09366644 19.16 301.833892 -32.713036 11.999
 48     2.357 53911.09366709 18.93 301.832962 -32.709766 11.999
 48     2.066 53911.09366773 21.10 301.832037 -32.706485 26.064
 48     1.834 53911.09366838 22.36 301.831107 -32.703215 26.064
 48     1.899 53911.09366902 24.09 301.830187 -32.699945 26.064
 48     2.077 53911.09366967 23.99 301.829257 -32.696665 26.064
 48     1.746 53911.09367031 28.28 301.828327 -32.693395 26.064
 48     1.687 53911.09367096 36.95 301.827407 -32.690115 26.064
 49     1.830 53946.09368397 18.88 301.830615 -32.719406 25.862
 49     1.700 53946.09368461 18.37 301.829685 -32.716136 25.862
 49     1.724 53946.09368526 19.72 301.828765 -32.712856 25.862
 49     1.728 53946.09368590 22.59 301.827835 -32.709586 25.862
 49     1.773 53946.09368654 24.05 301.826915 -32.706316 25.862
 49     2.024 53946.09368719 23.83 301.825986 -32.703042 14.673
 49     1.979 53946.09368783 29.41 301.825056 -32.699762 14.673
 49     2.361 53946.09368848 24.91 301.824136 -32.696492 14.673
 50     1.670 53981.09363065 25.21 301.833680 -32.710501 17.169
 50     1.690 53981.09363129 25.37 301.832750 -32.707221 17.169
 50     1.948 53981.09363194 24.51 301.831830 -32.703951 17.169
 50     2.154 53981.09363258 23.95 301.830900 -32.700681 17.169
 50     2.446 53981.09363323 23.50 301.829978 -32.697406 30.404
 50     2.746 53981.09363387 25.46 301.829048 -32.694126 30.404
 50     2.765 53981.09363452 27.93 301.828118 -32.690856 30.404
 54     2.104 54121.09356960 47.40 301.832661 -32.711165 26.660
 54     1.887 54121.09357024 48.62 301.831731 -32.707895 26.660
 54     1.902 54121.09357089 42.55 301.830811 -32.704615 26.660
 54     1.914 54121.09357153 42.93 301.829881 -32.701345 26.660
 54     1.899 54121.09357218 31.43 301.828951 -32.698075 26.660
 54     1.924 54121.09357282 41.83 301.828027 -32.694799 40.819
 54     1.868 54121.09357347 50.16 301.827107 -32.691519 40.819
 56     3.230 54191.09356761 28.44 301.833734 -32.708214 24.753
 56     3.389 54191.09356826 27.72 301.832804 -32.704944 24.753
 56     3.307 54191.09356890 27.39 301.831884 -32.701664 24.753
 56     3.354 54191.09356955 27.47 301.830954 -32.698394 24.753
 56     3.395 54191.09357019 27.82 301.830034 -32.695114 24.753
 56     3.519 54191.09357084 29.07 301.829104 -32.691844 24.753
 56     3.581 54191.09357148 34.68 301.828184 -32.688574 24.753
 61     2.456 54366.09357429 18.88 301.833690 -32.708107 18.761
 61     2.444 54366.09357494 19.62 301.832760 -32.704837 18.761
 61     2.280 54366.09357558 21.14 301.831840 -32.701557 18.761
 61     2.131 54366.09357623 21.71 301.830910 -32.698287 18.761
 61     2.135 54366.09357687 21.28 301.829990 -32.695007 18.761
 61     2.215 54366.09357752 23.18 301.829060 -32.691737 18.761
 61     2.346 54366.09357816 24.51 301.828140 -32.688467 18.761
 63     2.226 54436.09353139 23.37 301.832640 -32.700374 23.513
 63     2.121 54436.09353203 28.47 301.831710 -32.697104 23.513
 63     2.042 54436.09353268 30.76 301.830780 -32.693834 23.513
 63     2.151 54436.09353332 28.02 301.829860 -32.690554 23.513
 65     1.129 54506.09354438 20.93 301.832684 -32.700449 18.141
 65     1.243 54506.09354502 21.94 301.831764 -32.697179 18.141
 65     1.586 54506.09354567 26.45 301.830834 -32.693899 18.141
 65     1.682 54506.09354631 24.15 301.829914 -32.690629 18.141
 67     1.680 54576.09354539 51.59 301.833351 -32.703748 41.728
 67     1.781 54576.09354604 52.79 301.832421 -32.700478 41.728
 67     1.744 54576.09354668 53.40 301.831491 -32.697208 41.728
 67     1.639 54576.09354733 53.18 301.830571 -32.693928 41.728
 67     1.696 54576.09354797 46.75 301.829641 -32.690658 41.728
 71     1.514 54716.09352347 26.61 301.832610 -32.700198 14.156
 71     1.540 54716.09352412 27.95 301.831690 -32.696918 14.156
 71     2.171 54716.09352476 27.14 301.830760 -32.693648 14.156
 71     2.261 54716.09352541 28.05 301.829830 -32.690378 14.156
 76     1.275 54891.09354229 46.50 301.832539 -32.697488 26.516
 76     1.525 54891.09354294 43.21 301.831609 -32.694218 26.516
 77     2.063 54926.09350471 15.06 301.833259 -32.711871  7.161
 77     1.791 54926.09350536 16.67 301.832339 -32.708591  7.161
 77     1.517 54926.09350600 19.04 301.831409 -32.705321  7.161
 77     1.598 54926.09350665 19.55 301.830489 -32.702041  7.161
 77     1.784 54926.09350729 20.55 301.829559 -32.698771  7.161
 77     1.986 54926.09350794 19.56 301.828629 -32.695501  7.161
 77     2.282 54926.09350858 18.65 301.827709 -32.692221  7.161
 77     2.252 54926.09350923 21.20 301.826779 -32.688951  7.161
 79     0.995 54996.09356189 49.77 301.833077 -32.702180 34.634
 79     0.979 54996.09356254 51.89 301.832147 -32.698900 34.634
 79     1.030 54996.09356318 46.07 301.831217 -32.695630 34.634
 79     1.093 54996.09356383 49.27 301.830297 -32.692350 34.634
 82     3.414 55101.09348092 27.32 301.833146 -32.713711 22.975
 82     3.329 55101.09348157 26.21 301.832216 -32.710431 22.975
 82     3.357 55101.09348221 25.61 301.831286 -32.707161 22.975
 82     3.263 55101.09348286 26.32 301.830366 -32.703881 22.975
 82     3.308 55101.09348350 27.96 301.829436 -32.700611 22.975
 82     3.430 55101.09348414 27.61 301.828516 -32.697341 22.975
 82     3.469 55101.09348479 28.42 301.827586 -32.694061 22.975
 82     3.517 55101.09348543 30.48 301.826656 -32.690791 22.975
 84     7.091 55171.09345009 33.26 301.832406 -32.697081 17.163
 84     7.076 55171.09345073 31.44 301.831476 -32.693811 17.163
 86     3.578 55241.09345348 30.76 301.834110 -32.710006 26.953
 86     3.560 55241.09345413 28.94 301.833180 -32.706736 26.953
 86     3.592 55241.09345477 27.37 301.832260 -32.703456 26.953
 86     3.577 55241.09345541 27.94 301.831330 -32.700186 26.953
 86     3.526 55241.09345606 27.77 301.830410 -32.696916 26.953
 86     3.549 55241.09345670 28.29 301.829480 -32.693636 26.953
 86     3.613 55241.09345735 29.92 301.828550 -32.690366 26.953
 88     2.256 55311.09343934 22.35 301.833500 -32.704062 28.744
 88     2.222 55311.09343998 22.14 301.832570 -32.700792 28.744
 88     2.134 55311.09344063 22.31 301.831650 -32.697512 28.744
 88     2.219 55311.09344127 25.86 301.830720 -32.694242 28.744
 88     2.317 55311.09344191 29.90 301.829790 -32.690972 28.744
 93     2.253 55486.09337053 21.37 301.833331 -32.704921 23.672
 93     2.183 55486.09337117 21.26 301.832411 -32.701641 23.672
 93     2.052 55486.09337182 22.73 301.831481 -32.698371 23.672
 93     2.163 55486.09337246 23.20 301.830551 -32.695101 23.672
 93     2.246 55486.09337311 25.28 301.829631 -32.691821 23.672
 93     2.377 55486.09337375 32.52 301.828701 -32.688551 23.672
