-242440.686    -0.049     0.00    0.00
-242065.415    -0.049     0.00    0.00
-241690.166    -0.049     0.00    0.00
-241314.939    -0.049     0.00    0.00
-240939.734    -0.049     0.00    0.00
-240564.551    -0.049     0.00    0.00
-240189.390    -0.049     0.00    0.00
-239814.251    -0.049     0.00    0.00
-239439.134    -0.049     0.00    0.00
-239064.039    -0.049     0.00    0.00
-238688.966    -0.049     0.00    0.00
-238313.916    -0.049     0.00    0.00
-237938.887    -0.049     0.00    0.00
-237563.880    -0.049     0.00    0.00
-237188.896    -0.049     0.00    0.00
-236813.933    -0.049     0.00    0.00
-236438.992    -0.049     0.00    0.00
-236064.073    -0.049     0.00    0.00
-235689.177    -0.049     0.00    0.00
-235314.302    -0.049     0.00    0.00
-234939.449    -0.049     0.00    0.00
-234564.618    -0.049     0.00    0.00
-234189.810    -0.049     0.00    0.00
-233815.023    -0.049     0.00    0.00
-233440.258    -0.049     0.00    0.00
-233065.515    -0.049     0.00    0.00
-232690.794    -0.049     0.00    0.00
-232316.095    -0.049     0.00    0.00
-231941.418    -0.049     0.00    0.00
-231566.762    -0.049     0.00    0.00
-231192.129    -0.049     0.00    0.00
-230817.518    -0.049     0.00    0.00
-230442.928    -0.049     0.00    0.00
-230068.360    -0.049     0.00    0.00
-229693.815    -0.049     0.00    0.00
-229319.291    -0.049     0.00    0.00
-228944.789    -0.049     0.00    0.00
-228570.309    -0.049     0.00    0.00
-228195.851    -0.049     0.00    0.00
-227821.414    -0.049     0.00    0.00
-227447.000    -0.049     0.00    0.00
-227072.607    -0.049     0.00    0.00
-226698.236    -0.049     0.00    0.00
-226323.888    -0.049     0.00    0.00
-225949.560    -0.049     0.00    0.00
-225575.255    -0.049     0.00    0.00
-225200.972    -0.049     0.00    0.00
-224826.710    -0.049     0.00    0.00
-224452.470    -0.049     0.00    0.00
-224078.252    -0.049     0.00    0.00
-223704.056    -0.049     0.00    0.00
-223329.882    -0.049     0.00    0.00
-222955.729    -0.049     0.00    0.00
-222581.598    -0.049     0.00    0.00
-222207.489    -0.049     0.00    0.00
-221833.402    -0.049     0.00    0.00
-221459.336    -0.049     0.00    0.00
-221085.293    -0.049     0.00    0.00
-220711.271    -0.049     0.00    0.00
-220337.270    -0.049     0.00    0.00
-219963.292    -0.049     0.00    0.00
-219589.335    -0.049     0.00    0.00
-219215.400    -0.049     0.00    0.00
-218841.487    -0.049     0.00    0.00
-218467.595    -0.049     0.00    0.00
-218093.725    -0.049     0.00    0.00
-217719.877    -0.049     0.00    0.00
-217346.051    -0.049     0.00    0.00
-216972.246    -0.049     0.00    0.00
-216598.463    -0.049     0.00    0.00
-216224.702    -0.049     0.00    0.00
-215850.962    -0.049     0.00    0.00
-215477.244    -0.049     0.00    0.00
-215103.548    -0.049     0.00    0.00
-214729.873    -0.049     0.00    0.00
-214356.220    -0.049     0.00    0.00
-213982.589    -0.049     0.00    0.00
-213608.979    -0.049     0.00    0.00
-213235.391    -0.049     0.00    0.00
-212861.824    -0.049     0.00    0.00
-212488.280    -0.049     0.00    0.00
-212114.757    -0.049     0.00    0.00
-211741.255    -0.049     0.00    0.00
-211367.775    -0.049     0.00    0.00
-210994.317    -0.049     0.00    0.00
-210620.880    -0.049     0.00    0.00
-210247.465    -0.049     0.00    0.00
-209874.071    -0.049     0.00    0.00
-209500.699    -0.049     0.00    0.00
-209127.349    -0.049     0.00    0.00
-208754.020    -0.049     0.00    0.00
-208380.713    -0.049     0.00    0.00
-208007.427    -0.049     0.00    0.00
-207634.163    -0.049     0.00    0.00
-207260.921    -0.049     0.00    0.00
-206887.700    -0.049     0.00    0.00
-206514.500    -0.049     0.00    0.00
-206141.322    -0.049     0.00    0.00
-205768.166    -0.049     0.00    0.00
-205395.031    -0.049     0.00    0.00
-205021.918    -0.049     0.00    0.00
-204648.826    -0.049     0.00    0.00
-204275.756    -0.049     0.00    0.00
-203902.707    -0.049     0.00    0.00
-203529.680    -0.049     0.00    0.00
-203156.674    -0.049     0.00    0.00
-202783.689    -0.049     0.00    0.00
-202410.727    -0.049     0.00    0.00
-202037.785    -0.049     0.00    0.00
-201664.865    -0.049     0.00    0.00
-201291.967    -0.049     0.00    0.00
-200919.090    -0.049     0.00    0.00
-200546.234    -0.049     0.00    0.00
-200169.886    -0.049     0.00    0.00
-199792.726    -0.049     0.00    0.00
-199415.588    -0.049     0.00    0.00
-199038.472    -0.049     0.00    0.00
-198661.378    -0.049     0.00    0.00
-198284.306    -0.049     0.00    0.00
-197907.256    -0.049     0.00    0.00
-197530.228    -0.049     0.00    0.00
-197153.222    -0.049     0.00    0.00
-196776.238    -0.049     0.00    0.00
-196399.276    -0.049     0.00    0.00
-196022.335    -0.049     0.00    0.00
-195645.417    -0.049     0.00    0.00
-195268.520    -0.049     0.00    0.00
-194891.645    -0.049     0.00    0.00
-194514.793    -0.049     0.00    0.00
-194137.962    -0.049     0.00    0.00
-193761.153    -0.049     0.00    0.00
-193384.366    -0.049     0.00    0.00
-193007.601    -0.049     0.00    0.00
-192630.857    -0.049     0.00    0.00
-192254.136    -0.049     0.00    0.00
-191877.436    -0.049     0.00    0.00
-191500.758    -0.049     0.00    0.00
-191124.102    -0.049     0.00    0.00
-190747.468    -0.049     0.00    0.00
-190370.856    -0.049     0.00    0.00
-189994.265    -0.049     0.00    0.00
-189617.697    -0.049     0.00    0.00
-189241.150    -0.049     0.00    0.00
-188864.625    -0.049     0.00    0.00
-188488.122    -0.049     0.00    0.00
-188111.640    -0.049     0.00    0.00
-187735.181    -0.049     0.00    0.00
-187358.743    -0.049     0.00    0.00
-186982.327    -0.049     0.00    0.00
-186605.933    -0.049     0.00    0.00
-186229.560    -0.049     0.00    0.00
-185853.209    -0.049     0.00    0.00
-185476.881    -0.049     0.00    0.00
-185100.573    -0.049     0.00    0.00
-184724.288    -0.049     0.00    0.00
-184348.024    -0.049     0.00    0.00
-183971.782    -0.049     0.00    0.00
-183595.562    -0.049     0.00    0.00
-183219.363    -0.049     0.00    0.00
-182843.187    -0.049     0.00    0.00
-182467.031    -0.049     0.00    0.00
-182090.898    -0.049     0.00    0.00
-181714.786    -0.049     0.00    0.00
-181338.696    -0.049     0.00    0.00
-180962.628    -0.049     0.00    0.00
-180586.581    -0.049     0.00    0.00
-180210.557     0.151     0.53    0.99
-179834.553     0.951     2.13    2.17
-179458.572     4.081     8.33    5.87
-179082.612     9.888    15.45    8.61
-178706.673    16.610    17.88    8.81
-178330.757    25.036    22.42    8.75
-177954.862    30.711    15.10    7.83
-177578.989    33.695     7.94    6.14
-177203.137    34.364     1.78    5.26
-176827.307    33.532    -2.21    6.13
-176451.498    32.451    -2.88    6.65
-176075.711    31.996    -1.21    7.51
-175699.946    32.059     0.17    7.55
-175324.203    30.817    -3.31    6.70
-174948.481    28.823    -5.31    6.24
-174572.780    27.484    -3.56    5.17
-174197.101    26.927    -1.48    4.97
-173821.444    29.769     7.57    7.13
-173445.808    33.882    10.95    7.27
-173070.194    37.817    10.48    7.91
-172694.602    42.397    12.20    7.30
-172319.031    45.792     9.04    5.96
-171943.481    49.885    10.90    5.30
-171567.953    53.593     9.88    5.23
-171192.447    57.842    11.32    5.18
-170816.962    61.292     9.19    4.78
-170441.499    62.395     2.94    4.26
-170066.057    62.270    -0.33    4.73
-169690.637    62.364     0.25    5.23
-169315.238    62.888     1.40    4.80
-168939.861    64.610     4.59    4.51
-168564.506    66.291     4.48    4.56
-168189.171    66.128    -0.43    4.83
-167813.859    66.528     1.07    5.61
-167438.567    66.951     1.13    5.95
-167063.298    67.632     1.82    5.70
-166688.049    68.777     3.05    5.85
-166312.823    70.064     3.43    5.09
-165937.617    71.525     3.89    5.61
-165562.434    74.581     8.15    6.13
-165187.271    77.057     6.60    5.91
-164812.130    80.516     9.22    6.10
-164437.011    82.292     4.73    6.36
-164061.913    84.168     5.00    5.09
-163686.836    85.509     3.58    3.14
-163311.781    84.320    -3.17    3.65
-162936.747    81.617    -7.21    4.66
-162561.735    78.484    -8.36    5.21
-162186.744    75.798    -7.16    5.20
-161811.774    73.974    -4.87    5.01
-161436.826    71.817    -5.75    5.15
-161061.899    69.382    -6.50    5.27
-160686.994    67.342    -5.44    5.01
-160312.110    64.185    -8.42    5.45
-159937.247    62.494    -4.51    5.57
-159562.406    59.780    -7.24    5.98
-159187.586    57.428    -6.28    5.55
-158812.787    54.711    -7.25    6.60
-158438.010    49.351   -14.31    6.93
-158063.254    45.128   -11.27    6.43
-157688.520    42.284    -7.59    5.97
-157313.807    42.559     0.73    6.14
-156939.115    46.163     9.62    7.56
-156564.444    51.564    14.42    6.85
-156189.795    56.227    12.45    6.57
-155815.167    56.690     1.23    6.01
-155440.561    54.364    -6.21    6.17
-155065.976    51.906    -6.56    6.36
-154691.412    51.417    -1.31    6.31
-154316.869    56.081    12.45    9.69
-153942.348    62.532    17.23    9.11
-153567.847    67.451    13.14    7.00
-153193.369    69.929     6.62    3.90
-152818.911    68.036    -5.06    5.03
-152444.475    64.103   -10.51    5.63
-152070.060    60.185   -10.47    6.37
-151695.666    56.314   -10.34    5.53
-151321.293    54.403    -5.11    4.99
-150946.942    53.173    -3.29    5.04
-150572.612    52.718    -1.22    5.49
-150198.303    50.839    -5.02    6.25
-149824.016    46.795   -10.81    5.92
-149449.749    42.996   -10.15    7.01
-149075.504    39.668    -8.89    6.80
-148701.280    35.832   -10.25    7.24
-148327.078    32.951    -7.70    7.36
-147952.896    31.678    -3.40    7.26
-147578.736    33.016     3.58    8.19
-147204.596    37.568    12.17   10.21
-146830.479    44.603    18.81    9.73
-146456.382    48.738    11.05    8.10
-146082.306    51.928     8.53    8.28
-145708.252    54.668     7.33    9.40
-145334.218    57.528     7.65    9.25
-144960.206    61.528    10.70    7.87
-144586.215    63.306     4.75    6.85
-144212.245    65.496     5.86    6.19
-143838.297    67.695     5.88    7.58
-143464.369    69.269     4.21    7.16
-143090.463    71.644     6.35    6.20
-142716.577    73.451     4.83    5.89
-142342.713    74.376     2.48    5.41
-141968.870    76.382     5.37    4.79
-141595.048    78.373     5.33    5.71
-141221.247    80.733     6.32    5.58
-140847.467    82.132     3.74    6.12
-140473.708    84.951     7.54    4.98
-140099.971    85.328     1.01    4.73
-139726.254    86.142     2.18    4.37
-139352.559    86.146     0.01    4.66
-138978.884    84.631    -4.05    4.40
-138605.231    83.255    -3.68    4.92
-138231.599    82.132    -3.00    4.64
-137857.987    79.439    -7.21    4.85
-137484.397    76.024    -9.14    5.19
-137110.828    71.862   -11.14    5.30
-136737.280    68.996    -7.67    4.33
-136363.753    68.839    -0.42    4.65
-135990.247    70.262     3.81    5.22
-135616.762    72.230     5.27    4.81
-135243.298    72.484     0.68    4.88
-134869.855    70.403    -5.57    6.12
-134496.433    67.678    -7.30    5.87
-134123.031    64.103    -9.58    6.14
-133749.651    62.928    -3.15    5.82
-133376.292    63.376     1.20    6.25
-133002.954    64.195     2.19    6.29
-132629.637    67.142     7.90    7.16
-132256.341    71.020    10.39    7.88
-131883.066    71.755     1.97    7.45
-131509.812    74.951     8.56    6.96
-131136.578    76.125     3.15    7.47
-130763.366    77.777     4.43    7.45
-130390.175    81.146     9.03    7.74
-130017.004    84.440     8.83    7.00
-129643.855    87.405     7.95    5.94
-129270.726    89.483     5.57    5.46
-128897.618    90.306     2.21    4.80
-128524.532    90.320     0.04    5.33
-128151.466    89.817    -1.35    6.17
-127778.421    88.506    -3.52    6.50
-127405.397    85.994    -6.74    6.82
-127032.394    84.494    -4.02    5.86
-126659.411    82.992    -4.03    4.92
-126286.450    82.882    -0.29    4.39
-125913.510    83.206     0.87    4.36
-125539.497    84.711     4.03    4.48
-125162.377    85.885     3.11    4.60
-124785.279    87.016     3.00    4.94
-124408.202    89.093     5.51    4.95
-124031.146    91.842     7.29    4.49
-123654.112    93.837     5.29    4.42
-123277.099    95.951     5.61    4.76
-122900.107    97.973     5.36    4.73
-122523.137    99.905     5.13    4.90
-122146.188   102.351     6.49    4.55
-121769.261   103.474     2.98    3.79
-121392.354   102.728    -1.98    4.87
-121015.469   100.587    -5.68    5.67
-120638.606    98.062    -6.70    4.76
-120261.763    96.711    -3.58    4.63
-119884.942    96.064    -1.72    4.62
-119508.142    95.494    -1.51    4.31
-119131.364    94.498    -2.64    4.41
-118754.607    92.972    -4.05    4.18
-118377.871    92.603    -0.98    4.09
-118001.156    93.103     1.33    4.78
-117624.463    93.397     0.78    5.47
-117247.791    94.246     2.25    5.01
-116871.140    95.419     3.11    5.03
-116494.510    96.777     3.61    4.95
-116117.902    99.451     7.10    4.97
-115741.314   102.017     6.82    3.92
-115364.749   102.746     1.94    3.45
-114988.204   102.125    -1.65    3.90
-114611.680   101.542    -1.55    4.18
-114235.178    99.887    -4.40    4.37
-113858.697    98.603    -3.41    5.03
-113482.237    95.355    -8.63    6.17
-113105.798    91.039   -11.46    6.47
-112729.381    88.299    -7.28    5.74
-112352.985    85.662    -7.01    5.93
-111976.609    82.765    -7.70    6.44
-111600.255    78.484   -11.38    6.95
-111223.923    75.284    -8.50    6.17
-110847.611    73.678    -4.27    6.84
-110471.321    74.484     2.14    8.19
-110095.051    75.951     3.90    8.77
-109718.803    75.351    -1.59    8.26
-109342.576    73.078    -6.04    7.57
-108966.370    70.128    -7.84    7.41
-108590.185    66.951    -8.45    7.14
-108214.022    63.906    -8.09    7.17
-107837.879    60.429    -9.25    6.13
-107461.758    58.223    -5.86    4.39
-107085.657    58.484     0.69    4.16
-106709.578    58.617     0.35    4.01
-106333.520    61.473     7.60    5.15
-105957.483    65.014     9.42    6.23
-105581.467    68.473     9.20    7.13
-105205.472    74.617    16.34    7.71
-104829.499    79.298    12.45    6.43
-104453.546    82.211     7.75    5.50
-104077.614    84.373     5.75    4.87
-103701.704    83.183    -3.17    5.57
-103325.814    82.885    -0.79    5.03
-102949.946    82.678    -0.55    4.63
-102574.098    81.355    -3.52    3.52
-102198.272    80.746    -1.62    3.71
-101822.466    78.864    -5.01    4.19
-101446.682    77.573    -3.44    4.69
-101070.919    76.392    -3.14    4.62
-100695.177    78.678     6.08    6.01
-100319.455    80.746     5.51    5.53
 -99943.755    80.906     0.43    4.78
 -99568.076    79.639    -3.37    4.16
 -99192.417    77.928    -4.56    4.44
 -98816.780    76.059    -4.97    5.02
 -98441.164    75.121    -2.50    5.77
 -98065.568    71.973    -8.38    6.22
 -97689.994    69.360    -6.96    6.74
 -97314.441    66.277    -8.21    6.89
 -96938.908    62.802    -9.25    7.57
 -96563.397    59.451    -8.92    7.18
 -96187.906    56.036    -9.10    5.74
 -95812.436    53.269    -7.37    5.25
 -95436.988    50.690    -6.87    4.17
 -95061.560    48.496    -5.84    3.41
 -94686.153    48.173    -0.86    3.65
 -94310.767    51.451     8.73    7.45
 -93935.402    55.190     9.96    8.40
 -93560.058    57.076     5.02    8.88
 -93184.735    59.314     5.97    8.36
 -92809.433    58.103    -3.23    6.90
 -92434.152    60.581     6.60    7.82
 -92058.891    64.277     9.85    8.62
 -91683.652    68.884    12.28    8.52
 -91308.433    73.439    12.14    6.11
 -90933.235    74.907     3.91    4.41
 -90558.058    74.087    -2.19    5.32
 -90182.902    71.163    -7.79    6.59
 -89807.767    66.728   -11.82    6.05
 -89432.652    63.248    -9.28    5.88
 -89057.559    60.690    -6.82    5.67
 -88682.486    58.792    -5.06    5.56
 -88307.434    60.246     3.88    7.11
 -87932.403    61.927     4.48    7.58
 -87557.393    62.625     1.86    6.76
 -87182.404    64.306     4.48    5.56
 -86807.435    64.706     1.07    5.68
 -86432.487    67.639     7.82    5.65
 -86057.560    70.855     8.58    6.01
 -85682.654    73.405     6.80    6.28
 -85307.769    75.996     6.91    5.69
 -84932.904    76.795     2.13    5.04
 -84558.061    74.059    -7.30    6.07
 -84183.238    69.662   -11.73    5.91
 -83808.435    65.864   -10.13    5.70
 -83433.654    62.996    -7.65    5.49
 -83058.893    60.103    -7.72    6.05
 -82684.153    57.379    -7.27    6.03
 -82309.434    53.239   -11.05    5.95
 -81934.735    50.255    -7.97    5.49
 -81560.058    49.103    -3.08    5.32
 -81185.401    48.538    -1.51    5.41
 -80810.765    47.178    -3.63    5.40
 -80436.149    45.846    -3.55    5.05
 -80061.554    45.907     0.16    4.43
 -79686.980    48.494     6.91    7.18
 -79312.427    55.439    18.54   10.22
 -78937.894    61.110    15.14    8.87
 -78563.382    65.100    10.65    7.04
 -78188.891    67.064     5.25    7.40
 -77814.420    64.992    -5.53    8.60
 -77439.970    62.668    -6.21    8.30
 -77065.541    60.312    -6.29    7.34
 -76691.132    60.084    -0.61    6.18
 -76316.744    60.496     1.10    5.19
 -75942.377    63.684     8.52    6.03
 -75568.030    66.284     6.95    6.13
 -75193.705    67.168     2.36    5.79
 -74819.399    69.382     5.92    6.30
 -74445.115    73.494    10.99    7.89
 -74070.850    78.884    14.40    7.99
 -73696.607    82.684    10.15    6.50
 -73322.384    85.473     7.45    4.12
 -72948.182    85.308    -0.44    4.89
 -72574.001    83.773    -4.10    5.13
 -72199.840    81.648    -5.68    5.15
 -71825.699    79.951    -4.54    6.07
 -71451.579    78.128    -4.87    5.58
 -71077.480    76.496    -4.36    5.69
 -70703.402    75.706    -2.11    5.39
 -70329.344    75.426    -0.75    4.44
 -69955.306    73.610    -4.86    4.20
 -69581.289    71.428    -5.83    4.65
 -69207.293    70.084    -3.59    4.52
 -68833.317    67.472    -6.98    3.72
 -68459.362    65.837    -4.37    3.98
 -68085.427    62.695    -8.40    4.55
 -67711.513    59.276    -9.14    5.05
 -67337.620    56.798    -6.63    4.53
 -66963.747    55.355    -3.86    4.01
 -66589.894    57.328     5.28    6.02
 -66216.062    60.690     8.99    6.82
 -65842.251    63.842     8.43    6.38
 -65468.460    65.907     5.53    5.35
 -65094.689    68.701     7.47    5.53
 -64720.940    69.653     2.55    4.90
 -64347.210    70.755     2.95    4.83
 -63973.501    71.516     2.04    5.53
 -63599.813    73.684     5.80    6.87
 -63226.145    77.632    10.57    7.25
 -62852.497    81.190     9.52    6.08
 -62478.870    82.284     2.93    5.15
 -62105.264    80.221    -5.52    6.36
 -61731.677    77.190    -8.12    8.41
 -61358.112    73.994    -8.55    8.26
 -60984.567    72.610    -3.71    7.99
 -60611.042    72.701     0.24    7.14
 -60237.537    72.306    -1.06    6.42
 -59864.053    70.951    -3.63    7.17
 -59490.590    68.211    -7.33    7.08
 -59117.147    65.110    -8.31    5.73
 -58743.724    64.823    -0.77    6.21
 -58370.322    66.081     3.37    7.28
 -57996.940    65.844    -0.63    7.64
 -57623.579    64.773    -2.87    8.93
 -57250.238    62.416    -6.31    9.24
 -56876.917    58.662   -10.06    7.42
 -56503.617    55.832    -7.58    7.07
 -56130.337    52.668    -8.48    6.27
 -55757.078    49.860    -7.52    5.30
 -55383.838    48.277    -4.24    4.71
 -55010.620    46.839    -3.85    4.81
 -54637.421    44.884    -5.24    4.24
 -54264.243    42.223    -7.13    4.58
 -53891.086    39.927    -6.15    4.84
 -53517.948    36.995    -7.86    4.73
 -53144.831    34.625    -6.35    3.91
 -52771.734    33.617    -2.70    4.28
 -52398.658    31.795    -4.88    3.89
 -52025.602    30.792    -2.69    3.94
 -51652.566    31.151     0.96    5.22
 -51279.551    31.903     2.02    6.40
 -50906.556    33.496     4.27    6.83
 -50530.678    34.509     2.69    7.16
 -50153.613    37.551     8.07    8.89
 -49776.570    41.559    10.63   10.07
 -49399.547    44.973     9.05   10.16
 -49022.545    50.121    13.66   11.28
 -48645.563    52.689     6.81    9.84
 -48268.602    55.439     7.30    8.24
 -47891.662    56.672     3.27    6.50
 -47514.743    55.769    -2.40    6.02
 -47137.845    54.211    -4.13    6.74
 -46760.967    52.019    -5.82    7.67
 -46384.110    50.798    -3.24    8.14
 -46007.274    48.733    -5.48    8.59
 -45630.458    47.625    -2.94    8.73
 -45253.663    47.773     0.39    8.39
 -44876.889    48.269     1.32    8.75
 -44500.135    45.798    -6.56   10.27
 -44123.402    40.382   -14.38   10.55
 -43746.690    34.653   -15.21   10.81
 -43369.999    28.885   -15.31    9.47
 -42993.328    24.078   -12.76    6.87
 -42616.678    18.439   -14.97    8.20
 -42240.049    13.602   -12.85    8.11
 -41863.440     8.211   -14.31    6.81
 -41486.852     4.546    -9.73    4.38
 -41110.284     3.462    -2.88    3.40
 -40733.737     6.884     9.09    7.49
 -40357.211    11.509    12.28   11.79
 -39980.706    13.773     6.01   13.68
 -39604.221    14.617     2.24   14.15
 -39227.756    12.178    -6.48   12.29
 -38851.313     8.217   -10.52    9.51
 -38474.890     5.306    -7.73    5.83
 -38098.487     4.342    -2.56    4.09
 -37722.105     5.795     3.86    6.41
 -37345.744     8.125     6.19    8.54
 -36969.403     9.546     3.78    9.68
 -36593.083    10.462     2.43    9.90
 -36216.784     9.484    -2.60    8.59
 -35840.505     9.125    -0.96    8.46
 -35464.246     8.173    -2.53    7.74
 -35088.008     7.360    -2.16    6.75
 -34711.791     5.846    -4.02    5.45
 -34335.594     4.639    -3.21    3.96
 -33959.418     4.328    -0.83    3.71
 -33583.263     4.195    -0.35    3.26
 -33207.127     4.155    -0.11    3.46
 -32831.013     4.844     1.83    3.63
 -32454.919     5.678     2.22    3.68
 -32078.845     5.559    -0.32    3.46
 -31702.792     5.298    -0.69    3.41
 -31326.760     5.516     0.58    3.64
 -30950.748     5.506    -0.03    3.27
 -30574.756     6.379     2.32    2.98
 -30198.785     6.820     1.17    2.97
 -29822.835     6.110    -1.89    3.07
 -29446.905     6.277     0.44    3.04
 -29070.995     6.201    -0.20    3.46
 -28695.106     7.306     2.94    4.63
 -28319.238     8.132     2.20    6.25
 -27943.389     8.522     1.04    6.66
 -27567.562     7.792    -1.94    6.02
 -27191.755     8.206     1.10    4.89
 -26815.968    10.706     6.65    4.54
 -26440.201    12.528     4.85    4.62
 -26064.456    13.519     2.64    4.29
 -25688.730    13.706     0.50    3.96
 -25313.025    13.476    -0.61    3.54
 -24937.340    15.262     4.75    5.04
 -24561.676    17.717     6.53    5.32
 -24186.032    19.728     5.36    6.04
 -23810.409    20.994     3.37    6.10
 -23434.806    21.342     0.93    5.87
 -23059.223    20.494    -2.26    5.01
 -22683.661    19.973    -1.39    4.26
 -22308.119    20.839     2.31    4.00
 -21932.598    23.928     8.22    5.26
 -21557.097    26.292     6.29    4.42
 -21181.616    26.972     1.81    4.07
 -20806.156    26.314    -1.75    4.77
 -20430.716    22.842    -9.25    5.55
 -20055.296    20.385    -6.54    4.94
 -19679.897    19.146    -3.30    4.66
 -19304.518    16.262    -7.68    4.41
 -18929.159    14.792    -3.92    4.85
 -18553.821    11.568    -8.59    5.76
 -18178.503     8.587    -7.94    5.87
 -17803.206     5.461    -8.33    5.32
 -17427.928     4.059    -3.74    4.19
 -17052.671     2.887    -3.12    2.45
 -16677.435     2.382    -1.34    1.37
 -16302.218     2.299    -0.22    1.11
 -15927.022     1.773    -1.40    1.42
 -15551.846     1.546    -0.61    1.50
 -15176.691     1.142    -1.08    1.56
 -14801.556     0.769    -1.00    1.54
 -14426.441     0.373    -1.06    1.18
 -14051.346     0.373     0.00    1.29
 -13676.271     0.695     0.86    1.57
 -13301.217     1.110     1.11    1.85
 -12926.183     1.365     0.68    1.99
 -12551.170     1.439     0.20    1.95
 -12176.176     1.373    -0.18    1.91
 -11801.203     1.639     0.71    1.99
 -11426.250     1.817     0.47    1.83
 -11051.317     1.998     0.48    1.74
 -10676.405     1.701    -0.79    1.59
 -10301.513     1.602    -0.26    1.40
  -9926.641     1.701     0.26    1.57
  -9551.789     1.755     0.14    1.95
  -9176.957     1.701    -0.14    2.06
  -8802.146     1.385    -0.84    2.04
  -8427.354     1.360    -0.07    1.72
  -8052.583     1.429     0.18    1.99
  -7677.832     1.379    -0.13    2.05
  -7303.102     1.551     0.46    2.19
  -6928.391     1.951     1.07    2.14
  -6553.701     1.603    -0.93    1.91
  -6179.030     1.494    -0.29    1.92
  -5804.380     1.542     0.13    1.88
  -5429.750     1.777     0.63    2.08
  -5055.141     1.928     0.40    2.14
  -4680.551     1.906    -0.06    2.15
  -4305.981     1.795    -0.30    1.99
  -3931.432     1.814     0.05    2.01
  -3556.903     1.504    -0.83    1.99
  -3182.394     1.269    -0.63    2.08
  -2807.905     1.039    -0.61    2.07
  -2433.436     0.711    -0.88    1.68
  -2058.987     0.662    -0.13    1.63
  -1684.558     0.528    -0.36    1.20
  -1310.150     0.723     0.52    1.68
   -935.761     1.233     1.36    2.20
   -561.393     1.610     1.01    2.51
   -187.044     1.993     1.02    2.63
    187.284     1.690    -0.81    2.51
    561.592     1.581    -0.29    2.43
    935.880     1.113    -1.25    1.96
   1310.148     1.064    -0.13    1.93
   1684.397     1.062    -0.01    1.99
   2058.625     1.141     0.21    2.05
   2432.833     1.277     0.36    2.07
   2807.020     1.132    -0.39    1.98
   3181.188     1.211     0.21    1.65
   3555.336     1.395     0.49    2.01
   3929.464     1.439     0.12    2.03
   4303.572     1.337    -0.27    1.91
   4677.660     1.219    -0.32    1.75
   5051.727     1.551     0.89    2.06
   5425.775     2.183     1.69    2.51
   5799.803     2.528     0.92    2.62
   6173.811     2.906     1.01    2.97
   6547.799     3.834     2.48    3.49
   6921.767     3.595    -0.64    3.60
   7295.714     3.427    -0.45    3.67
   7669.642     2.951    -1.27    3.59
   8043.550     2.067    -2.36    2.79
   8417.438     1.837    -0.61    2.41
   8791.306     1.973     0.36    2.30
   9165.154     2.451     1.28    2.55
   9538.982     2.639     0.51    2.64
   9912.791     3.024     1.03    2.61
  10286.579     2.728    -0.79    2.50
  10660.347     2.555    -0.46    2.28
  11034.096     2.151    -1.08    1.88
  11407.824     1.951    -0.54    1.73
  11781.533     1.864    -0.23    1.66
  12155.221     1.777    -0.23    1.72
  12528.890     1.648    -0.34    1.82
  12902.539     1.581    -0.18    1.74
  13276.168     1.427    -0.41    1.74
  13649.777     1.684     0.69    1.98
  14023.366     1.842     0.42    1.98
  14396.935     1.864     0.06    1.86
  14770.485     2.106     0.65    1.77
  15144.014     2.246     0.37    1.81
  15517.524     2.125    -0.33    1.58
  15891.014     2.201     0.20    1.71
  16264.484     2.417     0.58    1.67
  16637.934     2.684     0.71    1.76
  17011.364     3.496     2.17    1.93
  17384.774     3.773     0.74    1.84
  17758.165     4.125     0.94    2.23
  18131.536     3.603    -1.40    2.46
  18504.887     2.632    -2.60    2.59
  18878.218     2.439    -0.52    2.56
  19251.529     1.996    -1.19    2.41
  19624.821     1.973    -0.06    2.59
  19998.092     1.773    -0.54    2.60
  20371.344     1.884     0.30    2.69
  20744.576     1.972     0.24    2.54
  21117.789     2.132     0.43    2.42
  21490.981     2.084    -0.13    2.46
  21864.154     2.277     0.52    2.26
  22237.307     2.239    -0.10    2.16
  22610.440     2.417     0.48    2.40
  22983.554     2.462     0.12    2.44
  23356.647     2.211    -0.67    2.48
  23729.721     2.269     0.15    2.61
  24103.387     2.610     0.91    2.85
  24480.417     2.777     0.44    2.86
  24857.427     2.755    -0.06    3.03
  25234.417     2.862     0.28    3.12
  25611.387     2.760    -0.27    3.05
  25988.337     2.595    -0.44    3.09
  26365.267     2.546    -0.13    3.00
  26742.176     1.839    -1.87    2.35
  27119.065     1.995     0.41    2.15
  27495.934     2.337     0.91    2.13
  27872.783     2.484     0.39    2.19
  28249.612     1.998    -1.29    1.82
  28626.421     1.882    -0.31    1.55
  29003.209     1.997     0.30    1.45
  29379.978     2.195     0.53    1.93
  29756.726     2.528     0.88    2.03
  30133.454     2.451    -0.21    2.16
  30510.162     2.538     0.23    2.26
  30886.850     2.522    -0.04    2.04
  31263.518     2.351    -0.46    1.97
  31640.166     2.429     0.21    1.91
  32016.793     2.081    -0.92    1.63
  32393.401     1.951    -0.35    1.84
  32769.988     1.814    -0.36    1.64
  33146.556     2.016     0.54    1.51
  33523.103     2.132     0.31    1.72
  33899.630     1.995    -0.36    1.57
  34276.137     1.684    -0.83    1.67
  34652.624     1.516    -0.45    1.70
  35029.091     1.472    -0.12    1.87
  35405.538     1.973     1.33    2.18
  35781.965     2.711     1.96    2.81
  36158.372     2.360    -0.93    2.53
  36534.759     2.519     0.42    2.18
  36911.126     2.690     0.45    2.31
  37287.473     2.648    -0.11    2.23
  37663.800     2.407    -0.64    2.38
  38040.107     2.211    -0.52    2.52
  38416.393     2.559     0.92    2.56
  38792.660     2.678     0.32    2.90
  39168.907     2.927     0.66    2.93
  39545.134     2.484    -1.18    2.68
  39921.341     2.243    -0.64    2.55
  40297.528     2.284     0.11    2.42
  40673.694     2.223    -0.16    2.15
  41049.841     1.928    -0.79    2.30
  41425.968     1.506    -1.12    1.96
  41802.075     2.020     1.37    2.75
  42178.162     2.042     0.06    2.80
  42554.229     2.570     1.40    3.31
  42930.277     3.269     1.86    3.52
  43306.304     4.551     3.41    4.02
  43682.311     6.701     5.72    4.66
  44058.298     9.128     6.46    4.84
  44434.266    12.276     8.37    5.03
  44810.213    14.087     4.82    3.94
  45186.141    14.860     2.06    3.76
  45562.048    14.090    -2.05    4.10
  45937.936    11.690    -6.39    4.51
  46313.804    10.239    -3.86    4.83
  46689.652     8.059    -5.80    5.24
  47065.480     7.189    -2.32    5.62
  47441.288     5.017    -5.78    4.91
  47817.076     2.973    -5.44    3.07
  48192.845     2.678    -0.79    2.85
  48568.593     3.439     2.03    4.20
  48944.322     5.269     4.87    4.85
  49320.031     5.802     1.42    4.40
  49695.720     6.795     2.64    4.49
  50071.389     6.284    -1.36    3.77
  50447.038     5.839    -1.18    3.35
  50822.668     5.451    -1.04    2.90
  51198.277     6.059     1.62    3.11
  51573.867     7.155     2.92    3.92
  51949.437     9.195     5.43    4.13
  52324.987    11.581     6.35    4.66
  52700.518    13.751     5.78    4.36
  53076.028    15.195     3.85    3.66
  53451.519    16.276     2.88    3.99
  53826.990    17.777     4.00    4.49
  54202.441    20.346     6.84    5.21
  54577.872    22.573     5.93    5.44
  54953.284    24.625     5.46    5.22
  55328.676    26.320     4.52    4.92
  55704.048    26.773     1.21    3.98
  56079.400    26.903     0.35    3.67
  56454.732    27.573     1.78    3.78
  56830.045    28.808     3.29    3.95
  57205.338    30.573     4.70    4.16
  57580.611    31.723     3.07    3.78
  57955.865    31.428    -0.79    4.00
  58331.099    28.882    -6.78    5.06
  58706.313    25.689    -8.51    4.88
  59081.507    21.951    -9.96    4.62
  59456.681    20.165    -4.76    4.37
  59831.836    19.573    -1.58    4.28
  60206.971    19.128    -1.18    4.41
  60582.087    18.695    -1.16    3.92
  60957.182    15.884    -7.49    4.68
  61332.258    14.176    -4.55    3.82
  61707.315    13.019    -3.08    2.92
  62082.351    12.858    -0.43    3.32
  62457.368    13.905     2.79    3.87
  62832.366    15.928     5.40    4.31
  63207.343    18.110     5.82    4.24
  63582.301    20.255     5.72    4.18
  63957.239    20.365     0.29    4.36
  64332.158    21.617     3.34    5.00
  64707.057    22.678     2.83    5.12
  65081.936    24.578     5.07    5.71
  65456.796    27.798     8.59    5.78
  65831.636    29.972     5.80    4.69
  66206.456    30.538     1.51    4.40
  66581.257    31.183     1.72    4.35
  66956.038    32.351     3.11    5.16
  67330.800    34.155     4.81    4.75
  67705.542    35.882     4.61    4.03
  68080.264    36.233     0.94    4.04
  68454.967    35.690    -1.45    4.86
  68829.650    34.906    -2.09    4.66
  69204.313    33.706    -3.20    4.94
  69578.957    33.951     0.65    5.61
  69953.582    34.269     0.85    5.36
  70328.186    35.019     2.00    5.48
  70702.772    36.125     2.95    5.12
  71077.337    36.951     2.21    5.10
  71451.883    38.439     3.97    4.99
  71826.410    40.016     4.21    5.05
  72200.917    42.646     7.02    4.56
  72575.404    44.201     4.15    3.76
  72949.872    44.996     2.12    3.36
  73324.320    45.195     0.53    3.65
  73698.749    44.811    -1.03    3.68
  74073.158    44.603    -0.56    3.35
  74447.548    43.233    -3.66    3.78
  74821.918    40.217    -8.06    4.93
  75196.269    37.269    -7.88    4.68
  75570.600    34.769    -6.68    4.23
  75944.912    32.439    -6.22    4.35
  76319.204    31.902    -1.44    4.76
  76693.477    31.711    -0.51    5.21
  77067.730    31.062    -1.74    5.60
  77441.964    30.973    -0.24    5.48
  77816.178    30.064    -2.43    5.24
  78190.373    29.081    -2.63    4.85
  78564.548    27.792    -3.45    4.13
  78938.704    26.276    -4.05    3.74
  79312.840    23.595    -7.16    4.48
  79686.957    20.546    -8.15    3.94
  80061.055    18.751    -4.80    2.78
  80435.133    18.817     0.18    3.05
  80809.191    20.451     4.37    4.24
  81183.230    22.928     6.62    4.52
  81557.250    25.498     6.87    4.47
  81931.250    28.723     8.62    4.67
  82305.231    32.117     9.07    4.91
  82679.193    34.128     5.38    4.81
  83053.135    37.595     9.27    5.45
  83427.057    39.974     6.36    5.11
  83800.961    40.773     2.14    4.04
  84174.844    41.126     0.94    3.42
  84548.709    40.155    -2.60    3.64
  84922.554    38.879    -3.41    3.35
  85296.380    37.639    -3.32    3.67
  85670.186    35.201    -6.52    4.69
  86043.973    32.360    -7.60    4.01
  86417.741    30.217    -5.73    2.27
  86791.489    30.731     1.37    3.02
  87165.218    32.632     5.09    4.31
  87538.927    35.855     8.62    4.85
  87912.617    39.201     8.95    5.23
  88286.288    43.439    11.34    5.13
  88659.940    45.564     5.69    3.71
  89033.572    45.516    -0.13    3.90
  89407.185    44.117    -3.74    4.02
  89780.778    42.690    -3.82    4.04
  90154.352    41.260    -3.83    3.97
  90527.907    39.551    -4.58    4.23
  90901.443    36.581    -7.95    4.64
  91274.959    34.542    -5.46    4.13
  91648.456    32.328    -5.92    2.81
  92021.934    32.064    -0.71    2.94
  92395.392    33.951     5.05    4.95
  92768.831    36.141     5.87    5.33
  93142.251    36.506     0.98    4.98
  93515.652    36.769     0.70    5.15
  93889.033    35.882    -2.37    4.16
  94262.395    37.373     3.99    4.49
  94635.738    40.625     8.71    5.44
  95009.061    44.472    10.31    5.29
  95382.365    48.020     9.50    4.89
  95755.650    49.173     3.09    4.31
  96128.916    48.672    -1.34    3.78
  96502.163    47.351    -3.54    4.44
  96875.390    44.484    -7.68    5.56
  97248.598    41.494    -8.01    4.63
  97621.787    39.928    -4.20    3.95
  97994.957    39.587    -0.91    4.79
  98368.107    40.907     3.54    5.08
  98741.238    43.337     6.51    5.27
  99116.676    45.506     5.78    5.51
  99493.650    49.062     9.43    5.03
  99870.605    50.951     5.01    3.57
 100247.541    50.038    -2.42    4.60
 100624.457    47.195    -7.54    5.43
 101001.353    45.084    -5.60    4.45
 101378.230    45.928     2.24    4.96
 101755.087    47.323     3.70    4.90
 102131.925    49.298     5.24    4.03
 102508.743    50.236     2.49    4.07
 102885.541    50.595     0.95    3.47
 103262.320    49.711    -2.34    3.62
 103639.079    48.262    -3.85    4.32
 104015.819    46.684    -4.19    4.42
 104392.539    45.546    -3.02    4.53
 104769.239    46.751     3.20    4.75
 105145.920    47.593     2.24    3.67
 105522.582    46.217    -3.65    3.96
 105899.224    43.837    -6.32    3.86
 106275.846    42.678    -3.08    3.85
 106652.449    41.746    -2.47    4.40
 107029.032    42.726     2.60    4.50
 107405.596    45.269     6.75    4.22
 107782.140    46.532     3.35    4.15
 108158.665    49.706     8.43    4.54
 108535.170    52.039     6.20    4.59
 108911.656    53.974     5.14    4.28
 109288.122    53.428    -1.45    4.26
 109664.569    53.707     0.74    4.12
 110040.997    54.542     2.22    3.93
 110417.404    54.428    -0.30    3.51
 110793.793    55.201     2.05    3.01
 111170.162    54.603    -1.59    3.26
 111546.511    52.998    -4.26    4.05
 111922.841    52.039    -2.55    4.37
 112299.152    52.672     1.68    4.96
 112675.443    52.019    -1.73    5.56
 113051.714    50.239    -4.73    6.90
 113427.966    45.755   -11.92    7.91
 113804.199    40.472   -14.04    5.29
 114180.412    38.509    -5.22    3.92
 114556.606    38.306    -0.54    4.66
 114932.781    40.564     6.00    5.97
 115308.936    41.928     3.62    5.72
 115685.071    42.773     2.25    5.02
 116061.188    41.087    -4.48    5.62
 116437.285    37.239   -10.23    5.16
 116813.362    36.262    -2.60    4.43
 117189.420    36.632     0.99    5.10
 117565.459    38.039     3.74    5.33
 117941.478    39.201     3.09    4.66
 118317.478    41.320     5.64    4.57
 118693.458    41.837     1.37    4.36
 119069.420    42.573     1.96    4.18
 119445.361    41.255    -3.51    4.99
 119821.284    37.428   -10.18    5.32
 120197.187    33.519   -10.40    5.24
 120573.071    30.522    -7.97    3.40
 120948.935    28.711    -4.82    1.93
 121324.780    28.110    -1.60    1.51
 121700.606    29.017     2.41    2.55
 122076.412    31.178     5.75    4.35
 122452.199    33.496     6.17    5.05
 122827.967    36.292     7.44    5.39
 123203.716    37.101     2.15    5.15
 123579.445    36.617    -1.29    5.59
 123955.155    34.811    -4.81    5.07
 124330.845    34.882     0.19    4.98
 124706.517    34.039    -2.24    5.65
 125082.169    33.808    -0.62    5.41
 125457.801    32.564    -3.31    4.17
 125833.415    31.701    -2.30    2.77
 126209.009    31.817     0.31    2.20
 126584.584    31.625    -0.51    1.81
 126960.139    31.728     0.28    1.76
 127335.676    32.337     1.62    2.63
 127711.193    33.903     4.17    3.92
 128086.691    35.655     4.67    4.89
 128462.169    36.760     2.94    4.78
 128837.629    37.360     1.60    4.45
 129213.069    37.678     0.85    4.41
 129588.490    39.110     3.81    5.49
 129963.891    38.506    -1.61    4.31
 130339.274    38.121    -1.03    3.47
 130714.637    37.837    -0.76    2.75
 131089.981    38.808     2.59    3.63
 131465.306    40.542     4.62    4.60
 131840.611    44.494    10.53    5.57
 132215.898    47.906     9.09    5.32
 132591.165    49.494     4.23    4.80
 132966.413    51.570     5.53    4.26
 133341.642    53.662     5.57    5.03
 133716.852    54.974     3.50    5.04
 134092.042    56.814     4.90    4.55
 134467.214    59.395     6.88    3.90
 134842.366    61.364     5.25    3.50
 135217.499    62.746     3.68    2.89
 135592.613    64.044     3.46    1.62
 135967.708    64.062     0.05    1.50
 136342.783    63.439    -1.66    2.13
 136717.840    63.178    -0.70    2.61
 137092.877    63.439     0.70    2.56
 137467.895    63.862     1.13    2.93
 137842.894    64.639     2.07    2.30
 138217.874    64.106    -1.42    2.35
 138592.835    62.817    -3.44    3.01
 138967.777    60.284    -6.76    3.91
 139342.700    58.632    -4.40    3.79
 139717.603    57.690    -2.51    3.47
 140092.488    57.996     0.82    3.80
 140467.353    59.062     2.84    3.61
 140842.199    60.864     4.81    3.34
 141217.026    61.528     1.77    2.94
 141591.834    61.684     0.41    2.97
 141966.624    60.765    -2.45    3.55
 142341.394    59.494    -3.39    3.74
 142716.144    59.593     0.27    3.94
 143090.876    60.684     2.91    3.77
 143465.589    60.668    -0.04    3.66
 143840.283    59.239    -3.81    4.02
 144214.958    58.564    -1.80    3.83
 144589.613    59.881     3.51    4.12
 144964.250    61.951     5.52    3.83
 145338.868    62.332     1.02    3.49
 145713.466    61.690    -1.71    3.27
 146088.046    61.405    -0.76    3.08
 146462.606    62.173     2.05    3.02
 146837.148    63.064     2.38    2.45
 147211.671    62.236    -2.21    2.88
 147586.174    59.201    -8.10    4.39
 147960.659    57.121    -5.55    3.88
 148335.124    57.351     0.61    3.85
 148709.571    56.496    -2.28    3.91
 149083.999    55.337    -3.10    4.35
 149458.407    54.451    -2.37    4.26
 149832.797    53.903    -1.46    4.00
 150207.168    55.337     3.83    4.48
 150581.520    57.026     4.51    3.79
 150955.852    58.439     3.78    3.60
 151330.166    59.814     3.67    3.83
 151704.461    61.223     3.76    3.58
 152078.737    63.239     5.39    2.24
 152452.994    64.414     3.14    2.60
 152827.232    64.746     0.89    2.72
 153201.451    65.536     2.11    2.39
 153575.652    65.662     0.34    2.16
 153949.833    64.439    -3.27    2.68
 154323.996    63.473    -2.58    2.75
 154698.139    63.973     1.34    3.30
 155072.264    65.755     4.76    3.35
 155446.369    66.860     2.95    2.53
 155820.456    66.780    -0.21    2.45
 156194.524    66.610    -0.45    2.85
 156568.573    66.792     0.49    3.04
 156942.603    68.292     4.01    2.58
 157316.615    69.439     3.07    1.71
 157690.607    69.641     0.54    1.62
 158064.581    69.269    -1.00    1.79
 158438.536    68.902    -0.98    1.66
 158812.471    68.178    -1.94    1.85
 159186.388    67.951    -0.61    1.89
 159560.287    67.905    -0.12    1.89
 159934.166    67.284    -1.66    2.04
 160308.026    67.355     0.19    1.90
 160681.868    67.064    -0.78    1.87
 161055.691    67.438     1.00    2.11
 161429.495    68.337     2.40    1.90
 161803.280    68.882     1.46    1.47
 162177.046    69.042     0.43    1.36
 162550.794    68.528    -1.37    1.74
 162924.523    67.712    -2.18    1.92
 163298.233    67.755     0.11    1.83
 163671.924    68.070     0.84    1.90
 164045.596    68.723     1.75    1.57
 164419.250    69.292     1.52    1.08
 164792.885    69.223    -0.18    1.04
 165166.501    68.773    -1.21    1.32
 165540.098    68.292    -1.29    1.57
 165913.677    68.038    -0.68    1.50
 166287.236    67.731    -0.82    1.56
 166660.777    67.906     0.47    1.35
 167034.300    67.928     0.06    1.47
 167407.803    67.904    -0.06    1.54
 167781.288    67.746    -0.42    1.41
 168154.754    67.817     0.19    1.29
 168528.201    67.929     0.30    1.16
 168901.630    68.022     0.25    1.35
 169275.040    67.684    -0.91    1.42
 169648.431    67.416    -0.72    1.53
 170021.803    67.201    -0.58    1.75
 170395.157    66.573    -1.68    1.66
 170768.492    66.451    -0.33    1.60
 171141.808    65.951    -1.34    1.78
 171515.106    65.260    -1.85    1.58
 171888.385    64.684    -1.54    1.60
 172261.645    64.230    -1.22    2.05
 172634.886    63.506    -1.94    2.28
 173008.109    62.473    -2.77    2.31
 173381.314    61.842    -1.69    1.99
 173754.658    61.382    -1.23    1.47
 174131.601    61.110    -0.72    1.76
 174508.524    61.211     0.27    2.04
 174885.428    60.881    -0.88    2.07
 175262.314    60.473    -1.08    1.87
 175639.180    60.306    -0.44    1.54
 176016.027    61.132     2.19    2.20
 176392.855    61.795     1.76    2.50
 176769.664    62.494     1.85    2.68
 177146.454    62.587     0.25    2.62
 177523.226    62.662     0.20    2.61
 177899.978    62.416    -0.65    2.39
 178276.711    62.277    -0.37    2.26
 178653.425    61.769    -1.35    1.81
 179030.120    62.017     0.66    1.84
 179406.796    62.155     0.37    1.96
 179783.453    62.382     0.60    1.97
 180160.091    62.906     1.39    2.02
 180536.710    63.570     1.76    2.27
 180913.310    64.625     2.80    2.64
 181289.891    65.655     2.74    2.17
 181666.453    66.106     1.20    1.95
 182042.997    66.522     1.10    1.95
 182419.521    66.609     0.23    1.85
 182796.026    66.996     1.03    1.94
 183172.512    67.176     0.48    1.80
 183548.980    67.217     0.11    1.60
 183925.428    67.655     1.16    1.66
 184301.858    68.314     1.75    1.73
 184678.268    68.973     1.75    1.55
 185054.660    69.560     1.56    1.38
 185431.033    69.928     0.98    1.09
 185807.386    69.903    -0.07    1.03
 186183.721    69.773    -0.35    1.27
 186560.037    69.639    -0.35    1.49
 186936.334    69.788     0.39    1.23
 187312.612    69.860     0.19    0.98
 187688.872    69.576    -0.75    1.03
 188065.112    69.360    -0.57    1.02
 188441.334    68.973    -1.03    1.13
 188817.536    68.360    -1.63    1.11
 189193.720    67.973    -1.03    1.31
 189569.885    67.927    -0.12    1.35
 189946.031    67.314    -1.63    1.46
 190322.158    66.780    -1.42    1.64
 190698.266    66.632    -0.39    1.76
 191074.356    66.814     0.48    1.85
 191450.426    66.769    -0.12    1.93
 191826.478    66.995     0.60    1.31
 192202.511    66.760    -0.62    1.06
 192578.525    66.239    -1.38    1.44
 192954.520    65.067    -3.12    1.89
 193330.497    64.519    -1.46    2.06
 193706.454    63.639    -2.34    2.31
 194082.393    62.994    -1.72    2.38
 194458.313    62.428    -1.51    2.73
 194834.214    62.299    -0.34    2.67
 195210.097    62.528     0.61    2.67
 195585.960    62.678     0.40    2.44
 195961.805    63.042     0.97    1.51
 196337.631    62.814    -0.60    1.30
 196713.438    62.201    -1.63    1.46
 197089.227    61.360    -2.24    1.67
 197464.996    60.292    -2.84    2.22
 197840.747    58.973    -3.51    2.42
 198216.480    57.528    -3.84    2.44
 198592.193    56.701    -2.20    1.91
 198967.888    56.042    -1.75    1.70
 199343.563    55.837    -0.54    1.60
 199719.221    55.995     0.42    1.64
 200094.859    55.882    -0.30    2.00
 200470.479    55.587    -0.79    1.93
 200846.080    55.639     0.14    1.81
 201221.662    55.546    -0.25    1.87
 201597.226    55.820     0.73    2.02
 201972.770    56.239     1.12    2.39
 202348.296    56.373     0.35    2.59
 202723.804    56.132    -0.64    2.97
 203099.293    56.201     0.18    2.70
 203474.763    55.417    -2.09    2.40
 203850.214    54.879    -1.43    1.90
 204225.646    54.516    -0.97    1.38
 204601.060    53.684    -2.22    1.59
 204976.456    53.223    -1.23    1.63
 205351.832    52.403    -2.18    1.52
 205727.190    52.276    -0.34    1.34
 206102.529    52.314     0.10    1.38
 206477.850    51.877    -1.16    1.46
 206853.152    51.351    -1.40    1.30
 207228.435    51.837     1.30    2.23
 207603.700    53.882     5.45    4.08
 207978.946    57.337     9.20    4.77
 208354.173    60.243     7.74    3.72
 208729.382    61.973     4.61    1.98
 209104.572    62.593     1.65    1.90
 209479.744    63.351     2.02    1.62
 209854.897    63.655     0.81    1.59
 210230.031    63.837     0.48    1.70
 210605.147    63.723    -0.30    2.00
 210980.244    63.476    -0.66    2.76
 211355.322    62.542    -2.49    3.76
 211730.382    61.832    -1.89    3.85
 212105.423    61.706    -0.33    3.28
 212480.446    61.617    -0.24    2.87
 212855.450    62.253     1.69    3.17
 213230.436    63.587     3.56    3.06
 213605.403    64.976     3.70    3.48
 213980.351    65.801     2.20    3.45
 214355.281    67.022     3.26    2.97
