-342460.562    -0.143     0.00    0.00
-342087.486    -0.143     0.00    0.00
-341714.433    -0.143     0.00    0.00
-341341.402    -0.143     0.00    0.00
-340968.394    -0.143     0.00    0.00
-340595.409    -0.143     0.00    0.00
-340222.447    -0.143     0.00    0.00
-339849.507    -0.143     0.00    0.00
-339476.590    -0.143     0.00    0.00
-339103.695    -0.143     0.00    0.00
-338730.824    -0.143     0.00    0.00
-338357.974    -0.143     0.00    0.00
-337985.148    -0.143     0.00    0.00
-337612.344    -0.143     0.00    0.00
-337239.563    -0.143     0.00    0.00
-336866.805    -0.143     0.00    0.00
-336494.069    -0.143     0.00    0.00
-336121.356    -0.143     0.00    0.00
-335744.910    -0.143     0.00    0.00
-335367.656    -0.143     0.00    0.00
-334990.426    -0.143     0.00    0.00
-334613.219    -0.143     0.00    0.00
-334236.034    -0.143     0.00    0.00
-333858.874    -0.143     0.00    0.00
-333481.736    -0.143     0.00    0.00
-333104.621    -0.143     0.00    0.00
-332727.530    -0.143     0.00    0.00
-332350.462    -0.143     0.00    0.00
-331973.417    -0.143     0.00    0.00
-331596.395    -0.143     0.00    0.00
-331219.396    -0.143     0.00    0.00
-330842.421    -0.143     0.00    0.00
-330465.469    -0.143     0.00    0.00
-330088.539    -0.143     0.00    0.00
-329711.633    -0.143     0.00    0.00
-329334.750    -0.143     0.00    0.00
-328957.891    -0.143     0.00    0.00
-328581.054    -0.143     0.00    0.00
-328204.240    -0.143     0.00    0.00
-327827.450    -0.143     0.00    0.00
-327450.682    -0.143     0.00    0.00
-327073.938    -0.143     0.00    0.00
-326697.217    -0.143     0.00    0.00
-326320.519    -0.143     0.00    0.00
-325943.844    -0.143     0.00    0.00
-325567.192    -0.143     0.00    0.00
-325190.563    -0.143     0.00    0.00
-324813.957    -0.143     0.00    0.00
-324437.374    -0.143     0.00    0.00
-324060.814    -0.143     0.00    0.00
-323684.278    -0.143     0.00    0.00
-323307.764    -0.143     0.00    0.00
-322931.273    -0.143     0.00    0.00
-322554.805    -0.143     0.00    0.00
-322178.361    -0.143     0.00    0.00
-321801.939    -0.143     0.00    0.00
-321425.541    -0.143     0.00    0.00
-321049.165    -0.143     0.00    0.00
-320672.812    -0.143     0.00    0.00
-320296.482    -0.143     0.00    0.00
-319920.176    -0.143     0.00    0.00
-319543.892    -0.143     0.00    0.00
-319167.631    -0.143     0.00    0.00
-318791.393    -0.143     0.00    0.00
-318415.179    -0.143     0.00    0.00
-318038.987    -0.143     0.00    0.00
-317662.818    -0.143     0.00    0.00
-317286.672    -0.143     0.00    0.00
-316910.548    -0.143     0.00    0.00
-316534.448    -0.143     0.00    0.00
-316158.371    -0.143     0.00    0.00
-315782.316    -0.143     0.00    0.00
-315406.285    -0.143     0.00    0.00
-315030.276    -0.143     0.00    0.00
-314654.291    -0.143     0.00    0.00
-314278.328    -0.143     0.00    0.00
-313902.388    -0.143     0.00    0.00
-313526.471    -0.143     0.00    0.00
-313150.577    -0.143     0.00    0.00
-312774.705    -0.143     0.00    0.00
-312398.857    -0.143     0.00    0.00
-312023.031    -0.143     0.00    0.00
-311647.228    -0.143     0.00    0.00
-311271.448    -0.143     0.00    0.00
-310895.691    -0.143     0.00    0.00
-310519.957    -0.143     0.00    0.00
-310144.245    -0.143     0.00    0.00
-309768.557    -0.143     0.00    0.00
-309392.891    -0.143     0.00    0.00
-309017.248    -0.143     0.00    0.00
-308641.627    -0.143     0.00    0.00
-308266.030    -0.143     0.00    0.00
-307890.455    -0.143     0.00    0.00
-307514.903    -0.143     0.00    0.00
-307139.374    -0.143     0.00    0.00
-306763.867    -0.143     0.00    0.00
-306388.384    -0.143     0.00    0.00
-306012.923     0.075     0.58    0.59
-305637.485     0.461     1.03    1.03
-305262.069     0.766     0.81    1.10
-304886.676     1.003     0.63    1.09
-304511.306     1.312     0.82    1.13
-304135.959     1.191    -0.32    1.13
-303760.634     1.325     0.36    1.21
-303385.333     1.575     0.66    1.71
-303010.053     2.128     1.48    1.82
-302634.797     2.562     1.16    1.94
-302259.563     3.045     1.29    1.68
-301884.352     3.379     0.89    1.36
-301509.164     3.985     1.62    1.13
-301133.998     4.466     1.28    1.37
-300758.855     4.994     1.41    1.72
-300383.734     6.596     4.27    2.75
-300008.637     7.153     1.48    2.55
-299633.561     7.335     0.49    2.51
-299258.509     6.815    -1.39    2.60
-298883.479     5.791    -2.73    1.59
-298508.472     5.453    -0.90    1.33
-298133.487     5.124    -0.88    1.32
-297758.525     5.227     0.27    1.36
-297383.586     5.618     1.04    1.14
-297008.669     5.488    -0.35    1.02
-296633.775     5.566     0.21    0.97
-296258.903     5.749     0.49    0.95
-295884.054     5.878     0.35    1.02
-295509.228     5.657    -0.59    1.01
-295134.424     5.661     0.01    1.17
-294759.643     5.502    -0.43    1.13
-294384.884     5.503     0.00    1.00
-294010.148     5.618     0.31    1.06
-293635.434     5.732     0.30    1.12
-293260.743     5.618    -0.30    1.02
-292886.075     5.635     0.05    0.97
-292511.429     5.901     0.71    1.03
-292136.805     5.968     0.18    1.01
-291762.204     6.091     0.33    1.03
-291387.626     6.546     1.21    1.20
-291013.070     7.045     1.33    1.53
-290638.537     8.031     2.63    1.83
-290264.026     9.062     2.75    1.97
-289889.537     8.901    -0.43    1.78
-289515.071     8.448    -1.21    1.44
-289140.628     8.357    -0.24    1.35
-288766.207     8.091    -0.71    1.20
-288391.808     8.227     0.36    1.12
-288017.432     8.295     0.18    1.03
-287643.079     8.813     1.38    1.58
-287268.748     9.304     1.31    1.79
-286894.439     9.702     1.06    1.58
-286520.153     9.899     0.53    1.07
-286145.889    10.380     1.29    1.07
-285771.647    10.457     0.21    1.21
-285397.428    10.559     0.27    1.33
-285023.232    10.401    -0.42    1.49
-284649.058     9.920    -1.29    1.49
-284274.906     9.471    -1.20    1.13
-283900.776     9.274    -0.53    1.20
-283526.669     9.401     0.34    1.22
-283152.585     9.581     0.48    1.16
-282778.523     9.964     1.02    1.20
-282404.483    10.448     1.30    1.35
-282030.465    11.031     1.56    1.45
-281656.470    11.675     1.72    2.27
-281282.497    12.162     1.30    2.87
-280908.547    12.213     0.14    3.33
-280534.619    12.057    -0.42    3.47
-280160.713    12.013    -0.12    3.19
-279786.830    12.102     0.24    3.20
-279412.969    11.901    -0.54    3.02
-279039.130    11.380    -1.39    1.91
-278665.313    10.968    -1.10    2.06
-278291.519    10.191    -2.08    1.40
-277917.747     9.708    -1.29    1.47
-277543.998     9.453    -0.68    1.38
-277170.271     9.466     0.03    1.26
-276796.566     9.836     0.99    1.34
-276422.883    10.425     1.58    1.35
-276049.222    10.941     1.38    1.56
-275675.584    11.444     1.35    1.38
-275301.968    11.985     1.45    1.30
-274928.375    12.524     1.44    1.31
-274554.803    13.016     1.32    1.38
-274181.254    13.517     1.34    1.27
-273807.727    13.813     0.79    1.17
-273434.223    13.942     0.35    1.30
-273060.740    14.146     0.55    1.27
-272687.280    14.461     0.84    1.30
-272313.842    14.509     0.13    1.29
-271940.426    14.538     0.08    1.35
-271567.032    14.640     0.27    1.32
-271193.661    14.675     0.10    1.26
-270820.312    14.770     0.25    1.50
-270446.985    14.698    -0.19    1.80
-270073.680    14.749     0.14    1.55
-269700.397    14.435    -0.84    1.67
-269327.136    13.746    -1.85    1.60
-268953.898    13.146    -1.61    1.69
-268580.682    13.346     0.54    2.54
-268207.488    13.770     1.14    3.16
-267834.316    14.062     0.78    3.06
-267461.166    14.009    -0.14    2.86
-267088.038    13.244    -2.05    1.28
-266714.933    13.314     0.19    1.22
-266341.849    13.836     1.40    1.31
-265968.788    14.031     0.52    1.37
-265595.749    14.336     0.82    1.40
-265222.732    14.613     0.74    1.19
-264849.737    15.091     1.28    2.38
-264476.764    15.057    -0.09    2.46
-264103.813    14.815    -0.65    2.45
-263730.884    14.516    -0.80    2.55
-263357.978    14.035    -1.29    1.32
-262985.093    13.644    -1.05    1.57
-262612.230    13.662     0.05    2.17
-262239.390    13.107    -1.49    2.34
-261866.572    13.039    -0.18    2.36
-261493.775    12.920    -0.32    2.28
-261119.793    12.792    -0.34    1.61
-260742.582    12.921     0.34    1.47
-260365.393    13.401     1.27    2.26
-259988.227    13.079    -0.85    2.43
-259611.083    12.618    -1.22    2.23
-259233.962    11.903    -1.90    2.00
-258856.863    11.531    -0.99    1.89
-258479.787    10.944    -1.56    1.56
-258102.734    10.380    -1.50    1.49
-257725.703     9.878    -1.33    1.19
-257348.694     9.392    -1.29    1.33
-256971.709     8.814    -1.53    1.25
-256594.745     8.444    -0.98    1.07
-256217.805     8.335    -0.29    1.11
-255840.886     8.128    -0.55    1.03
-255463.991     8.009    -0.31    1.15
-255087.117     8.490     1.28    1.75
-254710.267     9.221     1.94    2.07
-254333.438     9.982     2.02    2.17
-253956.633    11.096     2.96    1.98
-253579.850    11.793     1.85    1.62
-253203.089    12.140     0.92    1.29
-252826.350    12.244     0.28    1.35
-252449.635    12.292     0.13    1.20
-252072.941    12.168    -0.33    1.14
-251696.270    12.368     0.53    0.98
-251319.622    12.235    -0.35    1.27
-250942.996    11.749    -1.29    1.51
-250566.392    11.435    -0.83    1.74
-250189.811    11.024    -1.09    2.21
-249813.253    10.391    -1.68    2.08
-249436.716     9.793    -1.59    1.77
-249060.202     9.357    -1.16    1.83
-248683.711     9.191    -0.44    1.74
-248307.242     8.792    -1.06    1.60
-247930.795     8.261    -1.41    1.66
-247554.371     8.079    -0.48    1.76
-247177.969     7.662    -1.11    1.44
-246801.589     7.591    -0.19    1.39
-246425.232     7.448    -0.38    1.23
-246048.898     7.815     0.97    1.35
-245672.585     8.471     1.74    2.00
-245296.295     9.399     2.47    2.19
-244920.027     9.792     1.05    2.07
-244543.782    10.399     1.61    2.07
-244167.559    10.575     0.47    2.20
-243791.358    10.453    -0.32    2.10
-243415.180    10.924     1.25    2.08
-243039.024    10.994     0.19    1.77
-242662.890    11.835     2.24    3.28
-242286.779    13.502     4.43    4.87
-241910.689    14.479     2.60    4.96
-241534.623    14.335    -0.38    5.01
-241158.578    14.153    -0.49    5.39
-240782.556    11.662    -6.63    4.25
-240406.556     9.357    -6.13    2.74
-240030.578     8.035    -3.52    2.36
-239654.623     6.942    -2.91    1.86
-239278.689     6.575    -0.98    1.24
-238902.778     6.474    -0.27    1.33
-238526.890     6.039    -1.16    1.11
-238151.023     5.735    -0.81    1.18
-237775.179     5.422    -0.83    1.13
-237399.357     5.134    -0.77    1.06
-237023.557     5.013    -0.32    0.98
-236647.780     4.812    -0.54    0.96
-236272.024     4.559    -0.67    0.88
-235896.291     4.425    -0.36    1.00
-235520.580     4.027    -1.06    1.22
-235144.892     3.770    -0.68    1.36
-234769.225     3.517    -0.67    1.52
-234393.581     2.922    -1.58    1.32
-234017.959     2.531    -1.04    1.49
-233642.359     2.591     0.16    3.17
-233266.781     3.024     1.15    4.42
-232891.225     2.924    -0.27    4.85
-232515.692     1.991    -2.49    4.26
-232140.180     0.524    -3.91    1.87
-231764.691    -0.036    -1.49    0.48
-231389.224    -0.143    -0.28    0.00
-231013.779    -0.143     0.00    0.00
-230638.356    -0.143     0.00    0.00
-230262.955    -0.143     0.00    0.00
-229887.577    -0.143     0.00    0.00
-229512.220    -0.143     0.00    0.00
-229136.886    -0.143     0.00    0.00
-228761.574    -0.143     0.00    0.00
-228386.283    -0.143     0.00    0.00
-228011.015    -0.143     0.00    0.00
-227635.769    -0.143     0.00    0.00
-227260.545    -0.143     0.00    0.00
-226885.343    -0.143     0.00    0.00
-226510.163    -0.143     0.00    0.00
-226135.006    -0.143     0.00    0.00
-225759.870    -0.143     0.00    0.00
-225384.756    -0.143     0.00    0.00
-225009.665    -0.143     0.00    0.00
-224634.595    -0.143     0.00    0.00
-224259.547    -0.143     0.00    0.00
-223884.522    -0.143     0.00    0.00
-223509.518    -0.143     0.00    0.00
-223134.537    -0.143     0.00    0.00
-222759.577    -0.143     0.00    0.00
-222384.640    -0.143     0.00    0.00
-222009.724    -0.143     0.00    0.00
-221634.830    -0.143     0.00    0.00
-221259.959    -0.143     0.00    0.00
-220885.109    -0.143     0.00    0.00
-220510.281    -0.143     0.00    0.00
-220135.476    -0.143     0.00    0.00
-219760.692    -0.143     0.00    0.00
-219385.930    -0.143     0.00    0.00
-219011.190    -0.143     0.00    0.00
-218636.473    -0.143     0.00    0.00
-218261.777    -0.143     0.00    0.00
-217887.103    -0.143     0.00    0.00
-217512.450    -0.143     0.00    0.00
-217137.820    -0.143     0.00    0.00
-216763.212    -0.143     0.00    0.00
-216388.626    -0.143     0.00    0.00
-216014.061    -0.143     0.00    0.00
-215639.519    -0.143     0.00    0.00
-215264.998    -0.143     0.00    0.00
-214890.499    -0.143     0.00    0.00
-214516.022    -0.143     0.00    0.00
-214141.567    -0.143     0.00    0.00
-213767.134    -0.143     0.00    0.00
-213392.722    -0.143     0.00    0.00
-213018.333    -0.143     0.00    0.00
-212643.965    -0.143     0.00    0.00
-212269.619    -0.143     0.00    0.00
-211895.296    -0.143     0.00    0.00
-211520.993    -0.143     0.00    0.00
-211146.713    -0.143     0.00    0.00
-210772.455    -0.143     0.00    0.00
-210398.218    -0.143     0.00    0.00
-210024.003    -0.143     0.00    0.00
-209649.810    -0.143     0.00    0.00
-209275.639    -0.143     0.00    0.00
-208901.489    -0.143     0.00    0.00
-208527.362    -0.143     0.00    0.00
-208153.256    -0.143     0.00    0.00
-207779.171    -0.143     0.00    0.00
-207405.109    -0.143     0.00    0.00
-207031.068    -0.143     0.00    0.00
-206657.050    -0.143     0.00    0.00
-206283.052    -0.143     0.00    0.00
-205909.077    -0.143     0.00    0.00
-205535.123    -0.143     0.00    0.00
-205161.192    -0.143     0.00    0.00
-204787.281    -0.143     0.00    0.00
-204413.393    -0.143     0.00    0.00
-204039.526    -0.143     0.00    0.00
-203665.681    -0.143     0.00    0.00
-203291.858    -0.143     0.00    0.00
-202918.056    -0.143     0.00    0.00
-202544.276    -0.143     0.00    0.00
-202170.518    -0.143     0.00    0.00
-201796.782    -0.143     0.00    0.00
-201423.067    -0.143     0.00    0.00
-201049.374    -0.143     0.00    0.00
-200675.702    -0.143     0.00    0.00
-200302.052    -0.143     0.00    0.00
-199928.424    -0.143     0.00    0.00
-199554.817    -0.143     0.00    0.00
-199181.232    -0.143     0.00    0.00
-198807.669    -0.143     0.00    0.00
-198434.128    -0.143     0.00    0.00
-198060.608    -0.143     0.00    0.00
-197687.109    -0.143     0.00    0.00
-197313.632    -0.143     0.00    0.00
-196940.177    -0.143     0.00    0.00
-196566.744    -0.143     0.00    0.00
-196193.332    -0.143     0.00    0.00
-195819.941    -0.143     0.00    0.00
-195446.572    -0.143     0.00    0.00
-195073.225    -0.143     0.00    0.00
-194699.899    -0.143     0.00    0.00
-194326.595    -0.143     0.00    0.00
-193953.313    -0.143     0.00    0.00
-193580.052    -0.143     0.00    0.00
-193206.813    -0.143     0.00    0.00
-192833.595    -0.143     0.00    0.00
-192460.398    -0.143     0.00    0.00
-192087.224    -0.143     0.00    0.00
-191714.070    -0.143     0.00    0.00
-191340.939    -0.143     0.00    0.00
-190967.828    -0.143     0.00    0.00
-190594.740    -0.143     0.00    0.00
-190221.672    -0.143     0.00    0.00
-189848.627    -0.143     0.00    0.00
-189475.603    -0.143     0.00    0.00
-189102.600    -0.143     0.00    0.00
-188729.619    -0.143     0.00    0.00
-188356.659    -0.143     0.00    0.00
-187983.721    -0.143     0.00    0.00
-187610.804    -0.143     0.00    0.00
-187237.909    -0.143     0.00    0.00
-186865.035    -0.143     0.00    0.00
-186492.182    -0.143     0.00    0.00
-186116.221    -0.143     0.00    0.00
-185739.065    -0.143     0.00    0.00
-185361.930    -0.143     0.00    0.00
-184984.817    -0.143     0.00    0.00
-184607.726    -0.143     0.00    0.00
-184230.657    -0.143     0.00    0.00
-183853.611    -0.143     0.00    0.00
-183476.586    -0.143     0.00    0.00
-183099.583    -0.143     0.00    0.00
-182722.602    -0.143     0.00    0.00
-182345.642    -0.143     0.00    0.00
-181968.705    -0.143     0.00    0.00
-181591.790    -0.143     0.00    0.00
-181214.896    -0.143     0.00    0.00
-180838.025    -0.143     0.00    0.00
-180461.175    -0.143     0.00    0.00
-180084.348    -0.143     0.00    0.00
-179707.542    -0.143     0.00    0.00
-179330.758    -0.143     0.00    0.00
-178953.996    -0.143     0.00    0.00
-178577.255    -0.143     0.00    0.00
-178200.537    -0.143     0.00    0.00
-177823.841    -0.143     0.00    0.00
-177447.166    -0.143     0.00    0.00
-177070.513    -0.143     0.00    0.00
-176693.882    -0.143     0.00    0.00
-176317.273    -0.143     0.00    0.00
-175940.686    -0.143     0.00    0.00
-175564.120    -0.143     0.00    0.00
-175187.577    -0.143     0.00    0.00
-174811.055    -0.143     0.00    0.00
-174434.555    -0.143     0.00    0.00
-174058.076    -0.143     0.00    0.00
-173681.620    -0.143     0.00    0.00
-173305.185    -0.143     0.00    0.00
-172928.772    -0.143     0.00    0.00
-172552.381    -0.143     0.00    0.00
-172176.012    -0.143     0.00    0.00
-171799.664    -0.143     0.00    0.00
-171423.339    -0.143     0.00    0.00
-171047.035    -0.143     0.00    0.00
-170670.752    -0.143     0.00    0.00
-170294.492    -0.143     0.00    0.00
-169918.253    -0.143     0.00    0.00
-169542.036    -0.143     0.00    0.00
-169165.840    -0.143     0.00    0.00
-168789.667    -0.143     0.00    0.00
-168413.515    -0.143     0.00    0.00
-168037.384    -0.143     0.00    0.00
-167661.276    -0.143     0.00    0.00
-167285.189    -0.143     0.00    0.00
-166909.124    -0.143     0.00    0.00
-166533.080    -0.143     0.00    0.00
-166157.059    -0.009     0.35    0.89
-165781.058     0.768     2.07    2.16
-165405.080     3.835     8.16    5.84
-165029.123     9.113    14.04    8.49
-164653.188    15.988    18.29    8.98
-164277.275    23.378    19.66    8.80
-163901.383    30.516    18.99    7.99
-163525.513    33.602     8.21    6.14
-163149.664    34.380     2.07    5.35
-162773.837    33.702    -1.81    6.12
-162398.032    32.553    -3.06    6.58
-162022.248    31.946    -1.61    7.47
-161646.486    31.772    -0.46    7.66
-161270.746    31.444    -0.87    6.94
-160895.027    28.730    -7.23    6.24
-160519.329    27.770    -2.55    5.33
-160143.654    27.559    -0.56    5.25
-159768.000    29.635     5.53    7.05
-159392.367    33.229     9.57    7.06
-159016.756    37.466    11.28    7.88
-158641.167    42.266    12.78    7.18
-158265.599    45.702     9.15    5.89
-157890.053    49.168     9.23    5.68
-157514.528    52.880     9.89    5.33
-157139.025    57.749    12.97    5.18
-156763.543    60.834     8.22    4.52
-156388.083    62.346     4.03    4.25
-156012.644    62.176    -0.45    4.73
-155637.227    62.079    -0.26    5.13
-155261.832    62.878     2.13    4.81
-154886.458    64.379     4.00    4.47
-154511.105    66.107     4.61    4.59
-154135.774    66.062    -0.12    4.87
-153760.465    66.304     0.65    5.57
-153385.176    66.744     1.17    5.97
-153009.910    67.213     1.25    5.65
-152634.665    68.708     3.99    5.76
-152259.441    69.640     2.48    5.22
-151884.239    71.295     4.41    5.56
-151509.058    74.425     8.35    6.26
-151133.899    76.964     6.77    5.91
-150758.761    80.031     8.18    6.23
-150383.645    82.118     5.56    6.32
-150008.550    83.991     4.99    5.12
-149633.476    85.619     4.34    2.95
-149258.424    84.379    -3.31    3.53
-148883.394    81.903    -6.60    4.60
-148508.384    78.444    -9.22    5.17
-148133.397    75.746    -7.20    5.25
-147758.430    73.944    -4.81    5.36
-147383.485    71.746    -5.86    5.14
-147008.562    69.381    -6.31    5.37
-146633.659    67.334    -5.46    5.11
-146258.778    64.198    -8.37    5.37
-145883.919    62.792    -3.75    5.57
-145509.081    59.687    -8.28    5.98
-145134.264    57.834    -4.94    5.80
-144759.469    54.687    -8.40    6.54
-144384.695    50.090   -12.27    6.25
-144009.942    45.401   -12.51    6.38
-143635.211    41.811    -9.58    5.60
-143260.501    42.749     2.50    6.27
-142885.812    45.708     7.90    7.58
-142511.145    51.031    14.21    7.03
-142136.499    55.283    11.35    6.60
-141761.874    57.016     4.63    5.79
-141387.270    54.607    -6.43    6.45
-141012.688    51.879    -7.28    6.31
-140638.127    51.531    -0.93    5.96
-140263.588    55.257     9.95    9.44
-139889.070    61.516    16.71    9.40
-139514.573    67.049    14.77    7.24
-139140.097    69.925     7.68    3.96
-138765.643    68.066    -4.97    5.04
-138391.210    64.466    -9.61    5.47
-138016.798    60.091   -11.69    6.37
-137642.407    56.924    -8.46    5.81
-137268.038    54.596    -6.22    4.94
-136893.690    53.057    -4.11    5.06
-136519.363    52.381    -1.81    5.57
-136145.057    51.118    -3.37    6.24
-135770.773    46.834   -11.45    5.92
-135396.509    43.140    -9.87    6.96
-135022.267    39.813    -8.89    6.72
-134648.046    36.107    -9.90    6.84
-134273.847    32.746    -8.98    7.40
-133899.668    31.119    -4.35    7.10
-133525.511    32.971     4.95    8.33
-133151.375    36.630     9.78    9.85
-132777.260    43.509    18.39   10.15
-132403.167    48.644    13.73    8.10
-132029.094    52.289     9.74    8.11
-131655.043    54.538     6.01    9.30
-131281.013    56.811     6.08    9.06
-130907.004    61.183    11.69    7.76
-130533.016    63.286     5.62    6.89
-130159.049    65.079     4.80    6.13
-129785.104    67.496     6.46    7.73
-129411.179    69.183     4.51    7.01
-129037.276    71.517     6.24    6.28
-128663.394    73.266     4.68    5.98
-128289.533    74.261     2.66    5.39
-127915.693    75.635     3.67    5.21
-127541.874    78.053     6.47    5.85
-127168.076    80.568     6.73    5.62
-126794.299    81.994     3.81    6.13
-126420.544    84.640     7.08    5.15
-126046.809    85.257     1.65    4.73
-125673.096    86.070     2.18    4.37
-125299.404    85.948    -0.33    4.73
-124925.732    84.538    -3.77    4.40
-124552.082    83.640    -2.40    4.72
-124178.453    82.205    -3.84    4.83
-123804.845    79.553    -7.10    4.99
-123431.258    76.310    -8.68    5.16
-123057.692    71.814   -12.04    5.24
-122684.147    68.925    -7.73    4.27
-122310.623    68.666    -0.70    4.57
-121937.120    70.102     3.84    5.23
-121563.638    71.705     4.29    5.11
-121190.177    72.391     1.84    4.88
-120816.737    70.613    -4.76    6.11
-120443.318    67.584    -8.11    5.87
-120069.920    64.214    -9.03    6.14
-119696.543    62.768    -3.87    5.78
-119323.187    62.601    -0.45    6.00
-118949.852    64.013     3.78    6.21
-118576.539    66.813     7.50    6.94
-118203.246    70.698    10.41    7.66
-117829.973    71.546     2.27    7.49
-117456.722    73.927     6.38    7.04
-117083.492    75.968     5.47    7.54
-116710.283    77.198     3.30    7.83
-116337.095    80.509     8.87    7.54
-115963.928    84.347    10.28    7.00
-115590.781    87.249     7.78    5.99
-115217.656    89.261     5.40    5.35
-114844.551    90.124     2.31    4.73
-114471.468    90.314     0.51    5.24
-114098.405    89.403    -2.44    6.38
-113725.363    88.509    -2.39    6.46
-113352.342    86.257    -6.04    6.71
-112979.342    84.391    -5.01    5.93
-112606.363    82.942    -3.88    4.99
-112233.405    82.749    -0.52    4.34
-111860.467    83.024     0.74    4.37
-111486.831    84.698     4.48    4.54
-111109.714    85.942     3.30    4.66
-110732.619    86.789     2.25    5.01
-110355.545    88.591     4.78    5.06
-109978.493    91.618     8.03    4.72
-109601.461    93.607     5.28    4.45
-109224.452    95.559     5.18    4.60
-108847.463    97.770     5.87    4.65
-108470.496    99.640     4.96    4.93
-108093.550   102.102     6.53    4.36
-107716.626   103.221     2.97    3.92
-107339.723   102.435    -2.09    4.70
-106962.841   100.662    -4.70    5.82
-106585.980    97.924    -7.27    4.73
-106209.141    96.653    -3.37    4.69
-105832.323    95.968    -1.82    4.55
-105455.527    95.488    -1.28    4.25
-105078.751    94.667    -2.18    4.11
-104701.997    92.991    -4.45    4.15
-104325.265    92.266    -1.92    3.97
-103948.553    92.879     1.63    4.74
-103571.863    93.304     1.13    5.47
-103195.194    93.922     1.64    5.02
-102818.546    95.295     3.64    5.06
-102441.920    96.312     2.70    4.72
-102065.314    99.240     7.78    4.98
-101688.730   101.925     7.13    3.97
-101312.168   102.568     1.71    3.46
-100935.626   102.240    -0.87    3.95
-100559.106   101.553    -1.83    4.12
-100182.606   100.024    -4.06    4.42
 -99806.129    98.509    -4.02    5.03
 -99429.672    95.261    -8.63    6.17
 -99053.236    91.591    -9.75    6.46
 -98676.822    88.568    -8.03    5.85
 -98300.429    85.702    -7.62    6.08
 -97924.057    83.500    -5.85    6.35
 -97547.706    79.118   -11.64    7.34
 -97171.376    75.312   -10.12    6.18
 -96795.068    73.730    -4.20    6.67
 -96418.781    74.324     1.58    8.15
 -96042.514    75.266     2.50    8.99
 -95666.269    75.539     0.72    8.13
 -95290.045    73.143    -6.37    7.94
 -94913.843    70.724    -6.43    7.40
 -94537.661    67.279    -9.16    7.00
 -94161.501    64.244    -8.07    7.16
 -93785.361    60.401   -10.22    6.10
 -93409.243    58.380    -5.37    4.71
 -93033.146    58.422     0.11    4.10
 -92657.070    58.572     0.40    4.14
 -92281.015    60.768     5.84    5.13
 -91904.981    64.857    10.87    6.19
 -91528.968    68.009     8.38    7.24
 -91152.976    73.575    14.80    8.06
 -90777.006    78.721    13.69    6.11
 -90401.056    81.899     8.45    5.50
 -90025.128    84.312     6.42    4.92
 -89649.220    83.013    -3.46    5.46
 -89273.334    82.991    -0.06    5.30
 -88897.469    82.724    -0.71    4.69
 -88521.624    81.524    -3.19    3.69
 -88145.801    81.198    -0.87    3.54
 -87769.999    78.770    -6.46    4.19
 -87394.218    77.553    -3.24    4.58
 -87018.458    76.432    -2.98    4.50
 -86642.718    78.502     5.51    5.96
 -86267.000    80.524     5.38    6.10
 -85891.303    80.814     0.77    4.73
 -85515.627    79.648    -3.10    4.11
 -85139.972    78.053    -4.25    4.47
 -84764.338    75.879    -5.79    5.04
 -84388.725    74.924    -2.54    5.56
 -84013.132    72.213    -7.22    6.40
 -83637.561    69.810    -6.40    6.36
 -83262.011    66.175    -9.68    6.98
 -82886.482    63.198    -7.93    7.48
 -82510.973    59.479    -9.90    7.24
 -82135.486    55.749    -9.94    5.65
 -81760.019    53.584    -5.76    5.50
 -81384.574    50.596    -7.96    4.17
 -81009.149    48.881    -4.57    3.45
 -80633.746    47.946    -2.49    3.65
 -80258.363    50.789     7.57    7.05
 -79883.001    54.213     9.12    7.84
 -79507.660    57.410     8.52    8.74
 -79132.340    58.901     3.97    8.31
 -78757.041    58.378    -1.39    7.34
 -78381.763    60.039     4.43    7.66
 -78006.506    63.922    10.35    8.63
 -77631.269    68.562    12.36    8.48
 -77256.054    72.991    11.80    6.46
 -76880.859    74.770     4.74    4.48
 -76505.685    74.118    -1.74    5.25
 -76130.532    71.432    -7.16    6.25
 -75755.400    67.289   -11.04    5.73
 -75380.289    63.155   -11.02    5.88
 -75005.198    61.118    -5.43    5.73
 -74630.129    59.270    -4.93    5.52
 -74255.080    60.079     2.16    7.04
 -73880.052    61.405     3.53    7.54
 -73505.045    62.553     3.06    6.76
 -73130.059    64.244     4.51    5.66
 -72755.094    64.705     1.23    5.65
 -72380.149    66.994     6.10    6.02
 -72005.225    70.640     9.73    6.14
 -71630.322    73.435     7.46    6.26
 -71255.440    76.095     7.10    5.75
 -70880.579    76.562     1.24    5.01
 -70505.738    74.625    -5.17    5.70
 -70130.918    69.791   -12.90    6.03
 -69756.119    65.746   -10.79    5.76
 -69381.341    63.016    -7.28    5.61
 -69006.583    59.991    -8.07    6.12
 -68631.846    57.882    -5.63    6.08
 -68257.130    53.479   -11.75    5.89
 -67882.435    50.403    -8.21    5.37
 -67507.760    49.249    -3.08    5.33
 -67133.107    48.517    -1.95    5.37
 -66758.474    47.075    -3.85    5.30
 -66383.861    45.964    -2.97    5.15
 -66009.269    45.584    -1.01    4.40
 -65634.699    48.075     6.65    6.75
 -65260.148    54.925    18.29    9.93
 -64885.619    60.746    15.54    8.95
 -64511.110    65.113    11.66    6.95
 -64136.622    66.922     4.83    7.24
 -63762.154    65.422    -4.01    8.34
 -63387.707    62.744    -7.15    8.45
 -63013.281    60.644    -5.61    7.66
 -62638.876    59.509    -3.03    6.06
 -62264.491    59.988     1.28    5.21
 -61890.127    63.479     9.33    6.09
 -61515.784    65.562     5.56    6.19
 -61141.461    67.049     3.97    5.73
 -60767.159    69.084     5.44    6.15
 -60392.877    73.128    10.80    7.90
 -60018.616    78.140    13.39    8.10
 -59644.376    82.155    10.73    6.71
 -59270.156    84.944     7.45    4.26
 -58895.957    85.494     1.47    4.40
 -58521.779    83.857    -4.37    5.09
 -58147.621    81.905    -5.22    5.15
 -57773.484    80.140    -4.72    5.94
 -57399.367    77.994    -5.74    5.64
 -57025.271    76.575    -3.79    5.78
 -56651.196    75.591    -2.63    5.42
 -56277.141    75.289    -0.81    4.71
 -55903.107    73.516    -4.74    4.20
 -55529.093    71.452    -5.52    4.65
 -55155.100    70.198    -3.35    4.35
 -54781.127    67.643    -6.83    3.71
 -54407.175    65.791    -4.95    3.95
 -54033.244    62.791    -8.02    4.53
 -53659.333    59.607    -8.51    5.05
 -53285.442    56.902    -7.24    4.37
 -52911.572    55.223    -4.49    4.01
 -52537.723    56.812     4.25    5.72
 -52163.894    60.448     9.73    6.93
 -51790.086    63.118     7.14    6.56
 -51416.298    65.814     7.21    5.35
 -51042.531    68.531     7.27    5.46
 -50668.784    69.509     2.62    4.93
 -50295.058    70.439     2.49    4.32
 -49921.352    71.379     2.52    5.54
 -49547.666    72.952     4.21    6.60
 -49174.002    77.096    11.09    7.40
 -48800.357    81.249    11.11    6.24
 -48426.733    81.879     1.69    5.52
 -48053.130    80.517    -3.65    5.90
 -47679.547    77.539    -7.97    8.33
 -47305.984    74.347    -8.55    8.34
 -46932.442    71.813    -6.78    7.94
 -46558.921    72.466     1.75    7.29
 -46185.420    72.425    -0.11    6.33
 -45811.939    70.835    -4.26    7.19
 -45438.478    68.488    -6.29    7.39
 -45065.039    65.466    -8.09    6.04
 -44691.619    64.795    -1.80    6.21
 -44318.220    65.675     2.36    7.26
 -43944.841    65.922     0.66    7.63
 -43571.483    64.814    -2.97    8.71
 -43198.145    62.346    -6.61    9.22
 -42824.828    59.235    -8.33    7.59
 -42451.531    56.084    -8.44    7.27
 -42078.254    52.575    -9.40    6.27
 -41704.997    50.471    -5.64    5.82
 -41331.761    48.219    -6.03    4.66
 -40958.546    47.096    -3.01    4.64
 -40585.351    45.198    -5.09    4.59
 -40212.176    42.479    -7.28    4.32
 -39839.021    40.107    -6.36    4.94
 -39465.887    37.124    -8.00    4.72
 -39092.773    34.881    -6.01    3.66
 -38719.680    33.749    -3.04    4.30
 -38346.606    31.766    -5.31    3.91
 -37973.553    30.640    -3.02    3.86
 -37600.521    30.857     0.58    5.00
 -37227.509    31.702     2.26    6.31
 -36854.517    33.403     4.56    6.83
 -36479.005    34.238     2.23    7.15
 -36101.944    36.903     7.07    8.17
 -35724.903    41.555    12.34   10.26
 -35347.883    44.679     8.29   10.27
 -34970.884    49.857    13.73   11.30
 -34593.906    51.334     3.92   10.27
 -34216.948    54.944     9.58    8.59
 -33840.012    56.443     3.98    6.60
 -33463.095    55.791    -1.73    6.04
 -33086.200    54.113    -4.45    6.67
 -32709.326    51.944    -5.75    7.50
 -32332.472    50.596    -3.58    8.09
 -31955.639    48.198    -6.36    8.49
 -31578.826    47.509    -1.83    8.70
 -31202.034    47.925     1.10    8.33
 -30825.263    47.991     0.17    8.74
 -30448.513    46.102    -5.01   10.40
 -30071.783    41.031   -13.46   10.93
 -29695.074    35.149   -15.62   10.64
 -29318.386    29.244   -15.68    9.44
 -28941.718    23.966   -14.01    6.94
 -28565.071    19.162   -12.76    7.54
 -28188.445    14.039   -13.60    8.70
 -27811.840     8.235   -15.41    6.84
 -27435.255     4.857    -8.97    4.89
 -27058.690     3.618    -3.29    3.43
 -26682.147     6.413     7.42    7.40
 -26305.624    10.770    11.57   11.67
 -25929.121    14.146     8.97   13.56
 -25552.639    14.705     1.48   14.13
 -25176.178    12.084    -6.96   12.29
 -24799.738     8.167   -10.41    9.84
 -24423.318     5.591    -6.84    6.51
 -24046.918     4.253    -3.55    4.14
 -23670.540     5.879     4.32    6.35
 -23294.182     7.702     4.84    8.34
 -22917.844     8.929     3.26    9.59
 -22541.527    10.448     4.04   10.00
 -22165.231    10.016    -1.15    9.09
 -21788.955     8.235    -4.73    7.85
 -21412.700     8.183    -0.14    7.69
 -21036.465     6.944    -3.29    6.77
 -20660.251     5.944    -2.66    5.46
 -20284.057     4.584    -3.61    3.97
 -19907.884     4.227    -0.95    3.67
 -19531.732     3.971    -0.68    3.18
 -19155.600     4.035     0.17    3.43
 -18779.488     4.683     1.72    3.67
 -18403.398     5.444     2.02    3.70
 -18027.327     5.279    -0.44    3.52
 -17651.277     5.244    -0.10    3.47
 -17275.248     5.422     0.48    3.64
 -16899.239     5.312    -0.29    3.23
 -16523.251     6.035     1.92    3.08
 -16147.283     6.546     1.36    3.02
 -15771.336     6.016    -1.41    3.10
 -15395.409     6.205     0.50    3.07
 -15019.502     5.988    -0.58    3.44
 -14643.616     7.140     3.07    4.60
 -14267.751     8.448     3.48    6.20
 -13891.906     7.991    -1.22    6.35
 -13516.082     7.724    -0.71    5.96
 -13140.277     7.833     0.29    5.15
 -12764.494    10.335     6.66    4.74
 -12388.731    12.494     5.74    4.66
 -12012.988    13.346     2.27    4.27
 -11637.266    13.835     1.30    4.02
 -11261.564    13.555    -0.75    3.50
 -10885.882    14.903     3.59    4.77
 -10510.221    17.476     6.85    5.33
 -10134.581    19.435     5.21    5.68
  -9758.960    20.516     2.88    5.79
  -9383.361    21.107     1.57    5.94
  -9007.781    20.749    -0.96    5.24
  -8632.222    19.857    -2.37    4.38
  -8256.683    20.770     2.43    4.05
  -7881.165    23.572     7.46    5.24
  -7505.667    25.791     5.91    4.66
  -7130.190    26.942     3.07    4.05
  -6754.732    26.292    -1.73    4.68
  -6379.296    23.292    -7.99    5.69
  -6003.879    20.334    -7.88    5.04
  -5628.483    19.205    -3.01    4.61
  -5253.107    16.175    -8.07    4.46
  -4877.752    14.657    -4.04    4.80
  -4502.417    11.635    -8.05    5.58
  -4127.102     8.835    -7.46    5.99
  -3751.807     5.683    -8.40    5.36
  -3376.533     4.039    -4.38    4.27
  -3001.279     2.792    -3.32    2.48
  -2626.046     2.466    -0.87    1.58
  -2250.833     2.235    -0.62    1.09
  -1875.640     1.724    -1.36    1.39
  -1500.467     1.403    -0.86    1.49
  -1125.315     0.966    -1.16    1.46
   -750.183     0.744    -0.59    1.54
   -375.071     0.314    -1.15    1.19
      0.021     0.401     0.23    1.44
    375.092     0.623     0.59    1.59
    750.143     0.991     0.98    1.84
   1125.174     1.238     0.66    1.97
   1500.184     1.314     0.20    1.94
   1875.175     1.238    -0.20    1.82
   2250.145     1.509     0.72    1.98
   2625.094     1.698     0.50    1.84
   3000.024     1.834     0.36    1.73
   3374.933     1.591    -0.65    1.57
   3749.822     1.532    -0.16    1.43
   4124.691     1.607     0.20    1.57
   4499.540     1.667     0.16    1.94
   4874.369     1.613    -0.14    2.02
   5249.177     1.235    -1.01    2.03
   5623.965     1.289     0.14    1.70
   5998.733     1.368     0.21    2.00
   6373.481     1.286    -0.22    2.05
   6748.208     1.494     0.55    2.20
   7122.916     1.834     0.91    2.14
   7497.603     1.568    -0.71    1.93
   7872.270     1.401    -0.45    1.92
   8246.917     1.584     0.49    1.98
   8621.544     1.662     0.21    2.09
   8996.150     1.857     0.52    2.19
   9370.737     1.770    -0.23    2.15
   9745.303     1.810     0.11    2.01
  10119.849     1.679    -0.35    2.00
  10494.376     1.444    -0.63    2.00
  10868.882     1.162    -0.75    2.03
  11243.367     0.922    -0.64    2.05
  11617.833     0.653    -0.72    1.71
  11992.279     0.553    -0.27    1.62
  12366.704     0.448    -0.28    1.21
  12741.110     0.613     0.44    1.67
  13115.495     0.991     1.01    1.97
  13489.861     1.494     1.34    2.52
  13864.206     1.792     0.80    2.62
  14238.531     1.675    -0.31    2.54
  14612.836     1.479    -0.52    2.45
  14987.121     1.075    -1.08    1.95
  15361.386     0.991    -0.22    1.91
  15735.631     0.946    -0.12    2.00
  16109.856     0.994     0.13    2.02
  16484.060     1.183     0.51    2.07
  16858.245     1.039    -0.39    1.98
  17232.410     1.107     0.18    1.63
  17606.555     1.227     0.32    2.00
  17980.679     1.314     0.23    2.02
  18354.784     1.168    -0.39    1.90
  18728.869     1.090    -0.21    1.69
  19102.933     1.457     0.98    2.06
  19476.978     2.000     1.45    2.47
  19851.003     2.379     1.01    2.62
  20225.007     2.880     1.34    2.97
  20598.992     3.657     2.08    3.45
  20972.957     3.368    -0.77    3.47
  21346.901     3.176    -0.51    3.55
  21720.826     2.857    -0.85    3.59
  22094.731     2.032    -2.21    2.84
  22468.616     1.791    -0.65    2.41
  22842.481     1.811     0.05    2.28
  23216.326     2.302     1.31    2.55
  23590.151     2.679     1.01    2.65
  23963.956     2.950     0.72    2.55
  24337.741     2.657    -0.78    2.50
  24711.506     2.405    -0.68    2.34
  25085.251     2.062    -0.92    1.90
  25458.976     1.741    -0.86    1.52
  25832.682     1.789     0.13    1.69
  26206.367     1.724    -0.17    1.71
  26580.033     1.607    -0.31    1.78
  26953.679     1.479    -0.34    1.76
  27327.304     1.247    -0.62    1.73
  27700.910     1.630     1.02    1.99
  28074.496     1.762     0.35    2.03
  28448.062     1.880     0.32    1.95
  28821.609     2.031     0.40    1.76
  29195.135     2.153     0.33    1.81
  29568.642     2.009    -0.38    1.61
  29942.128     2.130     0.32    1.76
  30315.595     2.249     0.32    1.71
  30689.042     2.619     0.99    1.76
  31062.469     3.235     1.65    2.00
  31435.876     3.705     1.26    1.83
  31809.264     4.031     0.87    2.23
  32182.632     3.575    -1.22    2.46
  32555.979     2.618    -2.56    2.57
  32929.307     2.401    -0.58    2.52
  33302.615     1.764    -1.70    2.26
  33675.904     1.946     0.49    2.57
  34049.172     1.671    -0.74    2.63
  34422.421     1.635    -0.10    2.59
  34795.650     1.944     0.83    2.57
  35168.859     1.944     0.00    2.41
  35542.049     1.924    -0.05    2.39
  35915.218     2.084     0.43    2.24
  36288.368     2.140     0.15    2.14
  36661.498     2.357     0.58    2.42
  37034.608     2.302    -0.15    2.42
  37407.699     2.279    -0.06    2.54
  37780.770     2.146    -0.36    2.62
  38154.079     2.575     1.15    2.86
  38531.106     2.653     0.21    2.91
  38908.114     2.724     0.19    3.03
  39285.100     2.705    -0.05    3.11
  39662.067     2.653    -0.14    3.03
  40039.014     2.568    -0.22    3.11
  40415.940     2.286    -0.75    2.95
  40792.846     1.835    -1.19    2.40
  41169.733     1.857     0.06    2.17
  41546.598     2.140     0.75    2.14
  41923.444     2.357     0.58    2.19
  42300.270     1.988    -0.98    1.87
  42677.075     1.789    -0.53    1.55
  43053.861     1.857     0.18    1.47
  43430.626     2.035     0.47    1.96
  43807.371     2.425     1.04    2.05
  44184.096     2.368    -0.15    2.18
  44560.801     2.502     0.35    2.25
  44937.486     2.476    -0.07    2.16
  45314.150     2.312    -0.44    1.96
  45690.795     2.276    -0.10    1.95
  46067.419     2.035    -0.64    1.61
  46444.024     1.789    -0.65    1.69
  46820.608     1.630    -0.42    1.51
  47197.172     1.922     0.78    1.51
  47573.716     2.072     0.40    1.75
  47950.240     1.813    -0.69    1.57
  48326.744     1.601    -0.56    1.71
  48703.228     1.471    -0.35    1.71
  49079.692     1.413    -0.15    1.88
  49456.136     1.879     1.24    2.18
  49832.560     2.640     2.02    2.80
  50208.964     2.266    -0.99    2.53
  50585.347     2.368     0.27    2.19
  50961.711     2.568     0.53    2.33
  51338.055     2.539    -0.08    2.21
  51714.378     2.302    -0.63    2.43
  52090.682     2.221    -0.21    2.53
  52466.966     2.502     0.75    2.58
  52843.229     2.401    -0.27    2.75
  53219.473     2.835     1.15    2.98
  53595.697     2.391    -1.18    2.68
  53971.900     2.160    -0.61    2.59
  54348.084     2.205     0.12    2.40
  54724.248     2.107    -0.26    2.11
  55100.392     1.813    -0.78    2.28
  55476.515     1.613    -0.53    2.08
  55852.619     1.901     0.77    2.69
  56228.703     1.946     0.12    2.77
  56604.767     2.500     1.47    3.30
  56980.811     3.213     1.90    3.48
  57356.835     4.369     3.07    3.91
  57732.839     6.546     5.79    4.63
  58108.823     8.902     6.26    4.90
  58484.788    12.090     8.48    4.87
  58860.732    13.994     5.06    3.94
  59236.656    15.072     2.87    3.53
  59612.561    14.357    -1.90    4.01
  59988.445    11.532    -7.52    4.59
  60364.310    10.124    -3.75    4.83
  60740.155     8.213    -5.08    5.24
  61115.980     7.381    -2.21    5.75
  61491.785     4.994    -6.35    4.95
  61867.570     2.930    -5.49    3.17
  62243.335     2.289    -1.71    2.21
  62619.081     3.314     2.73    4.16
  62994.806     4.721     3.74    4.82
  63370.512     5.770     2.79    4.43
  63746.198     6.741     2.58    4.50
  64121.864     6.357    -1.02    4.05
  64497.510     5.787    -1.52    3.36
  64873.136     5.479    -0.82    2.98
  65248.742     5.946     1.24    3.15
  65624.329     6.857     2.43    3.95
  65999.896     8.635     4.73    4.27
  66375.443    11.153     6.70    4.44
  66750.970    13.683     6.74    4.32
  67126.477    15.039     3.61    3.67
  67501.965    16.235     3.18    3.90
  67877.433    17.368     3.02    4.13
  68252.881    19.813     6.51    5.16
  68628.309    22.091     6.07    5.47
  69003.717    24.266     5.79    5.18
  69379.106    26.279     5.36    4.96
  69754.475    26.994     1.90    4.04
  70129.824    26.721    -0.73    3.66
  70505.153    27.546     2.20    3.78
  70880.463    28.532     2.63    3.89
  71255.753    30.422     5.04    4.13
  71631.023    31.596     3.13    3.73
  72006.273    31.205    -1.04    4.13
  72381.504    29.198    -5.35    4.80
  72756.714    26.302    -7.72    5.34
  73131.906    22.057   -11.31    4.76
  73507.077    20.516    -4.11    4.32
  73882.229    19.683    -2.22    4.22
  74257.361    19.107    -1.54    4.44
  74632.473    18.502    -1.61    3.87
  75007.565    15.968    -6.75    4.60
  75382.638    14.312    -4.42    4.05
  75757.691    12.925    -3.70    2.92
  76132.725    12.757    -0.45    3.21
  76507.739    13.857     2.93    3.84
  76882.733    15.764     5.08    4.39
  77257.707    17.857     5.58    4.33
  77632.662    20.191     6.22    4.06
  78007.597    20.090    -0.27    4.42
  78382.513    21.653     4.17    4.98
  78757.408    22.516     2.30    5.35
  79132.285    24.244     4.61    5.82
  79507.141    27.698     9.21    5.81
  79881.978    29.834     5.70    4.79
  80256.795    30.346     1.36    4.35
  80631.593    30.881     1.43    4.34
  81006.371    32.227     3.59    5.11
  81381.129    34.072     4.92    4.79
  81755.868    35.479     3.76    4.07
  82130.587    36.140     1.76    4.04
  82505.287    35.524    -1.64    4.89
  82879.967    34.991    -1.42    4.67
  83254.627    33.766    -3.27    4.93
  83629.268    33.683    -0.22    5.45
  84003.889    34.024     0.91    5.44
  84378.491    34.657     1.69    5.25
  84753.073    36.198     4.11    5.18
  85127.635    37.107     2.43    5.07
  85502.178    38.013     2.42    4.84
  85876.701    39.539     4.07    4.81
  86251.205    42.140     6.94    4.69
  86625.689    43.880     4.65    3.95
  87000.154    44.835     2.55    3.35
  87374.599    45.102     0.71    3.65
  87749.025    45.062    -0.11    3.58
  88123.431    44.524    -1.44    3.34
  88497.818    43.312    -3.24    3.77
  88872.185    40.124    -8.51    4.93
  89246.532    37.249    -7.68    4.63
  89620.860    34.768    -6.63    4.23
  89995.169    32.457    -6.17    4.47
  90369.458    31.766    -1.85    4.59
  90743.727    31.509    -0.69    5.21
  91117.977    31.016    -1.32    5.64
  91492.208    31.134     0.31    5.60
  91866.419    29.727    -3.76    5.26
  92240.611    28.946    -2.09    4.89
  92614.783    27.653    -3.46    4.16
  92988.936    26.439    -3.24    3.97
  93363.069    23.657    -7.43    4.51
  93737.183    20.691    -7.93    4.14
  94111.277    18.944    -4.67    3.02
  94485.352    18.524    -1.12    2.64
  94859.407    20.183     4.44    4.23
  95233.443    22.312     5.69    4.34
  95607.460    24.946     7.04    4.70
  95981.457    28.457     9.39    4.76
  96355.435    31.443     7.98    4.74
  96729.393    33.770     6.22    4.68
  97103.332    37.312     9.47    5.36
  97477.251    39.657     6.27    5.10
  97851.151    40.675     2.72    4.14
  98225.032    40.546    -0.35    3.56
  98598.893    40.062    -1.30    3.64
  98972.735    38.807    -3.36    3.20
  99346.558    37.584    -3.27    3.71
  99720.361    35.405    -5.83    4.59
 100094.145    32.435    -7.94    4.13
 100467.909    30.168    -6.06    2.30
 100841.654    30.766     1.60    2.96
 101215.380    32.539     4.74    4.31
 101589.086    35.452     7.80    4.80
 101962.773    39.107     9.78    5.23
 102336.441    43.048    10.54    5.17
 102710.090    45.244     5.88    3.86
 103083.719    45.479     0.63    3.92
 103457.328    44.136    -3.59    4.04
 103830.919    42.635    -4.02    4.07
 104204.490    41.272    -3.65    3.97
 104578.041    39.584    -4.52    4.19
 104951.574    37.072    -6.73    4.42
 105325.087    34.791    -6.11    4.29
 105698.581    32.221    -6.88    2.84
 106072.055    31.812    -1.10    2.74
 106445.510    33.435     4.35    4.60
 106818.946    35.929     6.68    5.35
 107192.363    36.334     1.09    5.01
 107565.761    36.467     0.35    4.95
 107939.139    35.971    -1.33    4.36
 108312.498    37.057     2.91    4.45
 108685.837    40.062     8.05    5.06
 109059.158    44.053    10.69    5.34
 109432.459    47.429     9.04    4.82
 109805.740    49.096     4.47    4.26
 110179.003    48.930    -0.44    3.50
 110552.247    47.413    -4.07    4.40
 110925.471    44.502    -7.80    5.56
 111298.676    41.578    -7.83    4.67
 111671.861    39.813    -4.73    3.93
 112045.028    39.413    -1.07    4.63
 112418.175    40.488     2.88    5.10
 112791.303    43.024     6.80    5.20
 113166.395    45.057     5.42    5.47
 113543.366    48.880    10.14    5.12
 113920.318    50.925     5.42    3.62
 114297.250    50.124    -2.13    4.48
 114674.163    47.435    -7.13    5.44
 115051.056    45.053    -6.32    4.44
 115427.930    45.768     1.90    4.93
 115804.784    46.946     3.12    5.01
 116181.618    49.057     5.60    4.25
 116558.433    50.039     2.61    3.98
 116935.228    50.613     1.52    3.57
 117312.004    49.880    -1.94    3.47
 117688.760    48.168    -4.54    4.32
 118065.496    46.812    -3.60    4.51
 118442.213    45.562    -3.32    4.50
 118818.911    46.591     2.73    4.75
 119195.589    47.415     2.19    3.78
 119572.247    46.249    -3.10    3.95
 119948.886    44.075    -5.77    4.12
 120325.505    42.479    -4.24    3.77
 120702.105    41.694    -2.08    4.43
 121078.685    42.392     1.85    4.43
 121455.245    44.946     6.78    4.45
 121831.787    46.199     3.33    4.10
 122208.308    49.457     8.65    4.62
 122584.810    51.789     6.19    4.52
 122961.293    53.766     5.25    4.21
 123337.756    53.435    -0.88    4.26
 123714.200    53.113    -0.86    4.57
 124090.624    54.448     3.55    3.93
 124467.029    54.214    -0.62    3.55
 124843.414    55.079     2.30    2.98
 125219.779    54.613    -1.24    3.22
 125596.126    52.997    -4.29    3.97
 125972.453    52.013    -2.61    4.45
 126348.760    52.557     1.45    5.15
 126725.048    52.084    -1.26    5.54
 127101.316    50.413    -4.44    6.60
 127477.565    45.971   -11.80    7.95
 127853.795    40.702   -14.00    5.40
 128230.005    38.262    -6.48    3.84
 128606.196    38.140    -0.32    4.56
 128982.367    40.119     5.26    5.73
 129358.519    41.679     4.15    5.77
 129734.651    42.662     2.61    4.96
 130110.765    41.162    -3.99    5.55
 130486.858    38.035    -8.31    5.50
 130862.933    35.766    -6.03    3.97
 131238.987    36.335     1.51    5.03
 131615.023    37.950     4.29    5.42
 131991.039    39.124     3.12    4.60
 132367.036    40.991     4.96    4.56
 132743.013    41.640     1.73    4.29
 133118.971    42.613     2.59    4.10
 133494.910    41.494    -2.98    4.84
 133870.829    37.546   -10.50    5.45
 134246.729    33.789    -9.99    5.33
 134622.610    30.879    -7.74    3.90
 134998.471    28.792    -5.55    2.12
 135374.313    28.107    -1.82    1.42
 135750.135    28.880     2.06    2.57
 136125.939    30.922     5.43    4.33
 136501.723    33.140     5.90    5.09
 136877.487    35.902     7.35    5.52
 137253.233    36.834     2.48    5.06
 137628.959    36.502    -0.88    5.62
 138004.665    35.262    -3.30    5.63
 138380.353    34.879    -1.02    5.24
 138756.021    33.924    -2.54    5.67
 139131.670    33.324    -1.60    5.29
 139507.299    32.368    -2.54    4.18
 139882.909    31.572    -2.12    2.85
 140258.500    31.657     0.23    2.27
 140634.072    31.540    -0.31    1.85
 141009.625    31.635     0.25    1.76
 141385.158    32.153     1.38    2.60
 141760.672    33.675     4.05    3.88
 142136.167    35.562     5.02    4.89
 142511.642    36.524     2.56    4.76
 142887.098    37.266     1.98    4.45
 143262.535    37.548     0.75    4.45
 143637.953    38.902     3.61    5.48
 144013.351    38.702    -0.53    4.63
 144388.731    38.160    -1.44    3.45
 144764.091    37.744    -1.11    2.75
 145139.432    38.407     1.77    3.24
 145514.753    40.448     5.44    4.60
 145890.056    43.927     9.27    5.36
 146265.339    47.568     9.70    5.14
 146640.603    49.279     4.56    4.69
 147015.848    51.322     5.44    4.33
 147391.074    53.502     5.81    4.96
 147766.280    54.732     3.28    5.10
 148141.468    56.357     4.33    4.57
 148516.636    59.198     7.57    3.88
 148891.785    61.175     5.27    3.55
 149266.915    62.568     3.71    2.88
 149642.026    63.787     3.25    1.76
 150017.117    64.009     0.59    1.48
 150392.190    63.333    -1.80    2.16
 150767.243    63.035    -0.80    2.53
 151142.277    63.289     0.68    2.56
 151517.292    63.705     1.11    2.93
 151892.288    64.516     2.16    2.29
 152267.265    63.997    -1.39    2.41
 152642.223    62.988    -2.69    2.86
 153017.161    60.572    -6.44    3.76
 153392.081    58.591    -5.28    3.76
 153766.981    57.698    -2.38    3.43
 154141.863    57.924     0.60    3.72
 154516.725    58.724     2.13    3.77
 154891.568    60.630     5.08    3.35
 155266.392    61.346     1.91    2.93
 155641.197    61.653     0.82    2.98
 156015.983    60.746    -2.42    3.52
 156390.750    59.516    -3.28    3.70
 156765.498    59.516     0.00    3.91
 157140.226    60.494     2.61    3.81
 157514.936    60.903     1.09    3.39
 157889.627    59.107    -4.79    4.06
 158264.298    58.425    -1.82    3.78
 158638.951    59.789     3.64    4.07
 159013.584    61.724     5.16    4.03
 159388.199    62.175     1.21    3.45
 159762.794    61.813    -0.97    3.36
 160137.371    61.221    -1.58    3.05
 160511.928    62.079     2.29    3.02
 160886.467    62.991     2.43    2.43
 161260.986    62.266    -1.93    2.87
 161635.486    59.457    -7.50    4.35
 162009.968    57.578    -5.02    4.01
 162384.430    57.357    -0.59    3.86
 162758.874    56.607    -2.00    3.76
 163133.298    55.266    -3.58    4.33
 163507.704    54.640    -1.67    4.17
 163882.090    53.902    -1.97    3.94
 164256.458    55.130     3.28    4.55
 164630.807    56.619     3.98    3.96
 165005.136    58.183     4.18    3.73
 165379.447    59.214     2.75    3.88
 165753.739    61.079     4.98    3.55
 166128.012    63.084     5.36    2.23
 166502.265    63.991     2.42    2.54
 166876.500    64.653     1.77    2.72
 167250.716    65.286     1.69    2.42
 167624.914    65.584     0.80    2.18
 167999.092    64.381    -3.22    2.70
 168373.251    63.391    -2.65    2.72
 168747.392    63.834     1.19    3.27
 169121.513    65.448     4.31    3.34
 169495.616    66.766     3.52    2.53
 169869.699    66.589    -0.47    2.44
 170243.764    66.516    -0.19    2.85
 170617.810    66.619     0.27    3.09
 170991.837    68.057     3.84    2.72
 171365.845    69.334     3.41    1.73
 171739.835    69.562     0.61    1.58
 172113.805    69.175    -1.03    1.79
 172487.757    68.760    -1.11    1.77
 172861.689    68.084    -1.81    1.85
 173235.603    67.762    -0.86    1.88
 173609.498    67.880     0.32    1.87
 173983.374    67.198    -1.82    2.07
 174357.232    67.266     0.18    1.86
 174731.070    66.924    -0.92    1.88
 175104.890    67.272     0.93    2.00
 175478.691    68.244     2.60    1.90
 175852.473    68.930     1.84    1.40
 176226.236    68.902    -0.08    1.35
 176599.981    68.539    -0.97    1.61
 176973.706    67.702    -2.24    1.93
 177347.413    67.562    -0.37    1.76
 177721.101    67.881     0.85    1.91
 178094.770    68.630     2.00    1.57
 178468.421    69.191     1.50    1.10
 178842.052    69.107    -0.22    1.06
 179215.665    68.721    -1.03    1.30
 179589.259    68.257    -1.24    1.56
 179962.835    67.902    -0.95    1.55
 180336.391    67.691    -0.57    1.54
 180709.929    67.834     0.39    1.36
 181083.448    67.882     0.13    1.41
 181456.949    67.834    -0.13    1.56
 181830.430    67.630    -0.55    1.40
 182203.893    67.721     0.24    1.30
 182577.337    67.924     0.54    1.10
 182950.763    67.905    -0.05    1.32
 183324.170    67.584    -0.86    1.44
 183697.558    67.332    -0.68    1.58
 184070.927    67.130    -0.54    1.77
 184444.277    66.462    -1.79    1.69
 184817.609    66.334    -0.34    1.62
 185190.922    65.925    -1.10    1.80
 185564.217    65.392    -1.43    1.87
 185937.493    64.635    -2.03    1.64
 186310.750    64.182    -1.21    1.85
 186683.988    63.448    -1.97    2.31
 187057.208    62.452    -2.67    2.32
 187430.409    61.787    -1.78    2.04
 187803.591    61.302    -1.30    1.45
 188180.356    61.175    -0.34    1.71
 188557.276    61.118    -0.15    2.04
 188934.178    60.882    -0.63    2.07
 189311.060    60.413    -1.24    1.89
 189687.923    60.221    -0.51    1.56
 190064.767    60.944     1.92    2.21
 190441.592    61.562     1.64    2.35
 190818.398    62.494     2.47    2.69
 191195.185    62.401    -0.25    2.56
 191571.953    62.578     0.47    2.61
 191948.702    62.346    -0.62    2.43
 192325.432    62.084    -0.69    2.30
 192702.143    61.814    -0.72    1.90
 193078.834    61.902     0.23    1.82
 193455.507    62.153     0.67    2.00
 193832.161    62.368     0.57    2.02
 194208.796    62.789     1.12    1.97
 194585.412    63.448     1.75    2.27
 194962.009    64.401     2.53    2.62
 195338.587    65.334     2.48    2.24
 195715.146    66.107     2.05    1.87
 196091.686    66.270     0.43    2.03
 196468.207    66.391     0.32    1.95
 196844.709    66.902     1.36    1.94
 197221.192    67.119     0.58    1.77
 197597.657    67.140     0.05    1.59
 197974.102    67.578     1.16    1.69
 198350.528    68.213     1.69    1.71
 198726.936    68.880     1.77    1.55
 199103.324    69.322     1.18    1.45
 199479.694    69.834     1.36    1.09
 199856.044    69.857     0.06    1.04
 200232.376    69.679    -0.47    1.27
 200608.689    69.562    -0.31    1.50
 200984.983    69.721     0.42    1.23
 201361.258    69.766     0.12    0.98
 201737.514    69.516    -0.67    1.04
 202113.751    69.266    -0.66    1.02
 202489.969    68.982    -0.75    1.04
 202866.169    68.346    -1.69    1.14
 203242.349    67.997    -0.93    1.21
 203618.511    67.834    -0.43    1.34
 203994.654    67.279    -1.48    1.50
 204370.778    66.662    -1.64    1.62
 204746.883    66.539    -0.33    1.76
 205122.969    66.662     0.33    1.90
 205499.037    66.653    -0.03    1.94
 205875.086    66.903     0.66    1.33
 206251.115    66.671    -0.62    1.05
 206627.126    66.168    -1.34    1.43
 207003.118    65.107    -2.82    1.77
 207379.092    64.471    -1.69    2.09
 207755.046    63.508    -2.56    2.36
 208130.982    62.971    -1.43    2.35
 208506.899    62.471    -1.33    2.67
 208882.797    62.238    -0.62    2.73
 209258.676    62.335     0.26    2.65
 209634.536    62.548     0.56    2.49
 210010.378    62.924     1.00    1.56
 210386.201    62.657    -0.71    1.36
 210762.005    62.235    -1.12    1.45
 211137.790    61.435    -2.13    1.64
 211513.557    60.381    -2.80    2.07
 211889.305    59.102    -3.40    2.39
 212265.034    57.462    -4.36    2.48
 212640.744    56.613    -2.26    1.88
 213016.435    55.948    -1.77    1.70
 213392.108    55.749    -0.53    1.58
 213767.762    55.789     0.11    1.50
 214143.397    55.880     0.24    1.97
 214519.014    55.568    -0.83    1.97
 214894.612    55.508    -0.16    1.84
 215270.191    55.471    -0.10    1.85
 215645.751    55.724     0.67    2.04
 216021.293    56.153     1.14    2.42
 216396.816    56.279     0.34    2.59
 216772.320    56.035    -0.65    2.93
 217147.806    56.107     0.19    2.70
 217523.273    55.391    -1.91    2.43
 217898.721    54.925    -1.24    2.07
 218274.150    54.502    -1.13    1.37
 218649.561    53.721    -2.08    1.62
 219024.953    53.146    -1.53    1.62
 219400.327    52.435    -1.89    1.57
 219775.681    52.175    -0.69    1.33
 220151.017    52.213     0.10    1.37
 220526.335    51.741    -1.26    1.42
 220901.634    51.292    -1.20    1.31
 221276.914    51.508     0.58    1.89
 221652.175    53.630     5.65    3.98
 222027.418    56.635     8.01    4.88
 222402.643    59.516     7.68    4.31
 222777.848    61.812     6.12    1.96
 223153.035    62.238     1.14    1.82
 223528.204    63.292     2.81    1.61
 223903.353    63.562     0.72    1.59
 224278.484    63.698     0.36    1.72
 224653.597    63.532    -0.44    2.00
 225028.691    63.346    -0.50    2.68
 225403.766    62.448    -2.39    3.76
 225778.823    61.760    -1.84    3.82
 226153.861    61.368    -1.04    3.29
 226528.881    61.516     0.39    2.90
 226903.882    62.107     1.58    3.15
 227278.864    63.415     3.49    3.03
 227653.828    64.643     3.27    3.38
 228028.773    65.707     2.84    3.45
 228403.700    66.929     3.26    2.97
