-282393.331   160.018     0.00   11.73
-282016.298   162.684     7.07   12.17
-281639.285   163.057     0.99   12.73
-281262.292   165.417     6.26   11.78
-280885.318   169.755    11.51   10.72
-280508.364   172.167     6.40   10.63
-280131.429   175.129     7.86    9.81
-279754.514   179.144    10.66    7.89
-279377.618   182.375     8.58    7.59
-279000.742   184.772     6.36    7.10
-278623.886   187.195     6.43    7.86
-278247.049   189.346     5.71    7.77
-277870.232   192.098     7.31    5.54
-277493.434   194.973     7.63    6.49
-277116.656   196.071     2.91    7.51
-276739.898   196.621     1.46    7.65
-276363.159   197.303     1.81    7.85
-275986.439   198.729     3.79    7.17
-275609.739   198.729     0.00    6.59
-275233.059   199.644     2.43    5.05
-274856.398   198.573    -2.84    4.23
-274479.756   197.235    -3.55    2.96
-274103.135   197.351     0.31    3.29
-273726.532   199.218     4.96    5.11
-273349.949   202.167     7.83    6.86
-272973.386   204.862     7.16    7.81
-272596.842   207.748     7.67    9.00
-272220.318   210.962     8.54    9.84
-271843.813   212.351     3.69    9.91
-271467.327   213.658     3.47    8.77
-271090.861   214.098     1.17    7.20
-270714.415   215.008     2.42    6.27
-270337.988   216.373     3.63    6.71
-269961.580   218.877     6.65    7.25
-269585.192   220.984     5.60    6.65
-269208.824   222.758     4.71    5.91
-268832.474   222.439    -0.85    6.81
-268456.145   222.485     0.12    6.72
-268079.834   220.367    -5.63    7.19
-267703.543   219.894    -1.26    7.67
-267327.272   219.633    -0.69    8.75
-266951.020   220.884     3.33    7.89
-266574.787   221.951     2.84    7.50
-266198.574   222.326     1.00    8.52
-265822.380   216.306   -16.00    9.95
-265446.206   213.062    -8.63    8.73
-265070.051   211.394    -4.44    8.86
-264693.915   208.391    -7.99    9.58
-264317.799   208.803     1.10   11.73
-263941.702   205.530    -8.70   11.72
-263565.624   204.508    -2.72   11.90
-263189.566   204.840     0.88   10.73
-262813.527   207.762     7.77   12.14
-262437.508   212.106    11.56   12.72
-262061.508   216.662    12.12   10.61
-261685.527   219.509     7.57    9.19
-261309.566   222.129     6.97    8.14
-260933.624   225.712     9.53    9.27
-260557.701   229.723    10.67    9.57
-260181.798   234.795    13.50   10.63
-259805.914   236.985     5.83    9.98
-259430.049   239.894     7.74    8.66
-259054.203   242.758     7.62   11.22
-258678.377   250.595    20.86   13.29
-258302.571   258.871    22.03   12.00
-257926.783   264.440    14.82    8.28
-257551.015   268.667    11.25    8.08
-257175.266   268.373    -0.78    8.16
-256799.536   269.871     3.99    7.14
-256423.826   272.417     6.78    7.09
-256048.135   274.439     5.39    6.87
-255672.463   278.144     9.86    5.66
-255296.811   279.351     3.21    5.30
-254921.178   277.053    -6.12    7.55
-254545.564   276.417    -1.69    6.75
-254169.969   276.040    -1.00    5.11
-253794.393   277.369     3.54    4.36
-253418.837   276.962    -1.08    6.98
-253043.300   272.218   -12.64   11.95
-252667.782   261.018   -29.83   18.82
-252292.284   244.189   -44.83   22.62
-251916.804   229.508   -39.11   21.57
-251541.344   212.662   -44.88   17.53
-251165.904   199.852   -34.13   12.59
-250790.482   197.114    -7.29   13.49
-250415.079   198.573     3.89   16.02
-250039.696   202.462    10.36   17.00
-249664.332   208.392    15.80   12.94
-249288.987   205.962    -6.48   13.08
-248913.661   199.417   -17.44   11.94
-248538.355   193.187   -16.60   14.54
-248163.068   185.373   -20.83   16.08
-247787.799   178.644   -17.94   15.50
-247412.550   174.644   -10.66   16.30
-247037.321   172.439    -5.88   18.21
-246662.110   169.950    -6.64   21.47
-246286.918   169.417    -1.42   17.65
-245911.746   170.212     2.12   14.16
-245536.593   169.373    -2.24    9.69
-245161.458   163.439   -15.82   14.98
-244786.343   159.018   -11.79   16.74
-244411.248   157.348    -4.45   18.33
-244036.171   163.486    16.37   22.20
-243661.113   171.576    21.57   20.63
-243286.075   176.605    13.41   14.55
-242911.055   176.773     0.45   15.92
-242536.055   170.667   -16.29   19.49
-242161.074   170.576    -0.24   20.22
-241786.112   170.167    -1.09   17.04
-241411.169   170.938     2.06   15.12
-241036.245   176.371    14.49   14.91
-240661.340   185.633    24.71   13.62
-240286.454   192.598    18.58   12.95
-239911.587   195.667     8.19   13.18
-239536.740   193.439    -5.94   17.26
-239161.911   183.288   -27.09   19.68
-238787.102   172.169   -29.67   14.43
-238412.311   165.929   -16.65   11.16
-238037.540   162.295    -9.70   10.21
-237662.787   161.551    -1.99    9.88
-237288.054   163.129     4.21    8.75
-236913.340   162.351    -2.08    8.86
-236538.644   161.640    -1.90    8.81
-236163.968   160.486    -3.08    7.20
-235789.311   156.329   -11.10    8.41
-235414.672   150.485   -15.60    8.07
-235040.053   148.284    -5.88    7.17
-234665.453   152.212    10.49   10.84
-234290.872   158.245    16.11   12.11
-233916.309   167.553    24.86   13.78
-233541.766   178.848    30.16   14.68
-233167.242   187.984    24.40   16.97
-232792.737   199.509    30.78   15.27
-232418.250   203.440    10.50   12.93
-232043.783   207.662    11.28    9.53
-231669.334   206.788    -2.33    8.31
-231294.905   204.706    -5.56    7.78
-230920.494   204.826     0.32   10.82
-230546.103   208.906    10.90   14.94
-230171.730   210.962     5.49   14.70
-229797.377   212.706     4.66   15.35
-229423.042   207.030   -15.17   13.27
-229048.726   204.506    -6.74   11.84
-228674.429   201.906    -6.95   12.76
-228300.151   202.712     2.15   14.97
-227925.892   213.326    28.36   18.89
-227551.652   222.258    23.87   18.54
-227177.431   235.258    34.75   15.84
-226803.229   241.529    16.76   12.28
-226429.045   243.212     4.50   10.91
-226054.881   239.951    -8.72   13.55
-225680.735   230.462   -25.37   16.68
-225306.608   218.129   -32.97   17.92
-224932.500   207.167   -29.31   16.23
-224558.411   200.826   -16.95   13.75
-224184.341   196.351   -11.96   11.13
-223810.290   194.439    -5.11   15.75
-223436.258   191.006    -9.18   19.49
-223062.244   186.689   -11.54   17.75
-222688.249   185.529    -3.10   17.95
-222314.273   185.332    -0.53   19.83
-221940.316   184.758    -1.54   20.83
-221566.378   180.394   -11.67   18.17
-221192.459   182.555     5.78   19.86
-220818.558   191.571    24.12   26.54
-220444.677   199.020    19.93   26.60
-220070.814   207.684    23.18   21.12
-219696.970   206.092    -4.26   22.13
-219323.144   195.462   -28.44   22.37
-218949.338   183.258   -32.66   23.78
-218575.550   172.819   -27.93   17.85
-218201.781   170.173    -7.08   17.36
-217828.031   178.724    22.88   21.71
-217454.300   193.173    38.67   22.92
-217080.588   204.598    30.58   20.83
-216706.894   212.706    21.70   15.40
-216333.219   215.671     7.94   10.29
-215959.563   209.724   -15.92   15.84
-215585.925   198.151   -30.98   15.67
-215212.306   192.438   -15.29   10.81
-214838.706   193.440     2.68   10.44
-214465.125   204.030    28.35   15.04
-214091.563   211.284    19.42   15.19
-213718.019   212.625     3.59   12.18
-213344.494   208.509   -11.02   11.96
-212970.988   199.508   -24.10   15.00
-212597.500   189.837   -25.90   12.23
-212224.031   181.818   -21.48   13.15
-211850.581   172.530   -24.87   11.66
-211477.150   167.053   -14.67    8.59
-211103.737   167.326     0.73   11.84
-210730.343   172.067    12.70   17.95
-210356.968   178.258    16.58   17.91
-209983.611   181.737     9.32   15.27
-209610.273   175.884   -15.68   14.46
-209236.954   167.555   -22.32   12.40
-208862.460   160.439   -19.00    8.91
-208485.400   155.484   -13.14    7.24
-208108.359   149.788   -15.11   10.23
-207731.337   142.144   -20.28   12.09
-207354.334   135.037   -18.85   12.64
-206977.350   128.684   -16.85   10.54
-206600.385   125.671    -7.99    9.59
-206223.439   126.780     2.94   12.75
-205846.512   138.395    30.82   20.59
-205469.604   147.096    23.09   18.50
-205092.715   146.530    -1.50   18.27
-204715.845   141.682   -12.87   16.70
-204338.994   137.735   -10.48   13.07
-203962.163   139.848     5.61   13.33
-203585.350   146.326    17.19   13.50
-203208.556   151.640    14.11   15.78
-202831.781   163.012    30.19   14.57
-202455.026   170.030    18.63   10.85
-202078.289   170.160     0.34   10.25
-201701.571   164.871   -14.04   11.76
-201324.872   155.706   -24.33   12.21
-200948.192   147.532   -21.71   10.49
-200571.532   144.353    -8.44    9.86
-200194.890   144.904     1.46   11.58
-199818.267   149.151    11.28   11.46
-199441.663   150.484     3.54   10.38
-199065.078   152.397     5.08   10.12
-198688.512   152.530     0.35    9.74
-198311.965   156.280     9.96   11.07
-197935.437   162.245    15.84   11.96
-197558.927   168.718    17.20   11.52
-197182.437   175.144    17.07   10.89
-196805.966   183.462    22.10   11.81
-196429.513   191.326    20.89   13.10
-196053.080   198.284    18.49   10.23
-195676.665   201.158     7.64    8.11
-195300.270   199.598    -4.14    9.72
-194923.893   194.995   -12.23    8.67
-194547.535   196.323     3.53   12.12
-194171.196   205.592    24.64   17.82
-193794.876   219.894    38.01   20.51
-193418.575   233.735    36.79   18.17
-193042.292   239.832    16.21   12.98
-192666.029   236.576    -8.65   14.56
-192289.784   227.894   -23.08   14.69
-191913.559   217.676   -27.16   15.06
-191537.352   206.788   -28.95   14.70
-191161.164   204.053    -7.27   16.69
-190784.995   200.929    -8.31   17.65
-190408.844   199.346    -4.21   19.04
-190032.713   198.576    -2.05   17.85
-189656.600   191.394   -19.10   16.96
-189280.506   187.337   -10.79   16.04
-188904.431   183.706    -9.66   14.80
-188528.375   179.235   -11.89   13.54
-188152.338   175.008   -11.24   14.66
-187776.319   171.735    -8.71   14.39
-187400.320   167.999    -9.94   14.45
-187024.339   170.212     5.89   15.61
-186648.377   168.243    -5.24   16.66
-186272.433   160.351   -21.00   19.05
-185896.509   148.894   -30.48   22.99
-185520.603   136.326   -33.44   19.25
-185144.716   126.195   -26.95   10.90
-184768.848   122.512    -9.80    7.64
-184392.999   126.076     9.48   11.46
-184017.168   129.414     8.89   12.96
-183641.356   133.151     9.94   12.88
-183265.563   138.303    13.71   15.14
-182889.789   144.113    15.46   15.88
-182514.033   151.553    19.80   14.74
-182138.296   156.787    13.93   13.91
-181762.578   159.576     7.42   13.64
-181386.878   159.803     0.61   14.81
-181011.198   156.598    -8.53   14.05
-180635.536   150.667   -15.79   14.12
-180259.893   145.319   -14.24   14.69
-179884.268   139.758   -14.81   16.06
-179508.662   136.925    -7.54   17.85
-179133.075   134.621    -6.14   17.37
-178757.507   130.040   -12.20   16.91
-178381.957   124.667   -14.31   16.40
-178006.426   113.906   -28.66   19.03
-177630.914   101.795   -32.26   14.12
-177255.420    95.506   -16.75   10.24
-176879.945    93.653    -4.94    8.80
-176504.489   101.030    19.65   13.54
-176129.051   108.689    20.40   12.90
-175753.632   110.723     5.42   10.29
-175378.232   111.098     1.00    9.19
-175002.850   111.295     0.52    9.78
-174627.487   115.973    12.46   11.40
-174252.143   123.346    19.65   11.72
-173876.817   127.795    11.86   10.28
-173501.510   128.326     1.41   11.78
-173126.221   124.223   -10.93   13.95
-172750.951   117.598   -17.66   12.49
-172375.700   112.299   -14.12   11.40
-172000.468   111.818    -1.28   10.92
-171625.254   112.648     2.21   11.99
-171250.058   115.326     7.14   12.65
-170874.881   118.484     8.42   13.51
-170499.723   123.951    14.57   13.41
-170124.584   131.262    19.49   12.77
-169749.463   137.826    17.50   12.20
-169374.360   142.326    12.00   12.06
-168999.276   144.462     5.70   11.94
-168624.211   147.462     8.00   12.95
-168249.164   153.773    16.83   12.87
-167874.136   157.689    10.44   12.25
-167499.126   161.818    11.01   11.21
-167124.135   164.919     8.27   11.15
-166749.163   169.485    12.18   10.85
-166374.209   176.040    17.48    9.66
-165999.274   181.811    15.39    8.38
-165624.357   188.618    18.16    8.20
-165249.458   193.576    13.23    8.33
-164874.579   194.394     2.18    6.40
-164499.717   192.462    -5.15    7.41
-164124.875   188.106   -11.62    7.47
-163750.050   182.706   -14.41    6.23
-163375.245   180.834    -5.00    4.39
-163000.457   182.179     3.59    5.61
-162625.689   185.391     8.57    6.04
-162250.938   189.644    11.35    6.36
-161876.207   193.071     9.15    7.03
-161501.493   197.894    12.87    9.11
-161126.799   202.826    13.16   10.91
-160752.122   206.819    10.66   12.27
-160377.464   212.288    14.60   12.44
-160002.825   215.653     8.98   10.95
-159628.204   218.573     7.80    8.28
-159253.602   218.212    -0.96    7.53
-158879.018   212.212   -16.02   11.73
-158504.452   200.826   -30.40   12.63
-158129.905   193.367   -19.92    9.62
-157755.376   186.951   -17.13    8.55
-157380.866   182.033   -13.13    7.25
-157006.374   177.506   -12.09    5.92
-156631.901   174.167    -8.92    5.53
-156257.446   172.195    -5.26    5.97
-155883.010   171.030    -3.11    6.19
-155508.591   171.608     1.54    7.27
-155134.192   171.871     0.70    6.76
-154759.810   172.914     2.79    5.84
-154385.448   174.144     3.28    5.21
-154011.103   175.417     3.40    5.45
-153636.777   177.183     4.72    5.58
-153262.469   181.644    11.92    3.98
-152888.180   183.194     4.14    3.43
-152513.909   182.826    -0.98    3.29
-152139.656   181.914    -2.44    3.47
-151765.422   182.235     0.86    4.86
-151391.206   182.326     0.24    6.72
-151017.009   181.258    -2.85    8.84
-150642.829   177.258   -10.69   11.44
-150268.669   172.486   -12.75   11.14
-149894.526   169.326    -8.45   10.42
-149520.402   167.891    -3.84   12.37
-149146.296   173.906    16.08   15.75
-148772.209   176.576     7.14   14.03
-148398.139   174.553    -5.41   12.99
-148024.089   172.667    -5.04   14.08
-147650.056   168.612   -10.84   13.65
-147276.042   166.962    -4.41   12.72
-146902.046   164.438    -6.75   13.18
-146528.068   158.529   -15.80   13.17
-146154.109   149.640   -23.77   11.67
-145780.168   144.030   -15.00   10.91
-145406.245   140.939    -8.27    9.17
-145032.341   138.821    -5.67    7.22
-144658.455   137.621    -3.21    7.76
-144284.587   140.272     7.09    8.18
-143910.737   144.240    10.62    9.71
-143536.906   148.262    10.76   10.22
-143163.093   151.183     7.81    8.34
-142789.298   149.553    -4.36    8.44
-142415.521   146.173    -9.05    6.72
-142041.763   146.735     1.50    8.23
-141668.023   151.962    13.99    8.15
-141294.301   155.712    10.04    7.40
-140920.597   155.840     0.34    8.31
-140546.912   151.625   -11.28    9.25
-140173.245   149.530    -5.61    7.44
-139799.596   152.194     7.13   10.18
-139425.965   161.439    24.75   13.16
-139052.353   171.413    26.70    9.65
-138678.758   175.235    10.23   11.20
-138305.182   172.894    -6.27   14.45
-137931.624   168.530   -11.68   13.19
-137558.085   166.573    -5.24   10.64
-137184.563   167.560     2.64   11.06
-136811.060   172.008    11.91   12.53
-136437.575   178.779    18.13   11.56
-136064.108   182.951    11.17   11.80
-135690.659   185.871     7.82   11.13
-135317.228   190.371    12.05   10.99
-134943.816   195.529    13.81   10.83
-134570.421   201.047    14.78   11.53
-134197.045   208.644    20.35   13.00
-133820.846   219.243    28.18   18.27
-133443.840   232.280    34.59   17.73
-133066.853   236.508    11.21   15.04
-132689.884   232.834    -9.75   15.51
-132312.934   223.951   -23.57   16.52
-131936.002   214.087   -26.17   12.91
-131559.089   214.553     1.24   11.36
-131182.194   213.555    -2.65    9.69
-130805.318   212.894    -1.75   10.02
-130428.460   208.917   -10.56   11.15
-130051.621   200.224   -23.07   13.41
-129674.800   191.712   -22.59   17.85
-129297.998   181.105   -28.15   18.15
-128921.214   177.008   -10.88   17.19
-128544.449   170.280   -17.86   16.88
-128167.702   163.621   -17.68   14.57
-127790.973   161.826    -4.77   16.08
-127414.263   162.438     1.63   20.47
-127037.572   164.795     6.26   22.40
-126660.899   161.718    -8.17   21.26
-126284.244   159.508    -5.87   18.65
-125907.608   159.462    -0.12   17.28
-125530.990   161.906     6.49   19.26
-125154.391   166.235    11.49   18.02
-124777.810   164.319    -5.09   16.03
-124401.247   161.262    -8.12   13.14
-124024.703   157.121   -11.00   11.24
-123648.177   154.258    -7.61    9.39
-123271.670   150.530    -9.90   10.08
-122895.181   145.098   -14.43   11.03
-122518.710   137.871   -19.20   11.66
-122142.258   134.098   -10.02   12.12
-121765.824   131.735    -6.28   10.94
-121389.409   133.326     4.23   12.11
-121013.012   136.621     8.76   11.85
-120636.633   139.939     8.82    8.91
-120260.273   139.353    -1.56    9.86
-119883.931   133.803   -14.75   11.43
-119507.607   127.684   -16.26   13.01
-119131.302   123.113   -12.15   10.37
-118755.015   122.788    -0.86    9.02
-118378.747   126.248     9.20   10.37
-118002.496   135.371    24.25   14.26
-117626.264   142.618    19.26   11.91
-117250.051   145.962     8.89    9.34
-116873.856   147.985     5.38    8.62
-116497.679   146.867    -2.97    8.31
-116121.520   144.506    -6.28    8.12
-115745.380   141.712    -7.43    9.63
-115369.258   135.848   -15.59   10.09
-114993.154   127.343   -22.62    9.33
-114617.069   120.280   -18.78   10.50
-114241.001   114.917   -14.26   10.42
-113864.953   112.194    -7.24    9.51
-113488.922   112.179    -0.04   10.73
-113112.910   118.053    15.62   12.78
-112736.916   122.857    12.78   12.61
-112360.940   128.598    15.27   11.27
-111984.982   131.633     8.07   10.52
-111609.043   125.121   -17.32   12.99
-111233.122   118.316   -18.11   13.36
-110857.219   111.598   -17.87   11.83
-110481.335   102.144   -25.16   13.18
-110105.469    94.076   -21.47   13.98
-109729.621    85.508   -22.80   10.49
-109353.791    80.901   -12.26    6.67
-108977.979    84.576     9.78   12.24
-108602.186    93.867    24.73   18.04
-108226.411    99.840    15.90   16.62
-107850.654   102.018     5.80   13.46
-107474.915    96.671   -14.23   12.44
-107099.195    94.030    -7.03    8.90
-106723.492    97.787    10.00   11.73
-106347.808   108.553    28.66   15.92
-105972.142   119.881    30.16   15.28
-105596.495   125.508    14.98   12.35
-105220.865   128.644     8.35    9.20
-104845.254   127.486    -3.08   10.13
-104469.660   127.348    -0.37    8.17
-104094.085   129.062     4.56    6.08
-103718.528   129.235     0.46    5.18
-103342.990   125.530    -9.87    6.97
-102967.469   121.509   -10.71    5.79
-102591.967   118.306    -8.53    4.88
-102216.482   115.462    -7.58    5.51
-101841.016   113.189    -6.05    6.12
-101465.568   109.411   -10.07    6.66
-101090.138   105.371   -10.76    6.74
-100714.727   101.326   -10.78    6.26
-100339.333    98.788    -6.76    7.02
 -99963.957    99.751     2.57    9.72
 -99588.600   102.562     7.49   11.24
 -99213.261   105.485     7.79   11.50
 -98837.940   108.047     6.83    8.54
 -98462.636   106.950    -2.92    8.09
 -98087.351   104.735    -5.90    6.87
 -97712.085   100.113   -12.32    6.87
 -97336.836    95.439   -12.46    4.77
 -96961.605    91.584   -10.28    4.07
 -96586.392    88.644    -7.84    5.19
 -96211.198    84.657   -10.63    5.72
 -95836.021    80.144   -12.03    7.55
 -95460.863    76.939    -8.54    6.59
 -95085.722    75.914    -2.73    6.65
 -94710.600    76.621     1.88    7.18
 -94335.496    80.033     9.10    5.95
 -93960.409    80.962     2.48    4.67
 -93585.341    80.067    -2.39    5.80
 -93210.291    80.076     0.02    7.69
 -92835.259    77.595    -6.61    8.12
 -92460.245    76.081    -4.04    8.65
 -92085.249    73.662    -6.45    7.69
 -91710.271    71.160    -6.67    6.50
 -91335.310    68.904    -6.02    5.73
 -90960.368    68.280    -1.66    5.13
 -90585.444    69.106     2.20    5.10
 -90210.538    68.927    -0.48    4.66
 -89835.650    68.653    -0.73    4.71
 -89460.780    64.773   -10.35    6.41
 -89085.928    58.718   -16.16    7.75
 -88711.094    53.439   -14.08    7.18
 -88336.278    50.303    -8.37    5.58
 -87961.480    50.373     0.19    5.82
 -87586.699    54.485    10.97    7.61
 -87211.937    57.962     9.28    6.58
 -86837.193    60.306     6.26    5.49
 -86462.467    62.509     5.88    5.90
 -86087.758    65.644     8.37    7.36
 -85713.068    69.689    10.80    6.75
 -85338.395    73.151     9.24    4.34
 -84963.741    75.121     5.26    2.63
 -84589.104    74.272    -2.27    3.39
 -84214.486    71.644    -7.01    4.98
 -83839.885    66.826   -12.86    7.16
 -83465.302    63.417    -9.10    6.65
 -83090.737    60.644    -7.40    6.35
 -82716.190    59.712    -2.49    7.18
 -82341.661    60.667     2.55    7.24
 -81967.150    62.295     4.35    6.47
 -81592.656    61.773    -1.39    7.02
 -81218.181    59.098    -7.14   10.02
 -80843.723    54.280   -12.87   10.41
 -80469.284    48.553   -15.30   10.44
 -80094.862    42.621   -15.84    8.96
 -79720.458    37.280   -14.27    7.14
 -79346.072    34.532    -7.34    5.00
 -78971.704    33.440    -2.92    3.83
 -78597.354    32.826    -1.64    4.40
 -78223.021    32.848     0.06    4.54
 -77848.707    32.189    -1.76    4.30
 -77474.410    33.167     2.61    4.83
 -77100.131    32.553    -1.64    4.65
 -76725.870    32.369    -0.49    4.93
 -76351.627    31.884    -1.30    4.36
 -75977.402    31.326    -1.49    3.50
 -75603.194    31.098    -0.61    3.13
 -75229.004    30.621    -1.28    3.63
 -74854.832    31.098     1.28    3.80
 -74480.678    32.811     4.58    5.47
 -74106.542    34.462     4.41    6.40
 -73732.423    36.662     5.88    6.22
 -73358.323    37.598     2.50    5.47
 -72984.240    39.644     5.47    6.64
 -72610.175    43.348     9.90    8.36
 -72236.127    48.939    14.95    7.93
 -71862.098    54.462    14.77    6.43
 -71488.086    58.323    10.32    5.37
 -71114.092    59.440     2.99    4.78
 -70740.116    59.894     1.21    5.17
 -70366.158    60.667     2.07    5.62
 -69992.217    62.553     5.04    6.79
 -69618.294    65.485     7.84    6.63
 -69244.389    66.578     2.92    6.75
 -68870.501    66.927     0.93    6.98
 -68496.632    67.351     1.13    6.45
 -68122.780    69.280     5.16    7.66
 -67748.945    73.780    12.04    7.40
 -67375.129    74.904     3.01    6.64
 -67001.330    72.417    -6.65    8.38
 -66627.549    67.323   -13.63    9.59
 -66253.786    60.602   -17.98    8.72
 -65880.040    57.529    -8.22    8.97
 -65506.312    53.348   -11.19    8.36
 -65132.602    49.306   -10.82    7.81
 -64758.910    45.346   -10.60    8.64
 -64385.235    39.871   -14.65    8.09
 -64011.578    37.555    -6.20    6.02
 -63637.938    38.020     1.24    5.58
 -63264.316    39.551     4.10    6.15
 -62890.712    44.371    12.90    7.32
 -62517.126    49.618    14.04    7.92
 -62143.557    53.530    10.47    7.75
 -61770.006    58.098    12.23    7.18
 -61396.473    62.644    12.17    8.50
 -61022.957    68.416    15.45    9.95
 -60649.459    73.929    14.76   10.07
 -60275.978    79.189    14.09    7.01
 -59902.516    82.167     7.97    4.89
 -59529.070    83.189     2.74    2.71
 -59154.818    82.229    -2.56    3.43
 -58777.842    80.008    -5.89    4.55
 -58400.885    76.671    -8.85    5.18
 -58023.945    74.329    -6.22    5.55
 -57647.024    71.555    -7.36    5.07
 -57270.120    68.551    -7.97    4.81
 -56893.234    64.508   -10.73    5.96
 -56516.367    61.212    -8.74    5.48
 -56139.517    60.076    -3.02    4.49
 -55762.685    59.530    -1.45    4.35
 -55385.871    60.764     3.28    3.47
 -55009.076    60.485    -0.74    2.60
 -54632.298    58.462    -5.37    3.57
 -54255.538    53.780   -12.43    6.99
 -53878.796    49.553   -11.22    6.93
 -53502.071    46.485    -8.14    6.03
 -53125.365    44.729    -4.66    5.34
 -52748.677    47.724     7.95    6.58
 -52372.006    50.758     8.05    6.96
 -51995.354    54.658    10.36    5.42
 -51618.719    57.712     8.11    3.64
 -51242.103    57.795     0.22    3.36
 -50865.504    56.695    -2.92    4.71
 -50488.923    53.440    -8.64    5.78
 -50112.360    50.272    -8.41    5.82
 -49735.815    46.076   -11.14    6.88
 -49359.288    41.811   -11.33    6.91
 -48982.778    39.811    -5.31    5.36
 -48606.287    40.280     1.25    4.78
 -48229.813    43.200     7.76    5.29
 -47853.357    47.962    12.65    6.24
 -47476.920    53.788    15.48    8.25
 -47100.499    60.076    16.71    9.51
 -46724.097    67.129    18.74    8.54
 -46347.713    73.535    17.02    7.33
 -45971.346    76.689     8.38    5.41
 -45594.998    76.562    -0.34    6.67
 -45218.667    72.881    -9.78    9.05
 -44842.354    70.371    -6.67    8.92
 -44466.058    70.857     1.29    9.24
 -44089.781    77.303    17.13    9.95
 -43713.521    81.779    11.90    8.73
 -43337.279    86.121    11.54    9.14
 -42961.055    89.391     8.69    9.33
 -42584.849    93.553    11.06    9.91
 -42208.661    99.462    15.71    9.86
 -41832.490   105.486    16.02    7.88
 -41456.337   110.030    12.08    5.11
 -41080.202   113.712     9.79    5.54
 -40704.085   115.053     3.57    4.76
 -40327.985   114.974    -0.21    4.67
 -39951.904   113.848    -2.99    4.89
 -39575.840   111.555    -6.10    5.95
 -39199.793   108.385    -8.43    7.68
 -38823.765   103.598   -12.73    8.34
 -38447.754    98.755   -12.88    8.32
 -38071.761    94.530   -11.24    7.78
 -37695.786    90.667   -10.28    7.23
 -37319.828    86.648   -10.69    7.50
 -36943.889    84.303    -6.24    8.36
 -36567.967    83.383    -2.45   10.04
 -36192.062    81.530    -4.93   10.50
 -35816.176    78.136    -9.03   11.58
 -35440.307    74.018   -10.96   11.03
 -35064.455    69.640   -11.65    9.22
 -34688.622    67.176    -6.55    7.97
 -34312.806    68.644     3.91    9.22
 -33937.008    73.667    13.37   10.02
 -33561.228    78.530    12.94   10.76
 -33185.465    85.871    19.54   11.51
 -32809.720    92.532    17.73   11.47
 -32433.992   100.439    21.05    9.81
 -32058.283   106.535    16.23    6.31
 -31682.591   107.508     2.59    7.00
 -31306.916   108.385     2.34    8.93
 -30931.260   110.206     4.85    9.74
 -30555.621   109.576    -1.68    9.69
 -30179.999   108.067    -4.02   10.90
 -29804.396   100.826   -19.28   14.93
 -29428.809    91.787   -24.07   12.86
 -29053.241    85.008   -18.05   11.50
 -28677.690    77.581   -19.78   10.63
 -28302.157    72.167   -14.42   10.35
 -27926.641    66.780   -14.34   10.74
 -27551.143    62.224   -12.13    9.52
 -27175.663    63.485     3.36   11.53
 -26800.200    65.145     4.42   12.15
 -26424.755    66.258     2.96   10.02
 -26049.328    64.299    -5.22   10.25
 -25673.918    58.644   -15.06   10.07
 -25298.526    53.369   -14.05    8.75
 -24923.151    50.316    -8.13    7.31
 -24547.794    48.530    -4.76    6.81
 -24172.454    45.687    -7.58    7.57
 -23797.132    43.053    -7.02    8.30
 -23421.828    39.904    -8.39    8.15
 -23046.541    37.417    -6.63    9.11
 -22671.272    35.662    -4.68    8.44
 -22296.020    29.987   -15.12    9.83
 -21920.786    24.848   -13.69    8.52
 -21545.569    20.194   -12.41    6.83
 -21170.370    17.795    -6.39    7.19
 -20795.189    15.136    -7.09    6.70
 -20420.025    12.160    -7.93    5.51
 -20044.878     9.773    -6.36    3.94
 -19669.749     8.023    -4.67    2.72
 -19294.638     6.803    -3.25    2.00
 -18919.544     6.145    -1.75    1.74
 -18544.468     5.303    -2.24    1.45
 -18169.409     5.369     0.18    1.49
 -17794.367     5.533     0.44    1.79
 -17419.344     6.439     2.42    2.39
 -17044.337     7.511     2.86    2.72
 -16669.348     9.326     4.84    3.71
 -16294.377    12.811     9.29    4.84
 -15919.423    15.667     7.62    4.23
 -15544.487    16.189     1.39    3.63
 -15169.568    14.706    -3.96    4.94
 -14794.667    12.030    -7.14    4.68
 -14419.783    10.795    -3.29    3.43
 -14044.916    12.904     5.62    4.96
 -13670.067    17.183    11.42    5.09
 -13295.235    20.371     8.51    4.72
 -12920.421    23.929     9.49    3.65
 -12545.625    26.267     6.24    2.16
 -12170.845    27.553     3.43    1.78
 -11796.084    28.176     1.66    1.70
 -11421.339    27.772    -1.08    2.25
 -11046.612    26.780    -2.65    2.89
 -10671.903    26.576    -0.55    3.10
 -10297.211    26.195    -1.01    2.97
  -9922.536    26.267     0.19    2.84
  -9547.879    26.462     0.52    3.29
  -9173.239    27.369     2.42    2.75
  -8798.617    27.867     1.33    2.52
  -8424.012    28.258     1.04    2.82
  -8049.424    28.176    -0.22    3.01
  -7674.854    27.766    -1.09    3.06
  -7300.301    26.819    -2.53    3.06
  -6925.765    25.508    -3.50    3.60
  -6551.247    22.648    -7.63    4.61
  -6176.746    20.857    -4.78    4.50
  -5802.263    19.417    -3.85    4.11
  -5427.797    19.200    -0.58    3.18
  -5053.348    19.144    -0.15    1.84
  -4678.917    19.105    -0.10    1.53
  -4304.503    18.394    -1.90    1.89
  -3930.107    18.438     0.12    2.55
  -3555.727    18.735     0.79    3.66
  -3181.366    19.712     2.61    3.18
  -2807.021    19.267    -1.19    3.98
  -2432.694    15.348   -10.47    7.10
  -2058.384     9.891   -14.58    6.85
  -1684.091     5.788   -10.96    5.17
  -1309.816     2.462    -8.89    3.77
   -935.558     0.553    -5.10    3.18
   -561.318    -0.752    -3.49    2.36
   -187.094     0.243     2.66    4.54
    187.112     1.576     3.56    4.83
    561.301     3.340     4.72    4.53
    935.472     4.323     2.63    3.31
   1309.626     4.834     1.37    2.19
   1683.763     3.939    -2.39    1.21
   2057.883     3.576    -0.97    1.04
   2431.985     3.587     0.03    1.04
   2806.070     3.917     0.88    1.19
   3180.138     4.950     2.76    1.68
   3554.188     6.986     5.44    3.78
   3928.221    10.090     8.30    6.25
   4302.237    13.020     7.83    6.49
   4676.236    14.773     4.69    6.17
   5050.218    15.887     2.98    7.74
   5424.182    17.667     4.76    8.63
   5798.129    19.837     5.80    9.87
   6172.059    20.653     2.18    9.92
   6545.971    22.695     5.46   10.04
   6919.867    24.113     3.79   10.21
   7293.745    25.773     4.44    9.48
   7667.606    25.062    -1.90    9.92
   8041.449    23.121    -5.19   10.14
   8415.276    19.237   -10.39    8.97
   8789.085    16.843    -6.40    6.86
   9162.877    15.258    -4.24    3.42
   9536.652    15.625     0.98    3.10
   9910.410    16.439     2.18    3.17
  10284.150    16.987     1.47    2.96
  10657.873    17.144     0.42    2.94
  11031.580    17.237     0.25    2.70
  11405.268    17.258     0.05    2.23
  11778.940    17.530     0.73    2.07
  12152.595    18.136     1.62    2.46
  12526.232    18.848     1.91    2.61
  12899.853    19.387     1.44    2.45
  13273.456    19.462     0.20    2.31
  13647.042    19.633     0.46    1.92
  14020.611    19.862     0.61    1.78
  14394.162    19.917     0.15    1.39
  14767.697    20.276     0.96    1.38
  15141.214    20.848     1.53    1.32
  15514.715    21.252     1.08    1.40
  15890.574    21.667     1.10    1.23
  16267.497    21.986     0.85    0.99
  16644.402    22.098     0.30    0.87
  17021.291    22.183     0.22    0.73
  17398.161    22.169    -0.04    0.90
  17775.014    22.303     0.35    0.96
  18151.850    22.180    -0.33    1.12
  18528.669    22.160    -0.05    1.01
  18905.470    22.067    -0.25    1.07
  19282.253    21.718    -0.93    1.11
  19659.019    21.144    -1.52    1.43
  20035.768    20.262    -2.34    1.77
  20412.499    18.985    -3.39    1.90
  20789.213    17.852    -3.01    1.77
  21165.910    17.530    -0.85    1.56
  21542.589    18.258     1.93    1.96
  21919.250    19.340     2.87    1.79
  22295.895    19.758     1.11    1.76
  22672.522    19.662    -0.25    1.71
  23049.131    19.081    -1.54    1.70
  23425.723    18.625    -1.21    1.46
  23802.298    18.764     0.37    1.26
  24178.855    19.008     0.65    1.37
  24555.396    19.562     1.47    1.52
  24931.918    20.098     1.42    1.46
  25308.424    20.764     1.77    1.23
  25684.912    21.105     0.90    1.08
  26061.382    21.098    -0.02    1.01
  26437.836    21.129     0.08    1.07
  26814.271    20.862    -0.71    1.14
  27190.690    20.555    -0.82    1.11
  27567.091    20.276    -0.74    1.22
  27943.475    20.183    -0.25    1.14
  28319.842    19.884    -0.79    1.14
  28696.191    19.871    -0.03    1.26
  29072.523    20.047     0.47    1.24
  29448.838    20.076     0.08    1.26
  29825.136    20.371     0.79    1.22
  30201.416    20.276    -0.25    1.05
  30577.679    20.229    -0.12    1.09
  30953.924    20.272     0.11    1.02
  31330.152    20.508     0.63    1.01
  31706.363    20.462    -0.12    0.98
  32082.557    20.618     0.41    1.07
  32458.733    20.555    -0.17    1.09
  32834.893    20.484    -0.19    1.06
  33211.035    20.020    -1.23    1.05
  33587.159    19.272    -1.99    1.52
  33963.267    18.509    -2.03    1.38
  34339.357    17.826    -1.82    1.18
  34715.430    17.326    -1.33    1.09
  35091.485    17.020    -0.81    0.91
  35467.524    16.803    -0.58    0.94
  35843.545    16.553    -0.66    1.10
  36219.549    16.625     0.19    1.15
  36595.535    16.871     0.66    1.39
  36971.505    17.167     0.79    1.52
  37347.457    17.508     0.91    1.36
  37723.392    17.602     0.25    1.34
  38099.310    17.319    -0.75    1.18
  38475.211    17.136    -0.49    1.04
  38851.094    17.136     0.00    0.92
  39226.960    17.090    -0.12    1.07
  39602.809    17.299     0.56    0.95
  39978.641    17.235    -0.17    0.86
  40354.456    17.416     0.48    0.95
  40730.253    17.764     0.93    1.01
  41106.034    18.189     1.13    1.25
  41481.797    18.689     1.33    1.52
  41857.543    19.348     1.75    1.73
  42233.272    21.008     4.42    2.41
  42608.983    22.689     4.48    2.51
  42984.678    24.326     4.36    2.26
  43360.355    25.532     3.21    1.71
  43736.016    26.121     1.57    2.25
  44111.659    26.121     0.00    2.13
  44487.285    26.218     0.26    2.06
  44862.893    26.629     1.09    2.34
  45238.485    27.020     1.04    2.68
  45614.060    27.950     2.48    2.90
  45989.617    28.741     2.11    2.85
  46365.157    29.346     1.61    2.38
  46740.681    30.136     2.11    1.97
  47116.187    31.090     2.54    1.65
  47491.676    32.136     2.79    1.77
  47867.148    33.417     3.41    2.08
  48242.602    34.508     2.91    2.22
  48618.040    35.553     2.78    2.46
  48993.461    36.741     3.16    2.95
  49368.864    38.189     3.86    3.40
  49744.251    39.008     2.18    3.62
  50119.620    38.985    -0.06    3.45
  50494.973    39.160     0.47    2.94
  50870.308    39.189     0.08    2.44
  51245.626    39.121    -0.18    2.22
  51620.927    38.151    -2.59    2.39
  51996.211    36.938    -3.23    2.37
  52371.478    35.695    -3.31    2.03
  52746.728    34.067    -4.34    2.49
  53121.961    32.323    -4.65    2.72
  53497.177    30.881    -3.84    2.66
  53872.376    29.229    -4.40    2.20
  54247.558    28.067    -3.10    2.28
  54622.723    26.997    -2.85    2.35
  54997.871    25.871    -3.00    1.67
  55373.001    25.258    -1.64    1.47
  55748.115    24.939    -0.85    1.28
  56123.212    24.648    -0.78    1.40
  56498.292    24.553    -0.25    1.16
  56873.355    24.598     0.12    1.25
  57248.400    24.439    -0.42    1.32
  57623.429    24.416    -0.06    1.31
  57998.441    24.258    -0.42    1.44
  58373.436    24.189    -0.18    1.65
  58748.414    24.189     0.00    1.83
  59123.375    24.581     1.04    1.73
  59498.319    24.346    -0.63    1.65
  59873.246    24.323    -0.06    1.42
  60248.156    24.532     0.56    1.44
  60623.049    24.416    -0.31    1.38
  60997.925    24.578     0.43    1.53
  61372.784    24.348    -0.61    1.62
  61747.626    24.343    -0.01    1.68
  62122.451    24.351     0.02    1.85
  62497.260    24.280    -0.19    1.74
  62872.051    24.371     0.24    1.75
  63246.826    24.299    -0.19    1.73
  63621.583    24.644     0.92    1.82
  63996.324    24.598    -0.12    1.52
  64371.048    24.671     0.19    1.55
  64745.754    24.718     0.12    1.47
  65120.444    24.667    -0.14    1.32
  65495.117    24.508    -0.42    1.29
  65869.773    24.712     0.55    1.35
  66244.413    24.741     0.08    1.42
  66619.035    24.735    -0.02    1.37
  66993.640    24.718    -0.05    1.18
  67368.229    24.602    -0.31    0.99
  67742.801    24.689     0.23    1.03
  68117.355    24.997     0.82    1.10
  68491.893    25.040     0.11    1.14
  68866.414    25.206     0.44    1.11
  69240.919    25.605     1.06    1.49
  69615.406    25.741     0.36    1.50
  69989.877    25.648    -0.25    1.61
  70364.330    25.576    -0.19    1.53
  70738.767    25.394    -0.49    1.25
  71113.187    25.262    -0.35    1.18
  71487.590    25.076    -0.50    1.24
  71861.976    25.096     0.05    1.30
  72236.346    24.950    -0.39    1.53
  72610.699    24.917    -0.09    1.66
  72985.034    24.667    -0.67    1.84
  73359.353    24.671     0.01    1.86
  73733.656    24.462    -0.56    1.77
  74107.941    24.485     0.06    1.55
  74482.210    24.605     0.32    1.18
  74856.461    24.439    -0.44    1.02
  75230.696    24.392    -0.13    1.03
  75604.915    24.462     0.19    1.11
  75979.116    24.532     0.19    1.14
  76353.301    24.581     0.13    1.38
  76727.469    24.439    -0.38    1.42
  77101.620    24.224    -0.57    1.32
  77475.754    24.160    -0.17    1.47
  77849.872    24.129    -0.08    1.28
  78223.972    24.183     0.15    1.35
  78598.057    24.371     0.50    1.41
  78972.124    24.023    -0.93    1.25
  79346.174    23.962    -0.16    1.15
  79720.208    24.105     0.38    1.27
  80094.225    24.043    -0.16    1.24
  80468.226    24.090     0.12    1.20
  80842.209    24.235     0.39    1.33
  81216.176    23.867    -0.98    1.40
  81590.126    24.023     0.42    1.45
  81964.060    24.008    -0.04    1.35
  82337.976    24.012     0.01    1.30
  82711.876    24.276     0.71    1.30
  83085.760    24.438     0.43    1.28
  83459.626    24.346    -0.25    1.26
  83833.476    24.299    -0.12    1.25
  84207.309    24.187    -0.30    1.30
  84581.126    23.803    -1.03    1.12
  84954.926    24.026     0.60    1.10
  85328.709    23.718    -0.82    1.27
  85702.475    23.718     0.00    1.36
  86076.225    23.439    -0.75    1.47
  86449.958    23.598     0.43    1.39
  86823.674    23.437    -0.43    1.40
  87197.374    23.530     0.25    1.37
  87571.057    23.872     0.92    1.31
  87944.724    23.881     0.02    1.16
  88318.374    23.689    -0.51    1.10
  88692.007    23.671    -0.05    0.91
  89065.623    23.826     0.41    0.97
  89439.223    24.067     0.65    1.03
  89812.806    24.053    -0.04    1.02
  90186.373    23.962    -0.24    1.28
  90560.391    24.008     0.12    1.30
  90937.283    24.098     0.24    1.31
  91314.158    24.129     0.08    1.28
  91691.016    24.303     0.46    1.20
  92067.857    24.283    -0.05    1.21
  92444.681    24.076    -0.55    1.33
  92821.488    23.848    -0.60    1.26
  93198.279    23.904     0.15    1.18
  93575.052    23.712    -0.51    1.24
  93951.808    23.590    -0.32    1.22
  94328.548    23.394    -0.52    1.00
  94705.271    23.212    -0.48    1.10
  95081.976    23.262     0.13    1.10
  95458.665    23.439     0.47    1.09
  95835.337    23.605     0.44    1.05
  96211.992    23.621     0.04    0.94
  96588.631    23.898     0.73    0.94
  96965.252    23.962     0.17    0.98
  97341.856    24.020     0.15    1.26
  97718.444    24.113     0.25    1.34
  98095.015    23.712    -1.07    1.28
  98471.569    23.537    -0.46    1.12
  98848.106    23.689     0.40    1.16
  99224.626    23.925     0.63    1.07
  99601.129    23.848    -0.20    1.42
  99977.616    23.780    -0.18    1.61
 100354.085    23.510    -0.72    1.62
 100730.538    22.758    -2.00    1.58
 101106.974    22.590    -0.44    1.17
 101483.393    22.303    -0.76    1.03
 101859.796    22.183    -0.32    1.03
 102236.181    22.113    -0.19    1.02
 102612.550    22.062    -0.14    0.94
 102988.902    22.087     0.07    0.77
 103365.237    22.098     0.03    0.78
 103741.555    22.218     0.32    0.89
 104117.857    22.343     0.33    1.06
 104494.141    22.439     0.25    1.24
 104870.409    22.676     0.63    1.35
 105246.660    22.985     0.82    1.45
 105622.895    23.062     0.21    1.45
 105999.112    23.076     0.04    1.33
 106375.313    23.343     0.71    1.38
 106751.497    23.462     0.32    1.18
 107127.665    23.508     0.12    1.22
 107503.815    23.512     0.01    1.26
 107879.949    22.712    -2.13    1.60
 108256.066    21.779    -2.48    1.40
 108632.166    21.224    -1.48    1.23
 109008.250    20.811    -1.10    0.95
 109384.316    20.938     0.34    0.92
 109760.367    21.394     1.21    1.25
 110136.400    21.962     1.51    1.13
 110512.417    22.167     0.54    1.02
 110888.416    22.272     0.28    1.06
 111264.400    22.183    -0.24    1.10
 111640.366    22.020    -0.43    1.08
 112016.316    21.762    -0.69    1.29
 112392.249    21.439    -0.86    1.41
 112768.165    20.887    -1.47    1.52
 113144.065    20.057    -2.21    1.61
 113519.948    18.927    -3.01    1.59
 113895.814    18.081    -2.25    0.96
 114271.664    17.667    -1.10    0.63
 114647.497    17.462    -0.54    0.00
 115023.313    17.462     0.00    0.00
 115399.112    17.462     0.00    0.00
 115774.895    17.485     0.06    0.15
 116150.661    17.486     0.00    0.15
 116526.411    17.462    -0.06    0.00
 116902.144    17.462     0.00    0.00
 117277.860    17.462     0.00    0.00
 117653.560    17.462     0.00    0.00
 118029.243    17.532     0.19    0.26
 118404.909    17.974     1.18    0.88
 118780.559    18.712     1.97    1.22
 119156.192    19.413     1.87    1.09
 119531.808    19.689     0.73    0.91
 119907.408    19.535    -0.41    0.91
 120282.991    19.371    -0.44    0.83
 120658.558    19.183    -0.50    0.83
 121034.108    19.169    -0.04    0.75
 121409.641    18.939    -0.61    0.76
 121785.158    18.847    -0.25    0.63
 122160.658    18.735    -0.30    0.69
 122536.142    18.671    -0.17    0.86
 122911.609    18.485    -0.50    0.89
 123287.059    18.417    -0.18    0.91
 123662.493    18.362    -0.15    0.87
 124037.910    18.462     0.27    0.96
 124413.311    18.511     0.13    0.95
 124788.695    18.462    -0.13    1.19
 125164.062    18.648     0.50    1.01
 125539.413    18.367    -0.75    1.08
 125914.748    18.348    -0.05    0.89
 126290.066    18.206    -0.38    0.68
 126665.367    18.030    -0.47    0.76
 127040.652    18.033     0.01    0.67
 127415.920    17.997    -0.10    0.77
 127791.172    18.090     0.25    0.85
 128166.407    18.137     0.13    0.89
 128541.625    18.167     0.08    0.82
 128916.827    18.077    -0.24    0.78
 129292.013    17.950    -0.34    0.83
 129667.182    18.020     0.19    1.01
 130042.335    18.136     0.31    1.04
 130417.471    18.326     0.50    1.05
 130792.590    18.304    -0.06    1.03
 131167.693    18.439     0.36    0.82
 131542.780    18.337    -0.27    0.97
 131917.850    18.348     0.03    0.89
 132292.903    18.417     0.18    0.89
 132667.940    18.367    -0.13    0.96
 133042.961    18.485     0.31    0.70
 133417.965    18.385    -0.27    0.77
 133792.953    18.235    -0.40    0.68
 134167.924    18.090    -0.39    0.85
 134542.879    18.020    -0.19    1.08
 134917.817    18.183     0.43    1.18
 135292.739    18.137    -0.12    1.19
 135667.644    18.008    -0.35    1.15
 136042.533    18.001    -0.02    1.02
 136417.405    17.997    -0.01    1.08
 136792.261    18.144     0.39    1.14
 137167.101    18.299     0.41    1.04
 137541.924    18.462     0.43    0.86
 137916.731    18.225    -0.63    0.94
 138291.521    18.303     0.21    0.96
 138666.295    18.391     0.23    0.92
 139041.052    18.530     0.37    0.97
 139415.793    18.625     0.25    0.95
 139790.518    18.612    -0.03    0.92
 140165.226    18.530    -0.22    0.97
 140539.918    18.357    -0.46    1.01
 140914.593    18.485     0.34    0.98
 141289.252    18.509     0.06    0.97
 141663.895    18.758     0.66    1.02
 142038.521    18.834     0.20    1.07
 142413.131    18.718    -0.31    1.16
 142787.725    18.712    -0.02    1.06
 143162.302    18.730     0.05    0.98
 143536.863    18.741     0.03    0.83
 143911.407    18.509    -0.62    0.92
 144285.935    18.392    -0.31    1.06
 144660.447    18.439     0.13    1.09
 145034.942    18.283    -0.42    1.14
 145409.421    18.303     0.05    1.06
 145783.884    18.391     0.23    0.95
 146158.330    18.621     0.62    1.06
 146532.760    18.938     0.85    0.99
 146907.174    19.243     0.81    0.96
 147281.571    19.371     0.34    0.88
 147655.952    19.237    -0.36    0.89
 148030.317    19.167    -0.19    0.82
 148404.665    19.136    -0.08    0.81
 148778.997    19.113    -0.06    0.81
 149153.313    19.033    -0.21    0.70
 149527.612    19.087     0.14    0.87
 149901.895    19.258     0.46    0.88
 150276.162    19.412     0.41    0.93
 150650.413    19.319    -0.25    0.95
 151024.647    19.206    -0.30    0.93
 151398.865    18.962    -0.65    1.15
 151773.066    19.369     1.09    1.57
 152147.252    19.787     1.12    1.65
 152521.421    20.008     0.59    1.42
 152895.574    19.950    -0.15    1.29
 153269.710    19.894    -0.15    1.13
 153643.831    19.555    -0.91    1.00
 154017.935    19.438    -0.31    1.02
 154392.023    19.485     0.13    1.03
 154766.094    19.367    -0.32    0.96
 155140.150    19.532     0.44    0.96
 155514.189    19.629     0.26    0.79
 155888.212    19.648     0.05    0.96
 156262.218    19.904     0.68    1.01
 156636.209    20.090     0.50    1.09
 157010.183    19.950    -0.37    1.08
 157384.141    20.153     0.54    1.02
 157758.083    20.212     0.16    1.01
 158132.008    20.206    -0.02    1.11
 158505.917    20.206     0.00    1.16
 158879.811    20.276     0.19    1.24
 159253.688    20.098    -0.47    1.24
 159627.548    20.067    -0.08    0.98
 160001.393    20.183     0.31    1.16
 160375.221    20.267     0.22    1.01
 160749.033    20.206    -0.16    0.98
 161122.829    20.090    -0.31    1.00
 161496.609    20.020    -0.19    0.77
 161870.373    20.090     0.19    0.69
 162244.120    20.183     0.25    0.67
 162617.851    20.229     0.12    0.78
 162991.567    20.136    -0.25    0.89
 163365.266    20.105    -0.08    0.96
 163738.948    20.090    -0.04    0.95
 164112.615    20.121     0.08    0.89
 164486.266    20.206     0.23    0.88
 164859.900    20.090    -0.31    0.95
 165233.518    19.974    -0.31    1.05
 165609.048    20.030     0.15    1.04
 165985.900    20.105     0.20    0.88
 166362.736    20.053    -0.14    0.92
 166739.555    20.010    -0.11    0.86
 167116.358    20.235     0.60    0.83
 167493.144    20.653     1.11    0.99
 167869.914    20.950     0.79    1.05
 168246.668    21.113     0.43    1.00
 168623.405    20.927    -0.49    0.91
 169000.126    20.718    -0.56    0.88
 169376.830    20.648    -0.19    0.88
 169753.518    20.557    -0.24    0.96
 170130.190    20.509    -0.13    1.00
 170506.845    20.555     0.12    1.02
 170883.484    20.417    -0.37    1.16
 171260.107    20.581     0.44    1.27
 171636.713    20.848     0.71    1.06
 172013.302    21.043     0.52    0.88
 172389.876    20.986    -0.15    0.74
 172766.433    21.160     0.46    0.71
 173142.974    21.112    -0.13    0.70
 173519.498    21.056    -0.15    0.71
