# NaN NaN NaN ;Mean Elev.(m), Avg Gradient(m/km), RMS Gradient(m/km) - SRTM1     
#   21.829   0.667   8.123 ;Mean Elev.(m), Avg Gradient(m/km), RMS Gradient(m/km) - ASTER GDEM
#   42.371   0.203   5.344 ;Mean Elev.(m), Avg Gradient(m/km), RMS Gradient(m/km) - GMTED2010 
  7    43.716 52460.56184469 38.42 302.854820 -29.768770 13.669
  7    43.441 52460.56184534 46.09 302.853930 -29.772050 13.669
  7    43.410 52460.56184598 46.75 302.853050 -29.775330 13.669
  7    43.468 52460.56184663 44.23 302.852160 -29.778610 13.669
  9    43.460 52530.56182708 22.91 302.844416 -29.772358 10.633
  9    43.354 52530.56182773 22.55 302.843526 -29.775638 10.633
  9    45.450 52530.56182837 19.48 302.842646 -29.778918 10.633
  9    47.174 52530.56182902 21.32 302.841756 -29.782198 10.633
 10    49.504 52565.56184539 22.67 302.856410 -29.768570  9.481
 10    49.219 52565.56184604 21.42 302.855520 -29.771850  9.481
 10    48.973 52565.56184668 21.89 302.854640 -29.775130  9.481
 10    49.968 52565.56184733 20.75 302.853750 -29.778410  9.481
 12    46.453 52635.56182720 38.90 302.845196 -29.770964 11.785
 12    46.503 52635.56182784 24.68 302.844316 -29.774244 11.785
 12    51.325 52635.56182849 21.19 302.843432 -29.777519 10.477
 12    53.599 52635.56182913 20.67 302.842542 -29.780799 10.477
 13    43.974 52670.56183523 23.98 302.849019 -29.771002 11.668
 13    53.244 52670.56183587 17.60 302.848129 -29.774282 11.668
 13    53.235 52670.56183652 17.00 302.847249 -29.777562 11.668
 13    50.441 52670.56183716 23.83 302.846359 -29.780842 11.668
 14    43.911 52705.56182711 47.98 302.851049 -29.769174 20.419
 14    43.666 52705.56182775 51.36 302.850159 -29.772454 20.419
 14    43.737 52705.56182839 47.11 302.849279 -29.775734 20.419
 14    43.855 52705.56182904 50.00 302.848389 -29.779014 20.419
 15    44.234 52740.56186180 23.14 302.849106 -29.770892 11.251
 15    48.412 52740.56186244 18.18 302.848223 -29.774168 14.546
 15    49.032 52740.56186309 18.35 302.847343 -29.777448 14.546
 15    48.466 52740.56186373 20.40 302.846453 -29.780728 14.546
 16    44.546 52775.56180626 35.90 302.859533 -29.765219 10.501
 16    44.098 52775.56180691 26.88 302.858653 -29.768499 10.501
 16    44.158 52775.56180755 21.11 302.857763 -29.771779 10.501
 16    43.501 52775.56180820 19.17 302.856883 -29.775059 10.501
 16    43.288 52775.56180884 17.80 302.855993 -29.778339 10.501
 17    43.647 52810.56188302 30.62 302.844731 -29.769835 10.143
 17    44.147 52810.56188367 22.31 302.843851 -29.773115 10.143
 17    52.384 52810.56188431 18.19 302.842968 -29.776388 12.656
 17    52.831 52810.56188495 18.07 302.842078 -29.779668 12.656
 17    53.920 52810.56188560 20.44 302.841188 -29.782948 12.656
 18    43.373 52845.56193868 41.54 302.847143 -29.769214 11.735
 18    42.954 52845.56193932 27.92 302.846253 -29.772494 11.735
 18    43.095 52845.56193997 16.92 302.845373 -29.775774 11.735
 18    42.675 52845.56194061 17.05 302.844489 -29.779047 10.152
 18    42.736 52845.56194125 24.60 302.843599 -29.782327 10.152
 19    43.429 52880.56197657 25.25 302.847094 -29.771950 12.122
 19    43.472 52880.56197721 18.35 302.846214 -29.775230 12.122
 19    46.824 52880.56197786 16.58 302.845324 -29.778510 12.122
 19    46.355 52880.56197850 19.50 302.844435 -29.781784 12.787
 20    44.346 52915.56193304 30.22 302.857060 -29.767625 11.414
 20    51.362 52915.56193368 19.24 302.856180 -29.770905 11.414
 20    51.765 52915.56193433 18.90 302.855290 -29.774185 11.414
 20    48.371 52915.56193497 19.91 302.854410 -29.777465 11.414
 21    44.389 52950.56189352 19.66 302.851561 -29.768996  8.404
 21    44.130 52950.56189417 15.88 302.850681 -29.772276  8.404
 21    43.795 52950.56189481 13.78 302.849791 -29.775556  8.404
 21    48.625 52950.56189546 13.38 302.848911 -29.778836  8.404
 22    51.756 52985.56191580 21.62 302.856302 -29.768908  9.005
 22    52.237 52985.56191644 20.39 302.855422 -29.772188  9.005
 22    52.974 52985.56191709 22.10 302.854532 -29.775468  9.005
 22    53.794 52985.56191773 25.26 302.853652 -29.778748  9.005
 23    50.862 53020.56190587 19.38 302.855306 -29.768696  8.623
 23    51.403 53020.56190651 19.15 302.854426 -29.771976  8.623
 23    51.865 53020.56190716 20.49 302.853536 -29.775256  8.623
 23    52.583 53020.56190780 24.39 302.852656 -29.778536  8.623
 24    43.708 53055.56189420 19.76 302.854019 -29.769262  9.661
 24    47.140 53055.56189484 18.84 302.853129 -29.772542  9.661
 24    48.476 53055.56189549 19.48 302.852249 -29.775822  9.661
 24    47.111 53055.56189613 32.23 302.851359 -29.779102  9.661
 25    50.226 53090.56193221 15.77 302.844726 -29.771782  5.940
 25    47.585 53090.56193285 15.84 302.843836 -29.775062  5.940
 25    51.489 53090.56193350 16.29 302.842956 -29.778342  5.940
 25    52.469 53090.56193414 17.10 302.842066 -29.781622  5.940
 26    43.902 53125.56190170 21.27 302.850185 -29.770078  6.378
 26    52.495 53125.56190235 16.90 302.849295 -29.773358  6.378
 26    53.175 53125.56190299 17.98 302.848415 -29.776638  6.378
 26    53.682 53125.56190363 20.11 302.847525 -29.779918  6.378
 27    43.597 53160.56196356 14.60 302.843185 -29.771179  7.571
 27    51.025 53160.56196421 12.74 302.842295 -29.774459  7.571
 27    52.738 53160.56196485 13.30 302.841415 -29.777739  7.571
 27    53.572 53160.56196550 13.68 302.840525 -29.781019  7.571
 27    54.230 53160.56196614 14.82 302.839645 -29.784291 13.937
 28    42.067 53195.56196001 42.80 302.853332 -29.769145 12.554
 28    43.155 53195.56196065 41.45 302.852452 -29.772425 12.554
 28    42.885 53195.56196130 45.62 302.851562 -29.775705 12.554
 28    42.887 53195.56196194 47.54 302.850676 -29.778978 14.651
 29    44.528 53230.56194551 23.69 302.857863 -29.766538 10.145
 29    46.954 53230.56194616 14.91 302.856973 -29.769818 10.145
 29    44.392 53230.56194680 12.47 302.856093 -29.773098 10.145
 29    46.863 53230.56194745 12.28 302.855203 -29.776378 10.145
 29    47.797 53230.56194809 12.92 302.854323 -29.779658 10.145
 30    44.406 53265.56191622 23.24 302.853782 -29.767155  5.245
 30    44.556 53265.56191686 13.40 302.852902 -29.770435  5.245
 30    44.054 53265.56191751 12.23 302.852012 -29.773715  5.245
 30    43.247 53265.56191815 11.58 302.851132 -29.776995  5.245
 30    42.652 53265.56191879 11.87 302.850242 -29.780275  5.245
 31    44.886 53300.56196616 17.15 302.838198 -29.773742 16.215
 31    46.908 53300.56196680 15.54 302.837316 -29.777015 17.282
 31    46.950 53300.56196745 18.72 302.836426 -29.780295 17.282
 31    47.137 53300.56196809 22.60 302.835536 -29.783575 17.282
 32    46.781 53335.56193571 16.05 302.851078 -29.768201  8.326
 32    43.842 53335.56193636 17.00 302.850188 -29.771481  8.326
 32    43.864 53335.56193700 16.73 302.849303 -29.774756  8.167
 32    42.819 53335.56193764 16.65 302.848423 -29.778036  8.167
 32    47.796 53335.56193829 16.57 302.847533 -29.781316  8.167
 33    47.122 53370.56187369 15.70 302.857328 -29.766786  9.380
 33    48.207 53370.56187434 15.30 302.856448 -29.770066  9.380
 33    48.600 53370.56187498 15.61 302.855558 -29.773346  9.380
 33    48.938 53370.56187563 19.09 302.854678 -29.776626  9.380
 33    52.557 53370.56187627 19.08 302.853790 -29.779903 13.176
 36    46.454 53475.56196045 17.43 302.843436 -29.772667 12.929
 36    47.536 53475.56196110 17.11 302.842546 -29.775947 12.929
 36    52.300 53475.56196174 17.14 302.841666 -29.779227 12.929
 36    52.820 53475.56196239 19.19 302.840776 -29.782507 12.929
 37    45.298 53510.56197502 30.02 302.850044 -29.770238 10.896
 37    45.590 53510.56197566 21.23 302.849158 -29.773511 16.786
 37    46.085 53510.56197630 20.52 302.848278 -29.776791 16.786
 37    53.609 53510.56197695 20.95 302.847388 -29.780071 16.786
 38    49.934 53545.56199239 42.33 302.846756 -29.770634 20.893
 38    50.023 53545.56199304 43.50 302.845876 -29.773914 20.893
 38    49.922 53545.56199368 42.64 302.844986 -29.777194 20.893
 38    49.922 53545.56199433 44.87 302.844096 -29.780474 20.893
 39    44.407 53580.56196781 17.71 302.851367 -29.770615 11.292
 39    43.786 53580.56196846 15.53 302.850477 -29.773895 11.292
 39    45.160 53580.56196910 13.15 302.849597 -29.777175 11.292
 39    47.727 53580.56196975 12.83 302.848707 -29.780455 11.292
 40    44.711 53615.56192156 17.14 302.851662 -29.767854  9.461
 40    53.263 53615.56192220 13.93 302.850772 -29.771134  9.461
 40    52.504 53615.56192285 11.89 302.849892 -29.774414  9.461
 40    49.778 53615.56192349 12.42 302.849005 -29.777690 11.756
 40    54.216 53615.56192414 11.38 302.848115 -29.780970 11.756
 41    44.645 53650.56193362 35.97 302.850718 -29.768817 11.453
 41    45.021 53650.56193427 23.20 302.849829 -29.772091 17.970
 41    45.357 53650.56193491 18.53 302.848949 -29.775371 17.970
 41    53.087 53650.56193556 18.00 302.848059 -29.778651 17.970
 41    48.318 53650.56193620 19.31 302.847179 -29.781931 17.970
 42    43.266 53685.56194362 20.27 302.845484 -29.772389  7.456
 42    43.072 53685.56194427 19.29 302.844599 -29.775664 10.747
 42    43.383 53685.56194491 19.68 302.843719 -29.778944 10.747
 42    43.221 53685.56194556 21.83 302.842829 -29.782224 10.747
 43    53.516 53720.56186875 19.68 302.857142 -29.768650  8.066
 43    51.880 53720.56186940 21.43 302.856262 -29.771930  8.066
 43    52.794 53720.56187004 22.07 302.855372 -29.775210  8.066
 43    42.812 53720.56187069 28.65 302.854493 -29.778486 12.190
 44    46.490 53755.56179467 16.10 302.856117 -29.768053  6.080
 44    47.710 53755.56179532 15.75 302.855227 -29.771333  6.080
 44    47.736 53755.56179596 18.00 302.854347 -29.774613  6.080
 44    48.440 53755.56179661 22.42 302.853463 -29.777886 13.565
 45    50.143 53790.56182349 11.42 302.855941 -29.768916  4.793
 45    49.770 53790.56182414 12.50 302.855051 -29.772196  4.793
 45    48.746 53790.56182478 12.43 302.854167 -29.775471 13.238
 45    53.598 53790.56182543 13.65 302.853287 -29.778751 13.238
 46    47.299 53825.56178092 11.01 302.852474 -29.768293  4.449
 46    48.407 53825.56178157 10.47 302.851594 -29.771573  4.449
 46    47.835 53825.56178221 11.35 302.850704 -29.774853  4.449
 46    53.009 53825.56178286 13.37 302.849824 -29.778133  4.449
 46    48.254 53825.56178350 13.25 302.848936 -29.781405 13.795
 47    40.958 53860.56187459 44.14 302.845092 -29.771679 14.778
 47    40.494 53860.56187523 51.84 302.844202 -29.774959 14.778
 47    40.949 53860.56187588 49.71 302.843322 -29.778239 14.778
 47    40.974 53860.56187652 48.03 302.842432 -29.781519 14.778
 48    55.408 53895.56189269 15.17 302.851262 -29.770692  4.706
 48    53.010 53895.56189334 15.07 302.850382 -29.773972  4.706
 48    53.406 53895.56189398 15.25 302.849492 -29.777252  4.706
 48    54.250 53895.56189463 15.26 302.848602 -29.780532  4.706
 49    50.087 53930.56194593 17.01 302.840500 -29.771396  6.593
 49    51.069 53930.56194657 17.34 302.839610 -29.774676  6.593
 49    51.943 53930.56194722 18.08 302.838730 -29.777956  6.593
 49    53.210 53930.56194786 18.56 302.837840 -29.781236  6.593
 49    47.075 53930.56194851 25.81 302.836953 -29.784509  8.692
 50    43.670 53965.56192368 14.40 302.845128 -29.771261 13.426
 50    43.236 53965.56192433 12.95 302.844248 -29.774541 13.426
 50    42.336 53965.56192497 13.07 302.843358 -29.777821 13.426
 50    41.432 53965.56192561 23.90 302.842478 -29.781101 13.426
 51    43.693 54000.56188097 23.86 302.848537 -29.770125  8.022
 51    47.401 54000.56188161 12.38 302.847657 -29.773405  8.022
 51    48.394 54000.56188226 11.80 302.846767 -29.776685  8.022
 51    48.522 54000.56188290 10.52 302.845877 -29.779965  8.022
 52    43.842 54035.56192415 10.57 302.851890 -29.770185  8.563
 52    43.459 54035.56192480 10.21 302.851000 -29.773465  8.563
 52    53.222 54035.56192544 11.17 302.850120 -29.776745  8.563
 52    45.838 54035.56192609 11.05 302.849230 -29.780025  8.563
 53    56.470 54070.56191777 17.21 302.853060 -29.767629  7.301
 53    49.413 54070.56191841 18.51 302.852170 -29.770909  7.301
 53    50.036 54070.56191906 19.69 302.851290 -29.774189  7.301
 53    51.441 54070.56191970 23.54 302.850400 -29.777469  7.301
 53    53.197 54070.56192035 22.97 302.849520 -29.780749  7.301
 54    48.759 54105.56187114 17.01 302.853728 -29.769689  7.634
 54    47.635 54105.56187179 20.62 302.852848 -29.772969  7.634
 54    48.313 54105.56187243 24.87 302.851958 -29.776249  7.634
 54    49.494 54105.56187308 24.09 302.851078 -29.779529  7.634
 55    48.210 54140.56185062 13.23 302.848323 -29.770694  6.149
 55    48.023 54140.56185126 14.42 302.847433 -29.773974  6.149
 55    51.205 54140.56185191 14.64 302.846553 -29.777254  6.149
 55    48.402 54140.56185255 22.71 302.845663 -29.780534  6.149
 57    45.052 54210.56185668 47.31 302.847879 -29.769896 21.018
 57    44.781 54210.56185732 47.45 302.846999 -29.773176 21.018
 57    45.210 54210.56185797 38.35 302.846109 -29.776456 21.018
 57    45.119 54210.56185861 37.27 302.845229 -29.779736 21.018
 57    44.395 54210.56185926 34.54 302.844339 -29.783016 21.018
 58    46.983 54245.56188661 47.20 302.850524 -29.768703 25.056
 58    46.899 54245.56188726 46.56 302.849634 -29.771983 25.056
 58    47.148 54245.56188790 48.36 302.848754 -29.775263 25.056
 58    47.002 54245.56188855 47.95 302.847864 -29.778543 25.056
 58    46.733 54245.56188919 45.60 302.846984 -29.781823 25.056
 59    42.564 54280.56189852 47.68 302.850578 -29.769778 13.793
 59    42.280 54280.56189916 48.32 302.849698 -29.773058 13.793
 59    42.339 54280.56189981 45.31 302.848808 -29.776338 13.793
 59    42.258 54280.56190045 44.68 302.847928 -29.779618 13.793
 60    46.899 54315.56189715 16.23 302.853498 -29.768862 12.768
 60    46.235 54315.56189780 14.71 302.852608 -29.772142 12.768
 60    45.924 54315.56189844 15.26 302.851728 -29.775422 12.768
 60    44.301 54315.56189909 15.88 302.850838 -29.778702 12.768
 61    47.232 54350.56186511 17.72 302.853896 -29.768910  9.926
 61    49.087 54350.56186575 17.02 302.853006 -29.772190  9.926
 61    48.323 54350.56186640 17.67 302.852126 -29.775470  9.926
 61    53.356 54350.56186704 18.25 302.851236 -29.778750  9.926
 62    50.342 54385.56183594 24.70 302.851194 -29.767944  6.899
 62    51.401 54385.56183659 24.85 302.850306 -29.771219 10.885
 62    52.464 54385.56183723 26.24 302.849426 -29.774499 10.885
 62    53.333 54385.56183788 28.13 302.848536 -29.777779 10.885
 62    53.587 54385.56183852 30.55 302.847656 -29.781059 10.885
 63    44.176 54420.56181548 23.60 302.852024 -29.770369 12.243
 63    44.159 54420.56181612 18.27 302.851143 -29.773645 13.406
 63    46.302 54420.56181677 15.09 302.850253 -29.776925 13.406
 63    47.673 54420.56181741 15.51 302.849373 -29.780205 13.406
 64    46.746 54455.56180832 17.39 302.848596 -29.769210 10.997
 64    47.084 54455.56180897 18.91 302.847706 -29.772490 10.997
 64    48.040 54455.56180961 21.47 302.846816 -29.775770 10.997
 64    48.079 54455.56181026 23.19 302.845936 -29.779050 10.997
 64    47.517 54455.56181090 28.47 302.845046 -29.782330 10.997
 65    48.202 54490.56181586 13.43 302.853333 -29.768567 14.722
 65    48.159 54490.56181650 14.38 302.852453 -29.771847 14.722
 65    48.876 54490.56181715 14.71 302.851563 -29.775127 14.722
 65    53.862 54490.56181779 17.31 302.850673 -29.778407 14.722
 66    47.573 54525.56182121 15.31 302.851196 -29.769876  8.881
 66    48.095 54525.56182186 15.30 302.850306 -29.773156  8.881
 66    53.021 54525.56182250 16.17 302.849416 -29.776431 11.169
 66    48.571 54525.56182315 18.06 302.848536 -29.779711 11.169
 67    40.447 54560.56182389 37.37 302.853307 -29.767526 12.740
 67    40.487 54560.56182453 46.66 302.852417 -29.770806 12.740
 67    39.976 54560.56182518 51.41 302.851537 -29.774086 12.740
 67    40.503 54560.56182582 49.86 302.850647 -29.777366 12.740
 67    40.423 54560.56182647 46.25 302.849767 -29.780646 12.740
 68    43.304 54595.56181689 14.96 302.850528 -29.769691  7.399
 68    42.677 54595.56181753 13.72 302.849648 -29.772971  7.399
 68    42.799 54595.56181818 14.82 302.848758 -29.776251  7.399
 68    43.086 54595.56181882 15.14 302.847871 -29.779524 14.375
 69    44.325 54630.56183102 41.74 302.850241 -29.768280  9.310
 69    43.964 54630.56183166 49.91 302.849361 -29.771560  9.310
 69    44.062 54630.56183231 51.52 302.848471 -29.774840  9.310
 69    44.224 54630.56183295 50.37 302.847585 -29.778113 18.555
 69    43.958 54630.56183360 47.30 302.846705 -29.781393 18.555
 70    43.776 54665.56183716 20.81 302.849210 -29.768469  6.703
 70    51.048 54665.56183780 12.53 302.848320 -29.771749  6.703
 70    44.822 54665.56183845 11.72 302.847440 -29.775029  6.703
 70    46.928 54665.56183909 11.92 302.846550 -29.778309  6.703
 70    53.903 54665.56183974 11.95 302.845662 -29.781583 12.210
 71    44.412 54700.56180657 30.59 302.855535 -29.768130 10.592
 71    47.277 54700.56180722 20.49 302.854655 -29.771410 10.592
 71    48.378 54700.56180786 18.78 302.853765 -29.774690 10.592
 71    48.499 54700.56180851 20.03 302.852885 -29.777970 10.592
 72    41.703 54735.56179706 28.13 302.848251 -29.769641  8.750
 72    43.657 54735.56179771 14.03 302.847371 -29.772921  8.750
 72    42.771 54735.56179835 13.42 302.846489 -29.776202  8.676
 72    44.575 54735.56179900 12.41 302.845599 -29.779472  8.676
 72    46.896 54735.56179964 13.68 302.844709 -29.782752  8.676
 73    47.555 54770.56178762 32.73 302.853257 -29.767909 12.924
 73    47.676 54770.56178826 25.11 302.852377 -29.771189 12.924
 73    47.558 54770.56178891 20.32 302.851487 -29.774469 12.924
 73    48.135 54770.56178955 20.08 302.850607 -29.777749 12.924
 73    49.081 54770.56179020 23.39 302.849717 -29.781029 12.924
 74    50.151 54805.56179049 22.02 302.847178 -29.770367 13.583
 74    48.137 54805.56179113 23.75 302.846288 -29.773647 13.583
 74    48.240 54805.56179178 28.23 302.845398 -29.776927 13.583
 74    47.807 54805.56179242 30.49 302.844518 -29.780207 13.583
 75    51.323 54840.56178271 18.01 302.851831 -29.768785  5.254
 75    52.368 54840.56178335 20.42 302.850951 -29.772065  5.254
 75    52.672 54840.56178400 24.51 302.850061 -29.775345  5.254
 75    51.970 54840.56178464 29.62 302.849181 -29.778625  5.254
 76    50.994 54875.56179216 16.31 302.848164 -29.771097 14.726
 76    49.754 54875.56179280 20.78 302.847284 -29.774377 14.726
 76    49.592 54875.56179345 24.41 302.846394 -29.777657 14.726
 76    48.904 54875.56179409 27.04 302.845514 -29.780937 14.726
 77    41.040 54910.56178822 42.65 302.851990 -29.769137 11.855
 77    40.918 54910.56178886 47.11 302.851110 -29.772417 11.855
 77    40.052 54910.56178951 46.60 302.850220 -29.775697 11.855
 77    41.245 54910.56179015 32.60 302.849340 -29.778977 11.855
 78    39.375 54945.56178385 43.48 302.847221 -29.771384  9.682
 78    47.698 54945.56178450 20.61 302.846331 -29.774664  9.682
 78    40.288 54945.56178514 29.92 302.845441 -29.777938 13.043
 78    41.707 54945.56178579 21.78 302.844561 -29.781218 13.043
 79    40.325 54980.56181070 13.13 302.849457 -29.770629  5.517
 79    40.756 54980.56181134 12.28 302.848567 -29.773909  5.517
 79    40.563 54980.56181198 15.15 302.847682 -29.777182 11.952
 79    41.636 54980.56181263 15.86 302.846802 -29.780462 11.952
 80    42.090 55015.56181301 41.28 302.850373 -29.770881 10.803
 80    41.927 55015.56181365 47.96 302.849483 -29.774161 10.803
 80    41.662 55015.56181430 50.75 302.848603 -29.777441 10.803
 80    41.464 55015.56181494 48.69 302.847713 -29.780721 10.803
 81    44.113 55050.56180616 36.61 302.852511 -29.768012 10.109
 81    44.235 55050.56180680 21.64 302.851631 -29.771292 10.109
 81    44.037 55050.56180745 19.46 302.850741 -29.774572 10.109
 81    44.192 55050.56180809 14.26 302.849861 -29.777852 10.109
 81    45.086 55050.56180874 19.20 302.848971 -29.781132 10.109
 82    44.473 55085.56177316 23.72 302.853722 -29.769900 10.529
 82    44.396 55085.56177380 18.91 302.852842 -29.773180 10.529
 82    44.529 55085.56177445 17.04 302.851952 -29.776460 10.529
 82    45.039 55085.56177509 17.16 302.851072 -29.779740 10.529
 83    44.534 55120.56174036 34.14 302.850423 -29.768643 12.083
 83    44.469 55120.56174100 23.33 302.849543 -29.771923 12.083
 83    44.450 55120.56174165 19.07 302.848662 -29.775196 15.913
 83    45.626 55120.56174229 16.43 302.847772 -29.778476 15.913
 83    47.638 55120.56174293 16.87 302.846882 -29.781756 15.913
 84    47.223 55155.56173296 19.57 302.851114 -29.770102  9.776
 84    51.990 55155.56173360 17.56 302.850234 -29.773382  9.776
 84    48.487 55155.56173425 20.22 302.849344 -29.776662  9.776
 84    48.204 55155.56173489 23.52 302.848464 -29.779942  9.776
 85    43.337 55190.56172972 49.37 302.847626 -29.770159 13.674
 85    43.302 55190.56173037 51.33 302.846746 -29.773439 13.674
 85    43.555 55190.56173101 51.12 302.845854 -29.776712 17.523
 85    43.885 55190.56173165 46.42 302.844974 -29.779992 17.523
 86    45.897 55225.56173379 25.62 302.850928 -29.770569 17.011
 86    45.861 55225.56173443 21.32 302.850038 -29.773849 17.011
 86    46.119 55225.56173508 19.54 302.849158 -29.777129 17.011
 86    46.475 55225.56173572 25.98 302.848268 -29.780409 17.011
 87    43.975 55260.56172526 24.70 302.851113 -29.769632 14.310
 87    43.399 55260.56172590 22.82 302.850223 -29.772912 14.310
 87    42.983 55260.56172655 26.28 302.849336 -29.776188 15.266
 87    43.065 55260.56172719 26.88 302.848456 -29.779468 15.266
 88    44.858 55295.56171789 19.42 302.853739 -29.768422 12.286
 88    44.288 55295.56171854 17.25 302.852859 -29.771702 12.286
 88    48.429 55295.56171918 13.07 302.851969 -29.774982 12.286
 88    54.094 55295.56171982 12.82 302.851089 -29.778262 12.286
 89    43.826 55330.56170642 39.54 302.849082 -29.769166 12.676
 89    43.879 55330.56170706 21.88 302.848192 -29.772446 12.676
 89    43.684 55330.56170771 17.54 302.847312 -29.775726 12.676
 89    47.897 55330.56170835 13.89 302.846422 -29.779006 12.676
 89    48.542 55330.56170900 15.09 302.845535 -29.782278 16.116
 90    44.353 55365.56170032 19.69 302.852346 -29.770370 10.703
 90    44.144 55365.56170096 17.24 302.851456 -29.773650 10.703
 90    45.977 55365.56170160 14.38 302.850576 -29.776930 10.703
 90    54.121 55365.56170225 13.17 302.849686 -29.780210 10.703
 91    46.500 55400.56171187 49.18 302.848449 -29.770128 10.998
 91    46.625 55400.56171252 47.53 302.847559 -29.773408 10.998
 91    46.822 55400.56171316 48.68 302.846679 -29.776688 10.998
 91    46.503 55400.56171381 49.36 302.845796 -29.779961 24.851
 92    42.244 55435.56171645 46.07 302.853729 -29.768621 13.847
 92    42.098 55435.56171709 49.87 302.852849 -29.771901 13.847
 92    41.258 55435.56171774 48.72 302.851959 -29.775181 13.847
 92    42.222 55435.56171838 45.74 302.851079 -29.778461 13.847
 93    44.670 55470.56166950 28.13 302.855818 -29.766803 10.967
 93    44.702 55470.56167015 23.74 302.854928 -29.770083 10.967
 93    44.773 55470.56167079 18.88 302.854048 -29.773363 10.967
 93    44.778 55470.56167144 21.33 302.853158 -29.776643 10.967
 93    46.735 55470.56167208 20.69 302.852278 -29.779923 10.967
