-244181.185    25.985     0.00    8.72
-243804.414    23.013    -7.89    8.49
-243427.661    19.962    -8.10    6.62
-243050.926    17.751    -5.87    3.26
-242674.209    21.306     9.44   10.22
-242297.510    28.274    18.50   16.26
-241920.829    35.394    18.91   17.99
-241544.165    41.001    14.89   16.96
-241167.520    44.319     8.81   15.20
-240790.892    45.251     2.47   14.56
-240414.283    48.394     8.35   13.88
-240037.691    52.251    10.24   14.19
-239661.117    55.660     9.05   11.66
-239284.561    61.092    14.43   12.52
-238908.023    66.569    14.55   13.03
-238531.503    72.394    15.47   12.18
-238155.001    75.774     8.98   10.05
-237778.516    74.387    -3.68   11.73
-237402.050    73.910    -1.27   12.45
-237025.601    70.766    -8.35   13.06
-236649.170    69.365    -3.72   12.36
-236272.757    64.187   -13.76   11.76
-235896.362    56.660   -20.00   13.18
-235519.984    53.157    -9.31   12.15
-235143.625    49.580    -9.51   11.14
-234767.283    44.736   -12.87   10.05
-234390.959    41.325    -9.07   11.54
-234014.653    39.492    -4.87   11.85
-233638.364    38.759    -1.95   12.21
-233262.094    37.592    -3.10   12.34
-232885.841    34.797    -7.43   12.30
-232509.606    32.297    -6.65   10.97
-232133.389    33.115     2.18   11.62
-231757.190    35.401     6.08   13.38
-231381.009    41.183    15.37   13.25
-231004.845    43.648     6.55   11.62
-230628.699    45.092     3.84   10.40
-230252.571    44.378    -1.90   10.98
-229876.460    43.441    -2.49   10.56
-229500.368    43.592     0.40   10.18
-229124.293    39.702   -10.35   10.93
-228748.236    34.892   -12.79   10.93
-228372.196    30.842   -10.77   10.84
-227996.175    26.813   -10.72    9.37
-227620.171    20.047   -18.00   10.07
-227244.185    13.775   -16.68   10.04
-226868.216     6.683   -18.87    7.73
-226492.266     2.282   -11.71    3.37
-226116.333     1.478    -2.14    1.35
-225740.418     1.743     0.70    1.49
-225364.520     1.872     0.34    1.59
-224988.640     1.501    -0.99    2.73
-224612.778     1.667     0.44    3.55
-224236.934     0.936    -1.94    3.52
-223861.107    -0.048    -2.62    2.23
-223485.298    -0.249    -0.54    1.70
-223109.507    -0.210     0.10    1.96
-222733.733    -0.446    -0.63    1.90
-222357.977    -0.158     0.77    1.82
-221982.239     0.190     0.93    2.13
-221606.519     1.660     3.91    2.86
-221230.816     3.978     6.17    4.16
-220855.131     8.456    11.92    8.90
-220479.463    15.637    19.12   12.64
-220103.813    24.041    22.37   13.98
-219728.181    30.001    15.87   12.30
-219352.566    35.092    13.56   11.68
-218976.969    39.274    11.14   10.81
-218601.390    38.070    -3.21   10.40
-218225.828    37.711    -0.96   10.47
-217850.284    31.706   -15.99   11.43
-217474.758    27.867   -10.22    9.41
-217099.249    31.319     9.20    9.89
-216723.758    35.487    11.10   10.06
-216348.284    39.478    10.63    9.09
-215972.828    40.524     2.79    7.59
-215597.390    37.992    -6.74    9.50
-215221.969    32.160   -15.54   10.56
-214846.566    26.994   -13.76    8.02
-214471.180    25.781    -3.23    6.72
-214095.812    27.022     3.31    6.82
-213720.461    31.706    12.48    8.29
-213345.129    36.956    13.99    9.65
-212969.813    41.143    11.16    7.65
-212594.516    43.751     6.95    6.51
-212219.235    41.751    -5.33    6.87
-211843.973    38.092    -9.75    7.77
-211468.728    34.024   -10.84    7.84
-211093.500    32.162    -4.96    6.78
-210718.290    32.774     1.63    7.14
-210343.098    35.145     6.32    7.92
-209967.923    40.910    15.37    8.74
-209592.766    43.743     7.55    8.67
-209217.626    42.225    -4.05    9.05
-208842.504    41.425    -2.13   10.08
-208467.399    36.854   -12.19    9.17
-208092.311    33.797    -8.15    8.27
-207717.242    33.066    -1.95    7.27
-207342.190    31.137    -5.14    7.39
-206967.155    28.278    -7.63    6.83
-206592.138    25.887    -6.38    6.37
-206217.138    24.592    -3.46    6.64
-205842.156    23.775    -2.18    7.04
-205467.191    24.160     1.03    7.13
-205092.244    25.015     2.28    7.57
-204717.314    24.592    -1.13    8.03
-204342.401    23.933    -1.76    7.81
-203967.507    21.673    -6.03    7.83
-203592.629    16.714   -13.23    9.26
-203217.769    11.970   -12.66    8.01
-202842.927     8.137   -10.23    5.95
-202468.102     6.692    -3.86    4.59
-202093.294    11.228    12.11    8.28
-201718.504    15.228    10.67    8.04
-201343.731    17.580     6.28    6.59
-200968.976    16.933    -1.73    6.02
-200594.238    15.142    -4.78    6.06
-200219.518    15.365     0.59    6.43
-199844.815    17.842     6.61    8.17
-199470.129    20.478     7.04    9.66
-199095.461    20.092    -1.03    9.95
-198720.810    17.557    -6.77    9.21
-198346.177    12.478   -13.56    9.69
-197971.561     9.118    -8.97    6.76
-197596.962    13.342    11.28   10.39
-197222.381    19.278    15.85   12.41
-196847.817    21.692     6.45   13.42
-196473.271    21.615    -0.21   13.09
-196098.742    19.592    -5.40   13.34
-195724.230    21.797     5.89   14.20
-195349.736    22.750     2.55   13.92
-194975.259    18.887   -10.32   14.01
-194600.800    18.138    -2.00   13.70
-194226.357    17.910    -0.61   12.13
-193851.933    20.728     7.53   12.97
-193477.525    28.580    20.97   11.55
-193103.135    34.637    16.18   10.88
-192728.762    36.682     5.46   11.43
-192354.407    37.297     1.64   14.10
-191980.068    38.251     2.55   14.42
-191605.748    33.228   -13.42   12.42
-191231.444    26.956   -16.76   12.70
-190857.158    18.629   -22.25   11.61
-190482.889    12.365   -16.74    9.49
-190108.638     7.810   -12.17    3.14
-189734.403     8.797     2.64    3.85
-189360.186    13.978    13.85   11.01
-188985.987    25.045    29.58   24.66
-188611.804    54.183    77.88   49.44
-188237.639    90.817    97.93   67.04
-187863.491   144.956   144.72   88.89
-187489.361   191.892   125.48   88.78
-187115.248   212.069    53.94   88.78
-186741.152   219.456    19.75   87.82
-186367.073   207.278   -32.56   90.97
-185993.012   215.387    21.68   86.74
-185618.967   219.861    11.96   83.34
-185244.941   243.933    64.37   82.34
-184870.931   279.458    95.00   60.42
-184496.938   279.683     0.60   51.65
-184122.963   261.547   -48.50   58.95
-183749.005   209.418  -139.42   81.81
-183375.065   138.137  -190.65   87.75
-183001.141    80.605  -153.89   68.99
-182627.235    41.251  -105.27   40.88
-182253.346    25.043   -43.36   16.18
-181879.474    26.183     3.05   15.04
-181505.619    35.774    25.66   24.95
-181131.782    52.251    44.08   46.07
-180757.962    61.637    25.11   49.00
-180384.159    64.645     8.05   45.55
-180010.373    61.297    -8.96   41.30
-179636.604    65.973    12.51   52.11
-179262.853    79.001    34.86   60.03
-178889.119    90.251    30.11   60.41
-178515.402    98.929    23.22   56.76
-178141.702    96.433    -6.68   58.15
-177768.019   106.271    26.33   64.58
-177394.353   115.887    25.74   64.76
-177020.705   111.806   -10.92   59.41
-176647.074   113.160     3.62   48.40
-176273.460   116.592     9.19   42.76
-175899.863   130.604    37.51   24.74
-175526.283   131.819     3.25   20.77
-175152.720   124.336   -20.04   28.61
-174776.451   111.683   -33.63   34.27
-174399.455   109.301    -6.32   38.45
-174022.477   122.637    35.38   41.85
-173645.517   131.255    22.86   37.57
-173268.573   133.682     6.44   29.34
-172891.648   130.819    -7.60   33.02
-172514.739   120.409   -27.62   36.58
-172137.849   116.478   -10.43   46.77
-171760.975   107.022   -25.09   49.44
-171384.119   101.842   -13.75   47.44
-171007.281    97.001   -12.85   47.30
-170630.460    88.145   -23.51   38.19
-170253.656    88.387     0.64   36.80
-169876.870    94.906    17.30   39.27
-169500.101   102.819    21.01   37.66
-169123.349   112.115    24.68   32.85
-168746.615   114.775     7.06   28.24
-168369.899   128.683    36.92   34.10
-167993.199   146.938    48.47   41.54
-167616.518   177.976    82.41   50.90
-167239.853   210.137    85.40   45.28
-166863.206   234.859    65.65   20.58
-166486.576   242.410    20.05   15.67
-166109.964   248.776    16.91   18.24
-165733.369   243.637   -13.65   27.88
-165356.792   240.092    -9.42   32.96
-164980.231   231.136   -23.79   36.17
-164603.689   228.728    -6.40   28.76
-164227.163   232.330     9.57   26.83
-163850.655   240.637    22.07   22.29
-163474.164   245.041    11.70   22.46
-163097.691   250.978    15.77   20.40
-162721.235   256.592    14.91   17.77
-162344.796   259.813     8.56   15.68
-161968.374   262.936     8.30   12.80
-161591.970   265.192     5.99   15.95
-161215.583   273.433    21.90   24.84
-160839.214   284.817    30.25   25.94
-160462.862   293.092    21.99   23.76
-160086.527   294.456     3.62   22.15
-159710.209   290.140   -11.47   18.69
-159333.909   280.569   -25.44   14.44
-158957.626   272.842   -20.54    9.88
-158581.360   268.387   -11.84   11.89
-158205.112   258.883   -25.27   16.92
-157828.881   255.456    -9.11   17.04
-157452.667   253.790    -4.43   16.13
-157076.471   257.942    11.04   12.07
-156700.291   266.024    21.49   12.62
-156324.129   275.017    23.91   15.54
-155947.984   280.306    14.06   16.49
-155571.857   280.813     1.35   18.99
-155195.747   275.394   -14.41   18.80
-154819.654   268.092   -19.42   16.49
-154443.578   270.263     5.77   20.55
-154067.519   272.410     5.71   22.29
-153691.478   282.994    28.15   22.80
-153315.454   291.547    22.75   21.65
-152939.447   298.162    17.60   17.97
-152563.458   302.653    11.95   13.94
-152187.485   299.024    -9.65   12.79
-151811.530   289.115   -26.36   13.05
-151435.592   281.401   -20.52   13.51
-151059.671   270.394   -29.28   14.70
-150683.768   264.001   -17.01   13.83
-150307.881   258.883   -13.62   12.40
-149932.012   258.507    -1.00   11.76
-149556.160   257.683    -2.19   10.45
-149180.325   252.394   -14.07   14.00
-148804.508   244.830   -20.13   14.12
-148428.707   235.910   -23.74   10.72
-148052.924   232.116   -10.10    6.67
-147677.158   235.425     8.81    9.74
-147301.409   240.806    14.32   12.64
-146925.677   249.906    24.22   13.96
-146549.962   259.521    25.59   10.96
-146174.265   262.865     8.90    8.22
-145798.585   266.022     8.41    7.72
-145422.921   268.901     7.67    8.55
-145047.275   273.892    13.29   11.94
-144671.646   280.766    18.30   12.63
-144296.035   281.497     1.94   13.26
-143920.440   279.069    -6.47   14.39
-143544.862   273.603   -14.55   14.54
-143169.302   265.365   -21.94   12.13
-142793.759   261.592   -10.05    9.16
-142418.232   264.978     9.02   12.37
-142042.723   274.580    25.57   15.29
-141667.231   283.140    22.80   12.56
-141291.756   286.683     9.44    9.08
-140916.299   283.973    -7.22   11.94
-140540.858   275.228   -23.29   14.55
-140165.434   264.720   -27.99   11.06
-139790.028   257.487   -19.27   10.32
-139414.638   248.378   -24.27   12.03
-139039.266   240.181   -21.84   12.36
-138663.910   232.441   -20.62   12.99
-138288.572   225.640   -18.12   11.23
-137913.251   223.759    -5.01   12.21
-137537.946   219.906   -10.27   13.88
-137162.659   215.378   -12.07   14.64
-136787.389   207.301   -21.52   15.49
-136412.136   200.270   -18.74   12.51
-136036.900   192.228   -21.43    9.72
-135661.681   189.425    -7.47    8.34
-135286.479   189.319    -0.28   10.37
-134911.294   187.929    -3.71   11.96
-134536.126   188.354     1.13   12.44
-134160.975   186.251    -5.61   12.37
-133785.841   183.711    -6.77   11.77
-133410.725   178.842   -12.98   10.38
-133035.625   175.092   -10.00    8.57
-132660.542   173.883    -3.22    9.30
-132285.476   171.568    -6.17    9.97
-131910.427   174.232     7.10   13.79
-131535.395   173.183    -2.80   14.56
-131160.380   174.973     4.77   17.62
-130785.382   176.892     5.12   18.90
-130410.401   173.092   -10.13   20.22
-130035.437   174.211     2.98   20.91
-129660.490   170.371   -10.24   21.76
-129285.560   167.842    -6.75   22.10
-128910.647   159.683   -21.77   19.11
-128535.751   154.799   -13.03   17.57
-128160.871   150.910   -10.38   16.33
-127786.009   145.650   -14.03   15.97
-127411.164   141.925    -9.94   16.50
-127036.335   137.228   -12.53   14.59
-126661.524   132.544   -12.50   11.84
-126286.729   128.569   -10.61   12.67
-125911.952   124.259   -11.50   10.91
-125537.191   119.433   -12.88    8.80
-125162.447   115.592   -10.25    6.59
-124787.720   114.401    -3.18    5.14
-124413.010   112.557    -4.92    5.53
-124038.317   110.311    -5.99    5.13
-123663.641   108.183    -5.68    4.75
-123288.982   105.092    -8.25    4.39
-122914.339   103.022    -5.53    4.94
-122539.714   102.187    -2.23    5.75
-122165.105   102.842     1.75    7.65
-121790.513   101.497    -3.59    8.08
-121415.938   101.702     0.55    8.53
-121041.380   105.365     9.78   11.17
-120666.839   110.667    14.16   13.26
-120292.315   118.330    20.46   12.47
-119917.807   126.883    22.84   12.00
-119543.317   131.069    11.18   12.86
-119168.843   137.228    16.45   12.44
-118794.386   141.367    11.05   10.79
-118419.946   141.910     1.45    9.51
-118045.523   140.817    -2.92    9.93
-117671.117   135.306   -14.72   10.55
-117296.727   132.859    -6.54    8.86
-116922.354   132.673    -0.50    8.90
-116547.998   130.660    -5.38   10.60
-116173.659   127.792    -7.66   10.47
-115799.337   127.137    -1.75    9.90
-115425.031   125.897    -3.31    8.88
-115050.743   120.650   -14.02   10.83
-114676.471   112.592   -21.53   12.21
-114302.216   105.021   -20.23   10.76
-113927.978    98.501   -17.42    8.88
-113553.756    94.887    -9.66    8.17
-113179.551    94.456    -1.15    9.54
-112805.363    93.534    -2.46   10.59
-112431.192    92.592    -2.52    9.60
-112057.038    90.592    -5.35    8.99
-111682.900    86.163   -11.84   10.14
-111308.779    79.251   -18.48   12.24
-110934.675    72.143   -19.00    9.33
-110560.588    68.274   -10.34    6.13
-110186.517    70.183     5.10    8.29
-109812.463    77.627    19.90   13.30
-109438.426    85.865    22.03   14.75
-109064.406    92.409    17.50   12.50
-108690.402    96.865    11.91   11.66
-108316.415   102.836    15.97   12.89
-107942.445   111.297    22.63   13.88
-107568.492   122.387    29.66   12.52
-107194.555   127.720    14.26   10.64
-106820.635   126.887    -2.23    9.76
-106446.731   123.246    -9.74   11.38
-106072.845   113.842   -25.15   15.22
-105698.975   102.267   -30.96   13.01
-105325.122    94.706   -20.23    9.79
-104951.285    91.999    -7.24    6.52
-104577.465    96.774    12.77   11.10
-104203.662   105.774    24.08   11.85
-103829.876   114.810    24.18   11.55
-103456.106   127.683    34.44   16.20
-103082.353   135.238    20.22   13.89
-102708.616   138.557     8.88   11.76
-102334.896   138.487    -0.19   12.44
-101961.193   134.720   -10.08   13.00
-101587.507   130.433   -11.47   10.24
-101213.837   130.220    -0.57    8.57
-100840.184   134.274    10.85    8.67
-100466.547   140.616    16.98    9.79
-100092.157   148.251    20.40   10.95
 -99715.194   154.859    17.53    8.83
 -99338.248   157.458     6.89    7.31
 -98961.319   156.137    -3.50    9.30
 -98584.407   152.442    -9.81   10.22
 -98207.511   151.160    -3.40   11.31
 -97830.633   154.138     7.90   11.58
 -97453.772   156.487     6.23    9.61
 -97076.927   156.660     0.46    8.17
 -96700.100   156.323    -0.90    8.20
 -96323.289   151.569   -12.62    8.36
 -95946.495   146.878   -12.45    9.71
 -95569.719   141.637   -13.91   11.89
 -95192.959   133.433   -21.78   11.91
 -94816.216   126.912   -17.31    9.68
 -94439.490   122.342   -12.13    8.56
 -94062.780   117.425   -13.05   10.11
 -93686.088   112.160   -13.98    9.74
 -93309.413   107.697   -11.85    9.18
 -92932.754   106.819    -2.33   10.11
 -92556.112   106.751    -0.18   13.41
 -92179.488   108.323     4.17   16.72
 -91802.880   109.842     4.03   18.84
 -91426.289   108.766    -2.86   17.73
 -91049.714   110.887     5.63   15.75
 -90673.157   112.524     4.35   14.91
 -90296.617   115.767     8.61   10.64
 -89920.093   113.274    -6.62   11.39
 -89543.586   110.759    -6.68    9.58
 -89167.096   107.274    -9.26    8.57
 -88790.623   102.720   -12.10    8.71
 -88414.167    96.022   -17.79   12.98
 -88037.727    87.910   -21.55   12.62
 -87661.304    82.171   -15.25   10.47
 -87284.899    80.047    -5.64    9.31
 -86908.509    79.906    -0.37   11.00
 -86532.137    78.660    -3.31   11.17
 -86155.782    79.433     2.05   11.80
 -85779.443    80.317     2.35   12.76
 -85403.121    87.910    20.18   13.99
 -85026.816    97.169    24.61   14.34
 -84650.528   104.887    20.51   14.69
 -84274.257   110.569    15.10   14.02
 -83898.002   114.487    10.41   12.00
 -83521.764   111.297    -8.48   12.34
 -83145.543   104.671   -17.61   11.89
 -82769.338    96.842   -20.81   12.31
 -82393.151    92.442   -11.70   13.02
 -82016.980    89.365    -8.18   12.60
 -81640.826    86.410    -7.86   12.79
 -81264.688    83.751    -7.07   14.66
 -80888.568    80.910    -7.55   13.07
 -80512.464    77.169    -9.95   12.64
 -80136.377    72.501   -12.41   12.40
 -79760.306    68.592   -10.40    9.27
 -79384.253    64.092   -11.97    9.41
 -79008.216    59.092   -13.30    9.98
 -78632.196    56.329    -7.35   10.43
 -78256.192    53.819    -6.67    9.43
 -77880.205    52.242    -4.20    9.85
 -77504.235    50.206    -5.42    8.28
 -77128.282    47.842    -6.29    6.82
 -76752.345    49.580     4.62    8.55
 -76376.425    53.160     9.52   10.19
 -76000.522    58.276    13.61   12.80
 -75624.636    63.819    14.75   12.98
 -75248.766    71.348    20.03   13.23
 -74872.912    79.365    21.33   11.95
 -74497.076    85.069    15.18   10.64
 -74121.256    88.528     9.20   10.85
 -73745.453    89.206     1.80   10.28
 -73369.666    91.297     5.57    9.85
 -72993.896    93.115     4.84    9.75
 -72618.143    95.865     7.32   11.21
 -72242.407    96.348     1.29   14.45
 -71866.687    96.365     0.05   15.64
 -71490.983    97.355     2.64   15.26
 -71115.297    95.069    -6.08   10.93
 -70739.627    90.232   -12.88    9.92
 -70363.973    83.387   -18.22   12.90
 -69988.337    74.319   -24.14   13.65
 -69612.717    65.217   -24.23   13.45
 -69237.113    58.728   -17.28   10.06
 -68861.526    57.938    -2.10    7.54
 -68485.956    61.999    10.81   10.48
 -68110.402    69.797    20.76   11.79
 -67734.865    77.534    20.60   11.49
 -67359.345    82.728    13.83   10.96
 -66983.841    89.434    17.86    9.07
 -66608.354    97.001    20.15   11.44
 -66232.883   105.824    23.50   13.75
 -65857.429   114.865    24.08   12.71
 -65481.991   117.478     6.96    9.77
 -65106.570   112.921   -12.14   13.66
 -64731.166   106.569   -16.92   13.76
 -64355.778   102.987    -9.54   10.43
 -63980.407   101.047    -5.17    8.66
 -63605.052    98.859    -5.83   10.08
 -63229.714    91.637   -19.24   12.92
 -62854.393    80.697   -29.15   10.92
 -62479.088    74.425   -16.71    9.27
 -62103.799    70.547   -10.34    6.56
 -61728.527    72.592     5.45   10.52
 -61353.272    80.697    21.60   15.05
 -60978.033    88.790    21.57   13.40
 -60602.810    93.211    11.78   11.39
 -60227.605    94.887     4.47   12.61
 -59852.415    94.118    -2.05   12.18
 -59477.242    94.910     2.11   11.60
 -59102.086    92.487    -6.46   14.06
 -58726.946    84.342   -21.71   14.84
 -58351.823    77.115   -19.27   10.90
 -57976.716    72.066   -13.46    9.99
 -57601.626    70.660    -3.75   11.48
 -57226.552    68.528    -5.69   13.00
 -56851.495    67.365    -3.10   14.83
 -56476.454    66.929    -1.16   16.36
 -56101.430    64.185    -7.32   15.41
 -55726.422    62.024    -5.76   13.14
 -55351.430    58.630    -9.05   11.65
 -54976.455    56.206    -6.47   10.77
 -54601.497    55.751    -1.21    9.89
 -54226.555    56.464     1.90   10.30
 -53851.629    57.592     3.01   10.19
 -53476.720    58.336     1.98    9.60
 -53101.827    56.251    -5.56    9.30
 -52726.951    54.317    -5.16    8.47
 -52352.091    52.047    -6.06    6.82
 -51977.248    51.425    -1.66    4.81
 -51602.421    53.394     5.25    6.49
 -51227.610    58.878    14.63    9.70
 -50852.816    63.677    12.81   10.16
 -50478.039    69.956    16.75   11.06
 -50103.277    74.167    11.24   10.91
 -49728.532    78.137    10.60   11.35
 -49353.804    83.325    13.84   11.11
 -48979.092    88.449    13.68   13.33
 -48604.396    95.735    19.45   15.27
 -48229.717   102.892    19.10   15.69
 -47855.054   113.001    26.98   19.54
 -47480.408   125.677    33.84   22.38
 -47105.777   133.330    20.43   19.88
 -46731.164   142.557    24.63   17.16
 -46356.566   137.482   -13.55   17.96
 -45981.985   135.022    -6.57   20.24
 -45607.421   140.401    14.36   21.46
 -45232.872   148.497    21.61   23.94
 -44858.340   158.311    26.21   19.10
 -44483.825   155.022    -8.78   18.50
 -44109.326   150.354   -12.47   19.65
 -43734.843   142.743   -20.32   19.67
 -43360.376   135.790   -18.57   19.43
 -42985.926   135.497    -0.78   20.49
 -42611.492   142.047    17.49   23.53
 -42237.075   149.959    21.13   22.64
 -41862.673   152.883     7.81   21.16
 -41488.289   145.906   -18.64   25.26
 -41113.920   131.697   -37.96   24.19
 -40739.568   117.883   -36.90   21.59
 -40365.232   107.878   -26.73   20.03
 -39990.912   103.378   -12.02   18.76
 -39616.609    99.137   -11.33   17.89
 -39242.322    93.720   -14.47   15.95
 -38868.051    85.319   -22.45   20.98
 -38493.796    73.720   -30.99   18.46
 -38119.558    65.878   -20.96   10.68
 -37745.336    68.211     6.24   13.40
 -37371.131    78.580    27.71   17.56
 -36996.941    85.045    17.28   14.88
 -36622.768    88.365     8.87   12.26
 -36248.611    88.910     1.46   13.06
 -35874.471    86.255    -7.10   12.37
 -35500.347    91.557    14.17   16.78
 -35126.239    99.933    22.39   20.56
 -34752.147   110.115    27.22   18.16
 -34378.071   121.069    29.28   15.68
 -34004.012   120.842    -0.61   15.82
 -33629.969   113.185   -20.47   20.68
 -33255.942   103.319   -26.38   24.33
 -32881.931    84.232   -51.04   24.61
 -32507.937    69.306   -39.91   16.45
 -32133.959    61.616   -20.56   13.53
 -31759.997    56.766   -12.97   13.03
 -31386.051    54.728    -5.45   14.62
 -31012.122    47.711   -18.77   17.39
 -30638.208    36.865   -29.01   18.55
 -30264.311    29.371   -20.04   15.03
 -29890.430    30.190     2.19   18.03
 -29516.565    33.024     7.58   23.28
 -29142.717    33.854     2.22   23.63
 -28768.885    28.925   -13.18   16.40
 -28395.068    27.068    -4.97   14.74
 -28021.268    27.115     0.13   16.13
 -27647.485    26.604    -1.37   15.64
 -27273.717    23.867    -7.32   14.58
 -26899.965    23.228    -1.71   12.38
 -26526.230    22.872    -0.95   12.72
 -26152.511    27.521    12.44   16.86
 -25778.808    30.162     7.07   17.80
 -25405.121    32.162     5.35   20.70
 -25029.264    38.069    15.72   20.36
 -24652.349    42.642    12.13   16.59
 -24275.449    41.183    -3.87   15.53
 -23898.567    29.116   -32.02   14.83
 -23521.700    20.045   -24.07   11.63
 -23144.851    15.211   -12.83    6.62
 -22768.017    15.967     2.01    8.52
 -22391.200    19.683     9.86   11.91
 -22014.399    25.967    16.68   14.58
 -21637.615    32.449    17.20   17.08
 -21260.847    39.697    19.24   15.08
 -20884.096    44.354    12.36   13.81
 -20507.361    47.683     8.84   12.69
 -20130.642    51.989    11.43   11.86
 -19753.940    56.615    12.28   11.35
 -19377.254    60.949    11.51   10.13
 -19000.585    64.906    10.50    8.01
 -18623.932    68.456     9.42    7.32
 -18247.295    70.092     4.34   11.65
 -17870.675    81.092    29.21   27.82
 -17494.071    94.507    35.62   37.86
 -17117.483   109.187    38.98   48.56
 -16740.912   141.162    84.91   59.87
 -16364.357   168.140    71.64   54.46
 -15987.818   196.228    74.60   31.07
 -15611.296   204.810    22.79   13.91
 -15234.790   202.735    -5.51   13.73
 -14858.301   194.782   -21.12   21.75
 -14481.828   184.255   -27.96   29.10
 -14105.371   181.999    -5.99   26.40
 -13728.930   169.242   -33.89   30.93
 -13352.506   162.024   -19.18   30.49
 -12976.098   150.751   -29.95   38.64
 -12599.707   134.859   -42.22   39.38
 -12223.332   123.557   -30.03   36.44
 -11846.973   116.567   -18.57   40.00
 -11470.630   116.637     0.19   40.33
 -11094.304   118.759     5.64   36.69
 -10717.994   113.282   -14.55   29.23
 -10341.700   113.185    -0.26   31.89
  -9965.422   118.371    13.78   37.72
  -9589.161   120.604     5.93   45.46
  -9212.916   132.567    31.80   51.96
  -8836.688   130.160    -6.40   48.57
  -8460.475   117.653   -33.25   48.79
  -8084.279   101.160   -43.84   51.11
  -7708.099    70.211   -82.27   44.19
  -7331.936    43.567   -70.83   17.21
  -6955.788    34.751   -23.44   10.74
  -6579.657    31.374    -8.98   11.16
  -6203.542    31.878     1.34   12.89
  -5827.444    30.952    -2.46   11.09
  -5451.361    29.138    -4.82    7.18
  -5075.295    26.524    -6.95    9.37
  -4699.245    22.682   -10.22    6.65
  -4323.212    20.001    -7.13    7.57
  -3947.194    17.019    -7.93    8.20
  -3571.193    14.999    -5.37    8.13
  -3195.208    13.640    -3.62    7.70
  -2819.239    11.897    -4.64    8.24
  -2443.287    10.547    -3.59    8.50
  -2067.350     9.169    -3.66    8.64
  -1691.430     5.790    -8.99    8.11
  -1315.526     2.697    -8.23    6.50
   -939.638     0.278    -6.43    3.77
   -563.767    -1.067    -3.58    1.79
   -187.911     0.381     3.85    5.62
    187.928     4.342    10.54    8.86
    563.751    11.458    18.93   12.05
    939.558    20.464    23.97   12.72
   1315.349    28.999    22.71   11.42
   1691.123    37.336    22.19    9.22
   2066.882    44.933    20.22    8.61
   2442.624    49.425    11.96    8.96
   2818.350    53.022     9.57   12.42
   3194.060    56.325     8.79   14.99
   3569.754    58.394     5.51   14.70
   3945.431    69.660    29.99   22.08
   4321.093    80.829    29.73   26.54
   4696.738    91.069    27.26   26.25
   5072.368   103.042    31.87   23.64
   5447.981   101.683    -3.62   21.33
   5823.578    94.325   -19.59   21.68
   6199.159    85.692   -22.98   22.93
   6574.724    74.819   -28.95   19.10
   6950.272    65.707   -24.26   15.82
   7325.805    61.251   -11.87   13.46
   7701.321    60.183    -2.84   11.99
   8076.822    59.394    -2.10    8.93
   8452.306    65.933    17.41   12.95
   8827.774    73.013    18.86   15.20
   9203.227    81.137    21.64   18.11
   9578.663    88.917    20.72   20.99
   9954.083   101.774    34.25   25.66
  10329.487   119.569    47.40   29.56
  10704.874   137.220    47.02   31.86
  11080.246   152.569    40.89   28.79
  11455.602   154.013     3.85   28.41
  11830.942   137.933   -42.84   37.53
  12206.265   108.301   -78.95   36.97
  12581.573    84.592   -63.17   28.10
  12956.864    67.720   -44.96   15.67
  13332.140    67.630    -0.24   17.79
  13707.399    89.228    57.55   44.80
  14082.643   115.921    71.13   53.90
  14457.870   132.976    45.45   46.53
  14833.081   155.511    60.06   40.99
  15208.277   170.717    40.53   38.18
  15583.456   168.342    -6.33   36.05
  15958.619   168.092    -0.67   41.07
  16333.767   160.819   -19.39   44.01
  16708.898   144.813   -42.67   44.04
  17084.013   141.138    -9.80   44.09
  17459.113   140.069    -2.85   44.04
  17834.196   127.964   -32.27   37.88
  18209.263   120.660   -19.47   28.02
  18584.315   123.442     7.42   28.00
  18959.350   141.401    47.89   38.02
  19334.369   155.836    38.49   41.55
  19709.373   171.311    41.27   39.35
  20084.360   188.569    46.02   34.94
  20459.332   200.592    32.06   31.11
  20834.287   213.842    35.34   23.07
  21209.227   221.140    19.46   15.11
  21584.150   216.208   -13.15   16.08
  21959.058   211.306   -13.07   17.67
  22333.949   204.360   -18.53   18.26
  22708.825   196.001   -22.30   17.32
  23083.685   190.392   -14.96   20.62
  23458.529   179.045   -30.27   29.25
  23833.357   163.859   -40.51   27.11
  24208.169   156.208   -20.41   28.74
  24582.965   157.163     2.55   31.22
  24957.745   161.687    12.07   30.05
  25332.509   164.580     7.72   24.67
  25707.258   168.497    10.45   23.99
  26081.990   173.394    13.07   21.82
  26456.707   181.906    22.71   20.90
  26831.407   189.782    21.02   21.29
  27206.092   205.348    41.54   24.14
  27580.761   219.418    37.55   21.92
  27955.414   229.478    26.85   15.07
  28330.051   231.330     4.94   14.37
  28704.672   221.278   -26.83   20.95
  29079.277   203.185   -48.30   23.60
  29453.867   192.978   -27.25   19.88
  29828.440   190.813    -5.78   21.17
  30202.998   196.282    14.60   24.13
  30577.540   210.848    38.89   20.83
  30952.066   223.325    33.31   21.45
  31326.576   232.790    25.27   15.45
  31701.070   237.859    13.54    9.24
  32075.549   234.348    -9.38   14.10
  32450.011   230.092   -11.36   16.58
  32824.458   226.068   -10.75   18.71
  33198.889   221.211   -12.97   18.18
  33573.304   217.045   -11.13   17.57
  33947.703   207.978   -24.22   18.49
  34322.087   196.836   -29.76   20.30
  34696.454   185.115   -31.31   15.88
  35070.806   173.580   -30.81   12.32
  35445.142   169.282   -11.48   11.60
  35819.462   170.697     3.78   14.94
  36193.767   173.325     7.02   17.46
  36568.055   178.371    13.48   20.40
  36942.328   181.854     9.31   21.72
  37316.585   182.185     0.88   23.24
  37690.826   180.697    -3.98   26.46
  38065.052   171.967   -23.33   29.16
  38439.261   159.115   -34.34   30.14
  38813.455   147.917   -29.92   31.07
  39187.633   133.735   -37.90   28.25
  39561.796   121.497   -32.71   14.33
  39935.942   118.999    -6.68   12.10
  40310.073   124.711    15.27   22.08
  40684.188   136.417    31.29   28.96
  41058.287   154.160    47.43   35.13
  41432.371   164.336    27.20   34.04
  41806.439   165.878     4.12   34.02
  42180.491   156.790   -24.30   35.13
  42554.527   145.116   -31.21   31.11
  42928.548   139.842   -14.10   23.54
  43302.552   133.502   -16.95   16.18
  43676.542   131.137    -6.32   15.32
  44050.515   128.521    -7.00   15.41
  44424.473   128.673     0.41   22.97
  44798.415   135.906    19.34   25.96
  45172.341   141.707    15.51   23.04
  45546.251   142.637     2.49   18.96
  45920.146   149.630    18.70   18.80
  46294.025   151.208     4.22   22.57
  46667.889   158.580    19.72   26.78
  47041.737   163.069    12.01   27.09
  47415.569   160.774    -6.14   25.31
  47789.385   155.066   -15.27   27.28
  48163.186   147.751   -19.57   27.34
  48536.971   150.970     8.61   31.82
  48910.740   155.371    11.77   31.61
  49284.494   150.487   -13.07   34.41
  49658.578   143.409   -18.92   40.48
  50035.463   126.637   -44.50   43.21
  50412.332   109.908   -44.39   40.50
  50789.185    89.524   -54.09   34.21
  51166.021    71.580   -47.61   20.60
  51542.842    65.278   -16.72   11.12
  51919.647    69.929    12.34   15.42
  52296.437    78.964    23.98   16.23
  52673.210    80.524     4.14   15.56
  53049.967    81.019     1.31   16.65
  53426.708    77.348    -9.74   17.92
  53803.434    74.830    -6.68   16.76
  54180.143    76.555     4.58   17.05
  54556.837    83.387    18.14   16.49
  54933.515    92.217    23.44   17.06
  55310.177    99.830    20.21   15.44
  55686.823   104.115    11.38   16.59
  56063.453   101.782    -6.19   21.17
  56440.067    93.387   -22.29   19.57
  56816.665    91.400    -5.28   15.85
  57193.248    92.297     2.38   11.71
  57569.814    98.022    15.20   12.37
  57946.365   108.325    27.36   14.34
  58322.900   121.521    35.04   17.67
  58699.419   142.041    54.50   27.53
  59075.922   165.319    61.83   29.66
  59452.409   178.892    36.05   22.71
  59828.881   179.354     1.23   25.86
  60205.337   178.394    -2.55   29.72
  60581.776   174.433   -10.52   29.90
  60958.200   163.410   -29.28   27.27
  61334.609   155.192   -21.83   24.49
  61711.001   144.949   -27.21   24.40
  62087.377   130.766   -37.68   16.35
  62463.738   119.663   -29.50   14.06
  62840.083   110.854   -23.41   12.59
  63216.412   106.579   -11.36   12.12
  63592.725   104.592    -5.28   11.42
  63969.023   104.409    -0.49   12.12
  64345.304   105.371     2.56   11.75
  64721.570   108.949     9.51   11.85
  65097.820   113.531    12.18   14.17
  65474.055   123.978    27.77   16.03
  65850.273   130.267    16.71   18.82
  66226.476   135.813    14.74   18.80
  66602.663   143.627    20.77   20.54
  66978.834   148.580    13.17   19.62
  67354.990   156.697    21.58   20.92
  67731.129   160.567    10.29   19.88
  68107.253   162.663     5.57   18.12
  68483.361   160.409    -5.99   16.21
  68859.454   160.782     0.99   21.05
  69235.530   157.592    -8.48   25.35
  69611.591   151.116   -17.22   25.01
  69987.636   148.425    -7.15   24.73
  70363.666   152.824    11.70   25.52
  70739.680   165.766    34.42   29.18
  71115.678   174.487    23.19   25.90
  71491.660   175.663     3.13   24.85
  71867.626   170.140   -14.69   25.70
  72243.577   167.976    -5.76   29.74
  72619.512   162.045   -15.77   32.23
  72995.432   154.973   -18.81   33.60
  73371.335   143.185   -31.36   30.29
  73747.223   129.278   -37.00   16.69
  74123.096   121.464   -20.79   14.83
  74498.952   114.687   -18.03   13.40
  74874.793   112.068    -6.97   12.01
  75250.619   107.163   -13.05   11.41
  75626.428   101.859   -14.11   11.85
  76002.222   100.185    -4.46   12.47
  76378.000    98.978    -3.21   11.69
  76753.763   100.487     4.02   10.83
  77129.510    99.973    -1.37    9.39
  77505.241    95.997   -10.58   10.64
  77880.956    92.185   -10.14   11.87
  78256.656    84.836   -19.56   13.63
  78632.341    79.720   -13.62   14.23
  79008.009    74.487   -13.93   13.04
  79383.662    70.616   -10.31   10.77
  79759.299    68.336    -6.07   11.63
  80134.921    69.022     1.83   13.34
  80510.527    70.045     2.72   13.12
  80886.118    71.183     3.03   10.82
  81261.692    69.859    -3.52    9.66
  81637.252    64.301   -14.80   12.48
  82012.795    54.044   -27.31   14.29
  82388.323    48.021   -16.04   13.70
  82763.835    43.650   -11.64   13.66
  83139.332    43.547    -0.28   15.31
  83514.813    42.449    -2.92   15.68
  83890.279    38.206   -11.30   14.24
  84265.729    32.592   -14.95   10.99
  84641.163    30.663    -5.14    9.36
  85016.582    35.929    14.03   12.74
  85391.985    44.929    23.97   17.55
  85767.373    54.425    25.30   16.23
  86142.745    64.278    26.25   10.78
  86518.101    65.640     3.63    9.69
  86893.442    67.401     4.69   11.45
  87268.767    68.743     3.57   12.31
  87644.077    73.534    12.76   12.65
  88019.371    82.901    24.96   12.50
  88394.650    89.259    16.94   14.57
  88769.913    98.401    24.36   15.14
  89145.161   105.267    18.29   12.64
  89520.393   105.842     1.53   11.44
  89895.609   103.433    -6.42    9.37
  90270.810   100.235    -8.52    9.09
  90645.996    95.116   -13.64   10.20
  91021.166    90.997   -10.98    9.34
  91396.320    82.410   -22.89   11.89
  91771.459    73.323   -24.22   14.68
  92146.582    67.547   -15.40   14.24
  92521.690    68.330     2.09   15.41
  92896.782    72.232    10.40   18.67
  93271.859    79.385    19.07   17.24
  93646.921    86.367    18.62   13.87
  94021.966    93.478    18.96   14.09
  94396.997   100.656    19.14   12.35
  94772.012   103.650     7.98    9.69
  95147.011   101.464    -5.83   11.00
  95521.995    91.999   -25.24   17.15
  95896.963    79.092   -34.42   19.45
  96271.916    68.855   -27.30   15.30
  96646.854    66.024    -7.55   10.07
  97021.776    65.949    -0.20   10.16
  97396.682    63.228    -7.26   12.12
  97771.573    54.854   -22.34   14.89
  98146.449    43.374   -30.62   14.49
  98521.309    33.342   -26.76   14.89
  98896.154    21.836   -30.69   14.50
  99270.983    13.116   -23.26   12.45
  99645.797     8.557   -12.16    9.41
 100020.596     9.702     3.05   10.04
 100395.379    21.683    31.97   17.40
 100770.146    33.355    31.14   16.47
 101144.898    44.728    30.35   14.49
 101519.635    53.883    24.43   12.79
 101894.357    58.534    12.41   12.57
 102269.062    66.116    20.23   10.71
 102643.753    71.964    15.61    9.93
 103018.428    78.319    16.96    9.97
 103393.088    84.417    16.27    8.55
 103767.732    88.751    11.57    9.07
 104142.361    92.162     9.10    8.70
 104516.975    93.973     4.83   10.09
 104891.573    93.301    -1.79   12.30
 105266.155    93.784     1.29   12.10
 105640.723    94.255     1.26   11.24
 106015.275    95.165     2.43   10.80
 106389.811    97.973     7.50   11.91
 106764.333   100.901     7.82   12.94
 107138.839   104.555     9.76   10.90
 107513.329   108.473    10.46    9.55
 107887.804   112.401    10.49   10.27
 108262.264   121.251    23.63   12.25
 108636.709   128.933    20.51   11.15
 109011.138   136.235    19.50    9.73
 109385.552   141.068    12.91    5.81
 109759.950   139.464    -4.28    7.75
 110134.333   133.378   -16.26   13.01
 110508.701   125.640   -20.67   12.18
 110883.053   125.568    -0.19   11.97
 111257.391   127.045     3.95   13.71
 111631.712   133.976    18.51   13.98
 112006.019   142.547    22.90   11.88
 112380.310   145.580     8.10   10.76
 112754.586   140.883   -12.55   13.02
 113128.847   134.235   -17.76   15.98
 113503.092   125.287   -23.91   15.71
 113877.322   122.650    -7.05   13.60
 114251.537   125.766     8.33   14.95
 114625.736   127.354     4.24   12.83
 114999.920   121.952   -14.43   14.22
 115374.089   117.021   -13.18   15.38
 115748.243   114.507    -6.72   14.92
 116122.381   118.970    11.93   17.79
 116496.504   128.068    24.32   17.87
 116870.612   135.830    20.75   16.01
 117244.704   140.592    12.73   13.87
 117618.781   140.766     0.47   14.07
 117992.843   136.425   -11.60   17.54
 118366.890   132.942    -9.31   16.13
 118740.922   133.342     1.07   15.58
 119114.938   134.043     1.87   14.97
 119488.939   130.521    -9.42   18.37
 119862.925   120.859   -25.83   19.78
 120236.895   113.401   -19.94   17.88
 120610.851   107.228   -16.51   18.71
 120984.791   106.015    -3.24   17.90
 121358.716   103.047    -7.94   16.01
 121732.625    99.354    -9.87   11.78
 122106.520   101.022     4.46   12.63
 122480.399   105.306    11.46   14.55
 122854.263   109.887    12.25   12.41
 123228.112   113.115     8.63   12.01
 123601.945   114.554     3.85   13.33
 123975.764   119.282    12.65   15.93
 124349.567   129.394    27.05   17.04
 124725.030   138.677    24.72   15.32
 125101.870   146.683    21.24   12.91
 125478.695   154.066    19.59   11.38
 125855.504   160.751    17.74   13.26
 126232.298   169.418    23.00   14.59
 126609.076   175.999    17.47   15.55
 126985.839   182.301    16.73   15.14
 127362.587   187.118    12.78   13.46
 127739.319   190.297     8.44   11.06
 128116.035   193.767     9.21    8.68
 128492.737   196.925     8.38    6.23
 128869.422   199.043     5.62    8.39
 129246.093   199.792     1.99    8.86
 129622.748   199.433    -0.95   10.50
 129999.387   201.592     5.73    9.75
 130376.012   204.687     8.22    9.27
 130752.620   208.185     9.29    7.68
 131129.214   210.640     6.52    7.37
 131505.792   210.933     0.78    7.15
 131882.354   208.579    -6.25    7.68
 132258.902   202.706   -15.60   10.16
 132635.434   199.301    -9.04    9.42
 133011.950   197.116    -5.80    9.48
 133388.451   195.378    -4.62   10.17
 133764.937   196.502     2.99   10.07
 134141.407   198.887     6.33    9.19
 134517.862   200.742     4.93    9.25
 134894.302   201.544     2.13   12.11
 135270.727   204.973     9.11   13.31
 135647.136   212.409    19.75   21.17
 136023.529   226.297    36.89   28.54
 136399.908   237.667    30.21   25.15
 136776.271   241.163     9.29   22.20
 137152.618   243.906     7.29   21.71
 137528.951   247.116     8.53   21.65
 137905.268   253.441    16.80   19.45
 138281.569   256.964     9.36   15.48
 138657.856   248.711   -21.93   21.63
 139034.127   237.616   -29.48   20.74
 139410.382   230.711   -18.35   18.45
 139786.623   225.878   -12.84   18.03
 140162.848   225.017    -2.29   15.52
 140539.058   219.116   -15.68   18.03
 140915.253   212.692   -17.07   17.48
 141291.432   207.433   -13.98   17.35
 141667.596   203.830    -9.58   18.71
 142043.745   204.616     2.09   21.10
 142419.878   211.140    17.34   23.36
 142795.996   213.092     5.19   22.06
 143172.099   210.627    -6.55   21.47
 143548.187   206.997    -9.65   20.89
 143924.259   204.140    -7.60   18.02
 144300.316   208.141    10.64   18.12
 144676.358   216.836    23.12   18.98
 145052.384   227.830    29.23   19.78
 145428.396   243.521    41.72   21.26
 145804.392   258.743    40.48   19.06
 146180.373   267.759    23.98   13.35
 146556.338   269.278     4.04    9.16
 146932.289   265.952    -8.84   10.37
 147308.224   260.232   -15.22   11.29
 147684.144   256.824    -9.06   11.10
 148060.049   255.711    -2.96   10.89
 148435.938   256.278     1.51   10.14
 148811.812   258.720     6.50    8.84
 149187.671   259.255     1.42    8.96
 149563.515   258.782    -1.26   12.10
 149939.344   258.311    -1.25   16.18
 150315.157   252.433   -15.64   17.69
 150690.956   243.952   -22.57   20.90
 151066.739   240.001   -10.51   16.81
 151442.507   238.759    -3.31   14.74
 151818.259   242.024     8.69   14.50
 152193.997   250.211    21.79   13.72
 152569.719   258.531    22.14   14.27
 152945.426   262.946    11.75   13.77
 153321.118   273.929    29.23   15.78
 153696.795   281.616    20.46   17.20
 154072.457   290.348    23.24   15.13
 154448.103   296.330    15.92   11.18
 154823.735   293.259    -8.18   12.00
 155199.351   284.360   -23.69   14.64
 155574.952   278.580   -15.39   14.08
 155950.538   275.970    -6.95   14.93
 156326.108   280.973    13.32   17.47
 156701.664   289.301    22.17   15.16
 157077.205   297.067    20.68   15.07
 157452.730   307.047    26.57   16.64
 157828.240   317.092    26.75   10.94
 158203.735   320.973    10.33    8.29
 158579.215   322.325     3.60   10.32
 158954.680   323.141     2.17   11.40
 159330.130   322.683    -1.22   10.45
 159705.564   321.912    -2.05    7.91
 160080.984   319.650    -6.03   10.25
 160456.388   314.925   -12.58   14.11
 160831.778   309.906   -13.37   14.29
 161207.152   305.464   -11.83   11.07
 161582.511   303.381    -5.55   10.02
 161957.855   297.887   -14.64   13.96
 162333.184   291.717   -16.44   15.88
 162708.498   285.663   -16.13   18.17
 163083.797   281.441   -11.25   16.60
 163459.081   280.810    -1.68   16.02
 163834.350   289.478    23.10   17.75
 164209.603   302.169    33.81   16.06
 164584.842   309.999    20.86   11.23
 164960.065   308.797    -3.20   12.07
 165335.274   301.140   -20.40   16.05
 165710.467   287.706   -35.80   16.09
 166085.646   280.724   -18.61   12.51
 166460.809   281.206     1.28   11.83
 166835.957   285.282    10.87   13.55
 167211.091   292.394    18.96   12.31
 167586.209   296.044     9.73   10.77
 167961.312   300.938    13.04   10.35
 168336.400   306.160    13.92   10.91
 168711.473   309.460     8.80    9.74
 169086.532   307.165    -6.12   11.63
 169461.575   300.301   -18.30   12.99
 169836.603   293.531   -18.05   11.94
 170211.616   285.115   -22.44   12.75
 170586.614   275.118   -26.66   23.07
 170961.597   271.640    -9.27   27.14
 171336.565   264.759   -18.35   29.61
 171711.518   259.687   -13.52   28.35
 172086.457   256.021    -9.78   29.41
 172461.380   243.942   -32.21   30.43
 172836.288   218.859   -66.89   35.45
 173211.181   195.992   -60.99   36.60
 173586.059   172.311   -63.16   34.34
 173960.923   148.325   -63.98   18.43
 174335.771   138.711   -25.64   14.47
 174710.604   129.711   -24.01   13.84
 175085.423   124.859   -12.94   13.70
 175460.226   118.544   -16.85   14.21
 175835.015   109.330   -24.58   15.76
 176209.788   101.301   -21.42   14.69
 176584.547    97.616    -9.83   13.98
 176959.291    97.720     0.28   17.78
 177334.019   100.487     7.38   19.53
 177708.733   100.952     1.24   18.33
 178083.432   100.116    -2.23   16.60
 178458.116    94.592   -14.74   16.23
 178832.785    87.116   -19.95   13.70
 179207.439    80.348   -18.06   11.23
 179582.078    75.854   -11.99    7.95
 179956.702    73.325    -6.75    5.30
 180331.312    73.092    -0.62    4.74
 180705.906    72.604    -1.30    5.08
 181080.486    74.830     5.94    8.40
 181455.051    81.116    16.78   14.21
 181829.600    90.775    25.78   15.42
 182204.135    96.044    14.07   10.95
 182578.655    92.799    -8.66   14.72
 182953.160    84.642   -21.78   15.56
 183327.651    82.278    -6.31   13.44
 183702.126    85.767     9.32   15.39
 184076.586    94.592    23.56   13.22
 184451.032    98.449    10.30    8.35
 184825.463    94.418   -10.77   11.08
 185199.879    85.425   -24.01   12.05
 185574.280    77.618   -20.85   12.18
 185948.666    70.569   -18.83   11.45
 186323.037    63.799   -18.08    6.29
 186697.394    64.282     1.29    6.40
 187071.736    69.521    13.99   10.46
 187446.062    73.784    11.39   10.92
 187820.374    77.092     8.84   10.31
 188194.672    78.938     4.93    9.96
 188568.954    76.766    -5.80   11.19
 188943.221    77.592     2.21   14.16
 189317.474    76.604    -2.64   14.06
 189691.712    76.274    -0.88   12.97
 190065.935    76.682     1.09   10.44
 190440.143    81.910    13.97   15.10
 190814.337    90.417    22.73   15.73
 191188.515    99.021    22.99   14.50
 191562.679   109.702    28.54   16.11
 191936.828   120.165    27.96   18.52
 192310.963   137.387    46.03   21.75
 192685.082   151.329    37.26   16.93
 193059.187   154.163     7.58   13.62
 193433.277   150.697    -9.27   14.27
 193807.352   145.187   -14.73   12.44
 194181.412   145.830     1.72   14.61
 194555.458   159.792    37.32   30.14
 194929.489   174.830    40.20   29.50
 195303.505   183.642    23.56   24.90
 195677.506   177.568   -16.24   29.35
 196051.492   161.187   -43.79   26.50
 196425.464   151.592   -25.65   20.76
 196799.421   145.401   -16.55   17.75
 197173.364   138.906   -17.37   19.53
 197547.291   136.921    -5.31   19.73
 197921.204   140.067     8.41   20.11
 198295.102   143.068     8.02   17.85
 198668.985   155.743    33.90   24.40
 199042.854   179.478    63.48   41.73
 199416.708   212.854    89.26   51.80
 199793.467   243.092    80.25   43.34
 200170.266   259.116    42.52   31.96
 200547.050   250.497   -22.87   35.84
 200923.819   230.259   -53.71   38.38
 201300.573   212.116   -48.15   35.59
 201677.312   199.830   -32.61   27.78
 202054.036   210.906    29.40   34.04
 202430.745   236.592    68.17   37.38
 202807.440   261.263    65.48   36.58
 203184.119   285.544    64.45   32.98
 203560.783   307.141    57.33   25.80
 203937.433   324.232    45.37   20.52
 204314.067   334.970    28.51   18.42
 204690.687   341.735    17.96   17.55
 205067.292   346.142    11.70   15.18
 205443.881   346.211     0.18   13.45
 205820.456   338.141   -21.43   17.65
 206197.016   326.663   -30.47   20.67
 206573.561   310.848   -41.99   20.49
 206950.092   299.767   -29.42   14.97
 207326.607   301.092     3.52   18.74
 207703.107   309.433    22.15   23.27
 208079.593   316.473    18.69   21.25
 208456.063   315.604    -2.31   17.36
 208832.519   308.667   -18.42   15.50
 209208.960   301.394   -19.32   16.51
 209585.386   296.938   -11.84   18.16
 209961.797   297.378     1.17   18.85
 210338.193   299.354     5.25   15.54
 210714.575   298.401    -2.53   12.24
 211090.941   290.878   -19.99   15.57
 211467.293   280.971   -26.32   17.17
