-202208.139    29.200     0.00    1.03
-201832.184    29.079    -0.32    1.24
-201456.212    29.076    -0.01    1.29
-201080.224    28.834    -0.65    1.07
-200704.220    29.001     0.45    0.90
-200328.199    28.993    -0.02    0.92
-199952.162    28.652    -0.91    1.07
-199576.109    28.526    -0.33    0.97
-199200.040    28.402    -0.33    0.99
-198823.954    28.270    -0.35    1.04
-198447.852    28.001    -0.71    1.25
-198071.733    27.931    -0.19    1.47
-197695.598    28.094     0.43    1.47
-197319.447    28.084    -0.03    1.56
-196943.280    28.050    -0.09    1.62
-196567.096    27.652    -1.06    1.36
-196190.896    27.652     0.00    0.96
-195814.679    27.493    -0.42    0.98
-195438.446    27.164    -0.87    1.14
-195062.197    26.988    -0.47    1.29
-194685.931    26.697    -0.77    1.72
-194309.649    26.219    -1.27    1.93
-193933.351    25.931    -0.76    1.93
-193557.036    25.745    -0.49    1.82
-193180.705    25.792     0.12    1.68
-192804.358    25.970     0.47    1.51
-192427.994    26.313     0.91    1.32
-192051.614    26.515     0.54    1.26
-191675.217    26.792     0.73    1.23
-191298.804    27.106     0.84    1.23
-190922.374    27.327     0.59    1.15
-190545.928    26.962    -0.97    1.01
-190169.466    26.788    -0.46    1.31
-189792.987    27.179     1.04    1.66
-189416.492    27.792     1.63    2.71
-189039.981    28.931     3.03    3.26
-188663.453    29.415     1.28    3.39
-188286.908    29.947     1.41    3.18
-187910.347    30.682     1.95    3.20
-187533.770    31.174     1.31    2.92
-187157.176    31.978     2.13    2.84
-186780.566    31.720    -0.68    3.09
-186403.939    31.071    -1.72    2.94
-186027.296    30.450    -1.65    2.91
-185650.637    29.606    -2.24    2.54
-185273.961    29.429    -0.47    2.69
-184897.268    29.676     0.65    3.72
-184520.559    29.970     0.78    4.31
-184143.833    30.462     1.31    5.41
-183767.092    32.424     5.21    7.64
-183390.333    32.550     0.33    7.24
-183013.558    32.788     0.63    6.44
-182636.767    34.024     3.28    5.77
-182259.959    33.606    -1.11    4.58
-181883.134    31.993    -4.28    2.55
-181509.028    31.757    -0.63    2.43
-181135.449    32.015     0.69    2.49
-180761.854    31.979    -0.10    2.44
-180388.243    32.536     1.49    2.03
-180014.616    32.513    -0.06    1.65
-179640.973    32.582     0.19    1.50
-179267.313    32.243    -0.91    1.81
-178893.637    31.834    -1.09    1.79
-178519.945    31.674    -0.43    1.78
-178146.236    31.653    -0.06    1.72
-177772.512    31.606    -0.12    1.62
-177398.771    31.834     0.61    1.47
-177025.014    31.970     0.37    1.51
-176651.240    31.765    -0.55    1.27
-176277.450    31.727    -0.10    1.34
-175903.645    31.061    -1.78    2.44
-175529.822    30.462    -1.60    2.55
-175155.984    30.141    -0.86    2.44
-174782.129    30.439     0.80    2.59
-174408.258    30.507     0.18    1.98
-174034.371    30.470    -0.10    1.93
-173660.467    30.279    -0.51    2.17
-173286.547    30.443     0.44    2.95
-172912.611    30.582     0.37    2.79
-172538.659    30.722     0.37    2.62
-172164.690    30.605    -0.31    2.64
-171790.705    30.724     0.32    2.57
-171416.703    30.674    -0.13    1.79
-171042.686    30.995     0.86    1.43
-170668.652    31.187     0.51    1.30
-170294.601    30.924    -0.70    1.29
-169920.534    30.700    -0.60    1.40
-169546.451    30.811     0.30    1.45
-169172.352    31.071     0.70    1.33
-168798.236    31.272     0.54    1.30
-168424.104    31.605     0.89    1.20
-168049.956    31.303    -0.81    1.17
-167675.791    31.334     0.08    1.15
-167301.610    31.001    -0.89    1.16
-166927.413    30.947    -0.14    1.05
-166553.199    30.931    -0.04    1.10
-166178.969    31.071     0.37    1.16
-165804.722    30.955    -0.31    1.23
-165430.459    30.815    -0.37    1.07
-165056.180    30.908     0.25    1.05
-164681.884    30.674    -0.62    0.99
-164307.572    30.811     0.36    1.15
-163933.244    30.885     0.20    1.16
-163558.899    30.915     0.08    1.15
-163184.538    30.931     0.04    1.08
-162810.160    30.955     0.06    1.17
-162435.766    30.955     0.00    1.21
-162061.355    31.084     0.34    1.17
-161686.929    31.024    -0.16    1.20
-161312.485    31.096     0.19    0.97
-160938.025    30.867    -0.61    1.10
-160563.549    30.885     0.05    1.22
-160189.057    30.924     0.11    1.23
-159814.548    30.743    -0.49    1.22
-159440.022    30.788     0.12    1.06
-159065.480    30.745    -0.11    1.03
-158690.922    30.652    -0.25    0.94
-158316.347    30.652    -0.00    0.88
-157941.756    30.272    -1.01    0.82
-157567.148    30.048    -0.60    1.01
-157192.524    29.862    -0.50    0.95
-156817.883    29.722    -0.37    0.95
-156443.226    29.443    -0.74    1.03
-156068.553    29.700     0.69    1.05
-155693.863    29.676    -0.07    1.09
-155319.156    29.862     0.50    1.07
-154944.433    29.652    -0.56    1.07
-154569.693    29.558    -0.25    1.07
-154194.937    29.493    -0.17    1.09
-153820.165    29.536     0.12    1.15
-153445.376    29.510    -0.07    1.19
-153070.570    29.429    -0.22    1.04
-152695.748    29.536     0.29    1.09
-152320.910    29.653     0.31    1.00
-151946.055    29.676     0.06    1.09
-151571.183    29.582    -0.25    1.07
-151196.295    29.606     0.06    1.02
-150821.390    29.748     0.38    1.02
-150446.469    29.885     0.36    0.98
-150071.531    30.105     0.59    0.94
-149696.577    30.034    -0.19    0.86
-149321.606    30.061     0.07    0.85
-148946.619    29.970    -0.24    0.94
-148571.615    29.902    -0.18    0.87
-148196.594    30.141     0.64    0.90
-147821.557    30.024    -0.31    1.00
-147446.504    30.044     0.05    0.97
-147071.433    30.174     0.35    1.00
-146696.347    30.105    -0.18    0.97
-146321.243    30.054    -0.14    0.78
-145946.123    30.152     0.26    0.98
-145570.987    30.054    -0.26    1.03
-145195.834    30.058     0.01    1.06
-144820.664    30.327     0.72    1.23
-144445.477    30.350     0.06    1.08
-144070.275    30.280    -0.19    1.07
-143695.055    30.204    -0.20    0.98
-143319.819    30.152    -0.14    0.90
-142944.566    30.141    -0.03    0.95
-142569.297    30.153     0.03    0.97
-142194.011    30.257     0.28    0.93
-141818.708    30.224    -0.09    1.11
-141443.389    30.152    -0.19    1.05
-141068.053    29.979    -0.46    1.17
-140692.700    30.015     0.10    1.15
-140317.331    29.772    -0.65    0.98
-139941.945    29.862     0.24    0.92
-139566.543    29.947     0.23    0.86
-139191.123    29.779    -0.45    0.80
-138815.688    29.924     0.39    1.05
-138440.235    29.879    -0.12    1.06
-138064.766    29.891     0.03    1.08
-137689.280    29.792    -0.26    1.11
-137313.777    29.722    -0.19    1.02
-136938.258    29.788     0.18    1.08
-136562.722    29.507    -0.75    1.08
-136187.170    29.402    -0.28    0.91
-135811.600    29.288    -0.30    0.99
-135436.014    29.106    -0.48    0.85
-135060.412    29.094    -0.03    0.88
-134684.792    29.029    -0.17    0.93
-134309.156    29.106     0.21    0.95
-133933.503    29.270     0.44    1.09
-133557.834    29.094    -0.47    1.16
-133182.148    29.094     0.00    1.03
-132806.445    29.117     0.06    0.91
-132430.725    29.015    -0.27    0.95
-132054.988    28.879    -0.36    1.03
-131679.235    28.606    -0.73    1.11
-131303.465    28.727     0.32    1.14
-130927.679    28.788     0.16    1.14
-130551.875    28.745    -0.11    1.31
-130176.055    28.891     0.39    1.23
-129800.218    28.515    -1.00    1.26
-129424.364    28.424    -0.24    1.24
-129048.494    28.493     0.18    1.17
-128672.606    28.048    -1.18    1.28
-128296.702    27.908    -0.37    1.24
-127920.782    27.924     0.04    1.23
-127544.844    28.104     0.48    1.32
-127168.889    28.311     0.55    1.29
-126792.918    28.409     0.26    1.27
-126416.930    28.319    -0.24    1.22
-126040.925    28.303    -0.04    1.19
-125664.904    28.034    -0.72    1.23
-125288.865    28.015    -0.05    1.17
-124912.810    28.254     0.63    1.13
-124536.738    28.197    -0.15    1.07
-124160.649    28.224     0.07    0.96
-123784.543    28.038    -0.49    1.00
-123408.421    27.978    -0.16    1.13
-123032.282    27.604    -0.99    1.05
-122656.125    27.674     0.19    1.22
-122279.952    27.529    -0.39    1.45
-121903.762    27.200    -0.87    1.45
-121527.556    26.769    -1.15    1.42
-121151.332    26.391    -1.00    1.14
-120775.092    26.311    -0.21    1.18
-120398.834    26.312     0.00    1.19
-120022.560    26.493     0.48    1.21
-119646.269    27.010     1.37    1.29
-119269.961    27.379     0.98    1.26
-118893.636    27.367    -0.03    1.23
-118517.294    27.279    -0.23    1.17
-118140.936    27.334     0.14    1.15
-117764.560    27.229    -0.28    1.24
-117388.168    27.415     0.49    1.07
-117011.758    27.443     0.08    1.22
-116635.332    27.367    -0.20    1.17
-116258.889    27.493     0.33    1.13
-115882.429    27.751     0.69    1.14
-115505.952    27.745    -0.02    1.26
-115129.458    27.724    -0.06    1.30
-114752.947    27.538    -0.49    1.29
-114376.420    27.796     0.68    1.15
-113999.875    27.804     0.02    1.08
-113623.313    27.924     0.32    1.05
-113246.735    27.772    -0.41    0.98
-112870.139    27.819     0.13    0.94
-112493.527    27.559    -0.69    1.12
-112116.897    27.722     0.43    1.17
-111740.251    27.699    -0.06    1.10
-111363.588    27.939     0.64    1.14
-110986.907    28.001     0.17    1.05
-110610.210    27.843    -0.42    0.98
-110233.496    27.674    -0.45    1.03
-109856.764    27.792     0.31    1.15
-109480.016    27.939     0.39    1.26
-109103.251    27.674    -0.70    1.22
-108726.469    27.584    -0.24    1.20
-108349.670    27.071    -1.36    1.16
-107972.853    27.071     0.00    1.12
-107596.020    27.224     0.41    1.08
-107219.170    27.424     0.53    1.11
-106843.299    27.676     0.67    0.92
-106469.787    27.743     0.18    1.10
-106096.259    27.699    -0.12    1.16
-105722.714    27.288    -1.10    1.16
-105349.152    26.947    -0.91    0.98
-104975.573    26.843    -0.28    0.98
-104601.978    26.720    -0.33    1.05
-104228.366    26.606    -0.31    1.03
-103854.738    26.582    -0.06    1.07
-103481.092    26.534    -0.13    1.23
-103107.430    26.561     0.07    1.19
-102733.751    26.470    -0.24    1.12
-102360.056    26.336    -0.36    0.98
-101986.343    26.629     0.78    1.12
-101612.614    26.629     0.00    1.16
-101238.869    26.652     0.06    1.14
-100865.106    26.677     0.07    1.10
-100491.327    26.424    -0.67    1.13
-100117.530    26.415    -0.03    1.24
 -99743.718    26.629     0.57    1.40
 -99369.888    26.788     0.43    1.45
 -98996.041    26.911     0.33    1.30
 -98622.178    26.891    -0.05    1.19
 -98248.298    26.955     0.17    1.08
 -97874.401    26.955     0.00    1.15
 -97500.488    26.947    -0.02    1.14
 -97126.557    27.054     0.29    1.13
 -96752.610    27.015    -0.10    1.10
 -96378.646    26.911    -0.28    0.92
 -96004.665    26.815    -0.26    0.85
 -95630.668    26.815     0.00    1.10
 -95256.653    26.885     0.19    1.29
 -94882.622    26.993     0.29    1.31
 -94508.574    26.879    -0.30    1.24
 -94134.509    26.924     0.12    1.07
 -93760.427    26.729    -0.52    0.93
 -93386.328    26.765     0.10    0.98
 -93012.213    26.493    -0.73    0.98
 -92638.081    26.606     0.30    1.14
 -92263.931    26.697     0.24    1.17
 -91889.765    26.892     0.52    1.13
 -91515.583    26.788    -0.28    1.08
 -91141.383    26.748    -0.11    1.21
 -90767.166    26.629    -0.32    1.19
 -90392.933    26.493    -0.36    1.23
 -90018.682    26.581     0.24    1.17
 -89644.415    26.493    -0.24    1.11
 -89270.131    26.418    -0.20    1.12
 -88895.830    26.311    -0.29    1.33
 -88521.512    26.210    -0.27    1.33
 -88147.177    26.197    -0.04    1.23
 -87772.825    25.924    -0.73    1.44
 -87398.457    25.873    -0.14    1.46
 -87024.071    25.629    -0.65    1.63
 -86649.669    25.680     0.14    1.43
 -86275.249    25.311    -0.99    1.27
 -85900.813    25.334     0.06    1.42
 -85526.360    25.373     0.11    1.35
 -85151.889    25.038    -0.89    1.19
 -84777.402    25.091     0.14    1.27
 -84402.898    24.743    -0.93    1.19
 -84028.377    24.679    -0.17    1.22
 -83653.839    24.584    -0.25    1.06
 -83279.284    24.243    -0.91    1.08
 -82904.712    24.141    -0.27    0.98
 -82530.124    24.243     0.27    1.08
 -82155.518    24.655     1.10    1.33
 -81780.895    25.788     3.02    1.82
 -81406.255    27.343     4.15    2.40
 -81031.599    29.197     4.95    2.80
 -80656.925    31.243     5.46    2.94
 -80282.234    34.303     8.17    5.02
 -79907.526    39.470    13.79    9.48
 -79532.802    46.050    17.56   11.99
 -79158.060    51.174    13.67   10.69
 -78783.301    51.676     1.34    9.28
 -78408.526    47.243   -11.83   10.21
 -78033.733    39.515   -20.62    8.30
 -77658.923    33.754   -15.37    4.46
 -77284.097    30.606    -8.40    3.40
 -76909.253    28.680    -5.14    2.09
 -76534.392    27.743    -2.50    1.77
 -76159.514    27.071    -1.79    1.74
 -75784.619    26.993    -0.21    2.20
 -75409.707    27.061     0.18    2.26
 -75034.779    27.347     0.76    2.88
 -74659.833    27.788     1.18    2.79
 -74284.869    28.019     0.62    2.74
 -73909.889    28.129     0.29    2.64
 -73534.892    27.838    -0.78    2.52
 -73159.878    28.106     0.71    2.91
 -72784.847    27.970    -0.36    3.30
 -72409.798    28.234     0.70    3.33
 -72034.733    27.924    -0.83    2.82
 -71659.650    26.606    -3.52    2.29
 -71284.551    25.584    -2.72    2.26
 -70909.434    24.273    -3.49    2.39
 -70534.300    23.068    -3.21    1.99
 -70159.149    22.061    -2.68    1.50
 -69783.981    21.392    -1.78    1.24
 -69408.796    20.947    -1.19    1.22
 -69033.594    20.699    -0.66    1.26
 -68658.374    20.788     0.24    1.43
 -68283.138    20.908     0.32    1.47
 -67907.884    20.885    -0.06    1.19
 -67532.614    20.924     0.10    1.15
 -67157.326    21.068     0.38    1.18
 -66782.021    21.356     0.77    1.19
 -66406.698    21.676     0.85    1.13
 -66031.359    21.924     0.66    1.13
 -65656.003    22.220     0.79    0.95
 -65280.629    22.270     0.13    0.93
 -64905.238    22.379     0.29    1.04
 -64529.830    22.748     0.98    1.09
 -64154.405    23.084     0.89    1.11
 -63778.963    23.185     0.27    1.20
 -63403.504    23.153    -0.08    1.25
 -63028.027    22.856    -0.79    1.12
 -62652.533    22.682    -0.47    1.11
 -62277.022    23.402     1.92    1.61
 -61901.494    24.094     1.84    1.56
 -61525.949    24.652     1.48    1.15
 -61150.386    25.048     1.05    1.30
 -60774.806    25.501     1.21    1.42
 -60399.209    25.424    -0.20    1.44
 -60023.595    25.605     0.48    1.46
 -59647.963    25.743     0.37    1.28
 -59272.315    25.629    -0.30    1.10
 -58896.649    25.931     0.80    1.12
 -58520.966    26.402     1.25    1.05
 -58145.265    26.524     0.32    1.16
 -57769.548    26.788     0.70    1.06
 -57393.813    27.164     1.00    1.01
 -57018.061    27.424     0.69    1.09
 -56642.291    27.429     0.01    0.94
 -56266.505    27.843     1.10    1.02
 -55890.701    28.015     0.46    1.17
 -55514.880    28.129     0.30    1.25
 -55139.041    28.243     0.30    1.17
 -54763.186    28.094    -0.40    1.26
 -54387.313    28.015    -0.21    1.10
 -54011.422    28.220     0.54    0.82
 -53635.515    28.458     0.63    0.95
 -53259.590    28.561     0.27    0.82
 -52883.648    28.479    -0.22    0.95
 -52507.689    28.424    -0.15    1.00
 -52131.712    28.356    -0.18    1.00
 -51755.718    28.582     0.60    1.09
 -51379.706    28.743     0.43    1.02
 -51003.678    28.761     0.05    0.99
 -50627.632    30.447     4.48    4.70
 -50251.569    31.462     2.70    5.72
 -49875.488    32.106     1.71    6.56
 -49499.390    32.327     0.59    6.97
 -49123.275    30.117    -5.88    5.67
 -48747.142    27.606    -6.67    1.56
 -48370.992    27.014    -1.58    0.99
 -47994.825    26.584    -1.14    1.10
 -47618.640    25.856    -1.93    1.33
 -47242.438    25.164    -1.84    2.10
 -46866.218    23.940    -3.25    2.39
 -46489.982    22.329    -4.28    2.39
 -46113.727    21.652    -1.80    2.07
 -45737.456    20.800    -2.26    1.34
 -45361.167    20.811     0.03    1.62
 -44984.861    21.152     0.91    1.81
 -44608.537    21.367     0.57    1.93
 -44232.196    21.697     0.88    2.06
 -43855.837    21.754     0.15    1.70
 -43479.461    22.152     1.06    1.64
 -43103.068    22.280     0.34    1.54
 -42726.657    22.379     0.26    1.50
 -42350.229    22.447     0.18    1.47
 -41973.784    22.829     1.01    1.44
 -41597.321    23.015     0.50    1.56
 -41220.840    22.700    -0.84    1.85
 -40844.342    22.177    -1.39    1.92
 -40467.827    21.652    -1.39    1.77
 -40091.294    21.796     0.38    1.36
 -39714.744    22.902     2.94    1.98
 -39338.176    24.010     2.94    1.89
 -38961.591    25.234     3.25    1.47
 -38584.989    25.978     1.98    1.13
 -38208.369    26.311     0.88    1.25
 -37831.731    26.792     1.28    1.25
 -37455.076    27.129     0.90    1.40
 -37078.404    27.562     1.15    1.36
 -36701.714    27.908     0.92    1.10
 -36325.007    28.343     1.16    1.38
 -35948.282    27.722    -1.65    2.15
 -35571.539    26.902    -2.18    2.37
 -35194.780    26.220    -1.81    1.99
 -34818.002    26.071    -0.40    1.61
 -34441.207    26.606     1.42    1.62
 -34064.395    27.513     2.41    1.64
 -33687.565    28.362     2.25    1.78
 -33310.718    29.038     1.79    1.77
 -32933.853    30.248     3.21    1.27
 -32556.970    30.792     1.44    1.31
 -32180.070    31.280     1.30    1.48
 -31805.791    31.879     1.60    1.40
 -31432.332    32.379     1.34    1.04
 -31058.857    32.803     1.14    1.91
 -30685.365    33.311     1.36    1.93
 -30311.855    33.489     0.48    1.92
 -29938.328    33.745     0.68    1.05
 -29564.784    33.815     0.19    0.93
 -29191.223    33.606    -0.56    0.79
 -28817.644    33.402    -0.55    0.89
 -28444.048    33.029    -1.00    1.01
 -28070.435    32.561    -1.25    1.39
 -27696.805    31.677    -2.37    1.71
 -27323.158    31.265    -1.10    1.74
 -26949.493    31.061    -0.55    1.59
 -26575.811    31.220     0.43    1.99
 -26202.112    31.606     1.03    1.97
 -25828.395    31.762     0.42    1.94
 -25454.661    31.902     0.37    1.47
 -25080.910    32.058     0.42    1.19
 -24707.142    32.106     0.13    1.05
 -24333.356    32.265     0.43    0.89
 -23959.553    32.248    -0.05    0.88
 -23585.733    32.094    -0.41    1.03
 -23211.895    31.788    -0.82    1.14
 -22838.041    31.288    -1.34    1.16
 -22464.168    30.724    -1.51    1.23
 -22090.279    30.265    -1.23    1.14
 -21716.372    29.745    -1.39    1.43
 -21342.448    29.343    -1.08    1.58
 -20968.507    28.993    -0.94    1.83
 -20594.548    28.745    -0.66    1.83
 -20220.572    28.564    -0.49    1.70
 -19846.579    28.105    -1.23    1.76
 -19472.568    27.251    -2.28    2.34
 -19098.540    25.931    -3.53    2.66
 -18724.495    24.724    -3.23    2.89
 -18350.432    22.924    -4.81    3.17
 -17976.352    21.838    -2.90    3.28
 -17602.255    20.520    -3.52    3.65
 -17228.140    19.272    -3.34    3.77
 -16854.008    18.334    -2.51    4.03
 -16479.858    16.792    -4.12    3.69
 -16105.691    15.955    -2.24    3.18
 -15731.507    14.902    -2.81    3.00
 -15357.305    14.843    -0.16    3.85
 -14983.086    14.385    -1.23    4.59
 -14608.850    14.843     1.23    5.37
 -14234.596    14.141    -1.88    5.77
 -13860.325    12.224    -5.12    5.18
 -13486.036    10.061    -5.78    4.38
 -13111.730     8.561    -4.01    2.89
 -12737.407     7.849    -1.90    1.57
 -12363.066     9.652     4.82    3.25
 -11988.708    12.962     8.84    5.46
 -11614.332    16.955    10.66    5.88
 -11239.939    21.815    12.98    5.65
 -10865.528    24.561     7.33    4.86
 -10491.100    27.117     6.83    4.87
 -10116.655    28.775     4.43    4.67
  -9742.192    30.447     4.46    4.74
  -9367.711    31.838     3.71    4.24
  -8993.214    31.769    -0.19    4.23
  -8618.698    31.024    -1.99    5.39
  -8244.166    30.243    -2.09    5.53
  -7869.615    29.162    -2.88    4.24
  -7495.048    28.897    -0.71    4.41
  -7120.463    27.856    -2.78    4.70
  -6745.860    28.559     1.88    4.77
  -6371.240    29.343     2.09    4.76
  -5996.602    30.129     2.10    3.86
  -5621.947    30.334     0.55    3.90
  -5247.274    28.473    -4.96    5.08
  -4872.584    27.044    -3.82    5.51
  -4497.877    25.584    -3.90    6.52
  -4123.152    23.280    -6.15    6.58
  -3748.409    23.105    -0.47    7.23
  -3373.649    23.424     0.85    8.00
  -2998.871    23.486     0.16    8.24
  -2624.076    23.303    -0.49    7.00
  -2249.263    22.939    -0.97    5.43
  -1874.433    20.447    -6.65    5.74
  -1499.585    16.373   -10.87    6.76
  -1124.719    13.581    -7.45    7.74
   -749.837     7.697   -15.70    8.14
   -374.936     3.391   -11.49    6.26
     -0.018     0.251    -8.37    3.54
    374.918    -0.919    -3.12    1.61
    749.871     0.559     3.94    3.28
   1124.842     2.885     6.20    4.38
   1499.830     5.584     7.20    4.63
   1874.836     8.152     6.85    4.09
   2249.859     9.724     4.19    3.65
   2624.901    10.829     2.95    3.79
   2999.959    10.652    -0.47    3.81
   3375.035     9.902    -2.00    3.45
   3750.129     8.117    -4.76    3.43
   4125.241     6.496    -4.32    2.86
   4500.370     4.856    -4.37    1.61
   4875.517     4.200    -1.75    1.29
   5250.681     3.940    -0.69    1.12
   5625.863     4.024     0.22    1.18
   6001.063     4.084     0.16    1.35
   6376.280     5.396     3.50    2.95
   6751.515     7.470     5.53    4.44
   7126.767     9.879     6.42    5.43
   7502.038    12.343     6.57    6.00
   7877.325    13.629     3.43    5.62
   8252.631    16.106     6.60    5.51
   8627.954    18.470     6.30    6.11
   9003.295    22.038     9.51    6.21
   9378.653    26.420    11.67    6.20
   9754.029    28.584     5.76    6.52
  10129.423    31.536     7.86    8.26
  10504.835    33.740     5.87    9.02
  10880.264    36.350     6.95    8.36
  11255.711    37.807     3.88    7.82
  11631.175    38.674     2.31    7.90
  12006.658    38.891     0.58    7.53
  12382.158    39.164     0.73    6.66
  12757.675    39.280     0.31    5.82
  13133.211    39.379     0.26    5.13
  13508.764    39.197    -0.48    4.21
  13884.335    39.586     1.03    4.33
  14259.923    40.538     2.54    3.72
  14635.530    40.515    -0.06    2.93
  15011.154    39.584    -2.48    3.65
  15386.795    36.561    -8.05    4.62
  15762.455    33.447    -8.29    5.29
  16138.132    31.606    -4.90    5.30
  16513.827    30.811    -2.12    6.43
  16889.540    31.856     2.78    7.36
  17265.271    34.106     5.99    6.57
  17641.019    33.788    -0.85    5.57
  18016.785    30.720    -8.17    7.05
  18392.569    26.015   -12.52    8.01
  18768.370    21.210   -12.79    5.89
  19144.190    18.584    -6.99    3.74
  19520.027    18.470    -0.30    4.01
  19895.882    20.470     5.32    5.31
  20271.755    22.879     6.41    6.44
  20647.646    27.038    11.06    6.40
  21023.554    30.177     8.35    4.33
  21399.480    31.862     4.48    2.94
  21775.424    32.020     0.42    4.13
  22151.386    32.243     0.59    4.75
  22527.366    32.807     1.50    5.19
  22903.363    33.722     2.43    4.77
  23279.378    35.918     5.84    4.63
  23655.412    37.819     5.06    4.06
  24031.463    38.288     1.25    3.60
  24407.532    37.473    -2.17    4.07
  24783.618    35.141    -6.20    4.37
  25159.723    33.606    -4.08    3.65
  25535.845    33.581    -0.07    3.90
  25911.985    35.912     6.20    4.71
  26288.144    39.493     9.52    4.52
  26664.320    41.106     4.29    4.53
  27040.514    42.391     3.41    4.51
  27416.725    43.164     2.05    4.34
  27792.955    43.740     1.53    4.09
  28169.203    44.891     3.06    3.58
  28545.468    46.152     3.35    3.64
  28921.751    47.356     3.20    4.83
  29298.053    48.674     3.50    4.75
  29674.372    49.243     1.51    4.74
  30050.709    49.702     1.22    4.53
  30427.064    49.720     0.05    3.65
  30803.437    49.891     0.45    3.28
  31179.828    50.061     0.45    2.68
  31556.236    49.765    -0.78    3.71
  31932.663    49.190    -1.53    3.82
  32309.108    47.924    -3.36    3.75
  32685.570    47.654    -0.72    3.67
  33062.051    46.473    -3.14    4.96
  33438.549    44.931    -4.10    5.47
  33815.066    43.834    -2.92    5.20
  34191.600    44.955     2.98    5.14
  34568.152    46.347     3.70    5.03
  34944.723    48.379     5.40    4.10
  35321.311    49.409     2.74    2.82
  35697.917    48.606    -2.13    2.80
  36074.542    47.606    -2.66    3.03
  36451.184    46.280    -3.52    3.27
  36827.844    44.993    -3.42    2.76
  37204.522    43.471    -4.04    3.16
  37581.219    41.288    -5.80    3.90
  37957.933    38.420    -7.61    4.68
  38334.665    37.140    -3.40    4.22
  38711.416    37.007    -0.35    4.51
  39088.184    36.800    -0.55    5.62
  39464.970    36.129    -1.78    6.46
  39841.775    34.962    -3.10    6.41
  40218.597    34.129    -2.21    5.85
  40595.437    33.924    -0.54    5.87
  40972.296    34.327     1.07    6.28
  41349.172    34.496     0.45    6.36
  41726.067    32.354    -5.68    6.28
  42102.980    32.106    -0.66    5.72
  42479.910    33.239     3.00    5.83
  42856.059    35.447     5.87    6.57
  43229.445    38.652     8.58    5.23
  43602.850    40.581     5.17    4.04
  43976.272    41.902     3.54    2.92
  44349.712    41.854    -0.13    2.31
  44723.169    40.084    -4.74    3.42
  45096.644    35.897   -11.21    5.88
  45470.137    32.743    -8.45    6.00
  45843.648    30.629    -5.66    5.26
  46217.176    29.466    -3.11    5.06
  46590.722    29.970     1.35    4.24
  46964.286    29.129    -2.25    3.49
  47337.868    27.197    -5.17    2.93
  47711.467    25.214    -5.31    2.75
  48085.085    23.350    -4.99    2.23
  48458.720    22.197    -3.09    1.90
  48832.372    21.466    -1.96    1.94
  49206.043    20.993    -1.27    2.00
  49579.731    20.904    -0.24    1.77
  49953.437    20.493    -1.10    1.95
  50327.161    19.946    -1.46    1.99
  50700.903    18.862    -2.90    2.11
  51074.662    17.924    -2.51    2.08
  51448.439    17.210    -1.91    2.58
  51822.234    16.362    -2.27    3.23
  52196.047    16.179    -0.49    3.69
  52569.878    15.243    -2.50    3.65
  52943.726    13.897    -3.60    3.31
  53317.593    13.187    -1.90    2.30
  53691.477    12.515    -1.80    1.98
  54065.379    12.048    -1.25    2.55
  54439.299    11.585    -1.24    2.81
  54813.237    11.429    -0.42    2.73
  55187.192    11.015    -1.11    2.98
  55561.165    10.483    -1.42    3.00
  55935.157    10.001    -1.29    2.68
  56309.166     9.106    -2.39    2.25
  56683.193     8.280    -2.21    1.56
  57057.238     7.970    -0.83    1.36
  57431.300     8.204     0.63    1.34
  57805.381     8.470     0.71    1.12
  58179.479     8.897     1.14    1.07
  58553.596     8.629    -0.72    1.24
  58927.730     8.515    -0.30    1.74
  59301.882     9.048     1.42    2.11
  59676.052    11.311     6.05    4.70
  60050.240    14.904     9.60    6.69
  60424.446    20.152    14.02    8.15
  60798.670    26.019    15.68    6.97
  61172.911    29.515     9.34    5.69
  61547.171    32.084     6.86    5.43
  61921.448    32.939     2.28    5.76
  62295.744    33.606     1.78    6.13
  62670.057    32.361    -3.33    7.12
  63044.389    30.356    -5.36    7.06
  63418.738    28.288    -5.53    6.35
  63793.105    25.402    -7.71    6.00
  64167.490    23.515    -5.04    4.86
  64541.894    23.153    -0.97    4.02
  64916.315    23.084    -0.19    4.12
  65290.754    22.678    -1.08    3.99
  65665.211    21.606    -2.86    3.91
  66039.686    17.420   -11.18    5.92
  66414.179    14.152    -8.73    5.44
  66788.690    11.496    -7.09    3.97
  67163.219     9.986    -4.03    1.87
  67537.766    10.451     1.24    1.85
  67912.331    10.939     1.30    2.09
  68286.914    11.356     1.12    2.09
  68661.515    12.106     2.00    2.16
  69036.134    12.743     1.70    2.10
  69410.771    13.696     2.54    2.04
  69785.426    14.319     1.67    2.25
  70160.099    14.673     0.94    2.45
  70534.790    15.129     1.22    2.37
  70909.499    15.117    -0.03    2.53
  71284.226    15.015    -0.27    2.48
  71658.971    15.185     0.45    2.45
  72033.735    15.152    -0.09    2.88
  72408.516    15.439     0.77    3.07
  72783.315    15.207    -0.62    3.01
  73158.133    15.117    -0.24    2.93
  73532.968    15.447     0.88    2.64
  73907.822    16.970     4.06    3.24
  74282.693    18.585     4.31    3.39
  74657.583    20.515     5.15    3.27
  75032.491    21.724     3.22    3.16
  75407.417    21.651    -0.19    3.37
  75782.361    21.629    -0.06    3.65
  76157.323    20.947    -1.82    3.90
  76532.303    20.129    -2.18    3.26
  76907.301    20.412     0.75    2.95
  77282.318    19.993    -1.12    2.65
  77657.352    20.024     0.08    2.63
  78032.405    19.947    -0.21    2.38
  78407.476    20.106     0.42    2.07
  78782.564    20.606     1.33    2.58
  79157.671    21.811     3.21    3.55
  79532.797    22.924     2.97    4.12
  79907.940    23.356     1.15    4.01
  80283.101    24.745     3.70    4.85
  80658.281    26.918     5.79    6.24
  81033.479    29.288     6.32    6.67
  81408.695    31.470     5.82    6.54
  81783.929    33.288     4.85    6.20
  82159.181    34.447     3.09    6.04
  82534.451    35.106     1.76    5.53
  82909.740    34.924    -0.48    5.52
  83285.047    33.288    -4.36    4.56
  83660.372    32.788    -1.33    3.54
  84035.715    33.061     0.73    3.13
  84411.076    34.993     5.15    4.08
  84786.456    37.879     7.69    3.83
  85161.854    40.902     8.05    4.47
  85537.270    43.697     7.45    5.18
  85912.704    45.447     4.66    5.17
  86288.156    47.584     5.69    4.42
  86663.627    49.288     4.54    4.05
  87039.116    50.652     3.63    4.33
  87414.623    52.194     4.11    3.65
  87790.148    53.424     3.28    3.56
  88165.692    54.197     2.06    4.04
  88541.254    53.931    -0.71    4.59
  88916.834    52.697    -3.29    5.39
  89292.432    51.034    -4.43    5.28
  89668.049    50.334    -1.86    4.52
  90043.683    50.955     1.65    4.65
  90419.337    52.402     3.85    5.52
  90795.008    54.743     6.23    5.41
  91170.698    56.420     4.46    5.70
  91546.406    58.785     6.29    6.24
  91922.132    61.296     6.68    7.34
  92297.876    64.743     9.17    7.44
  92673.639    68.584    10.22    6.12
  93049.420    71.652     8.17    5.94
  93425.220    75.879    11.25    5.60
  93801.038    77.558     4.47    4.87
  94176.874    76.912    -1.72    5.75
  94552.728    74.700    -5.88    6.45
  94928.601    71.084    -9.62    5.68
  95304.492    70.210    -2.32    5.43
  95680.401    70.939     1.94    5.56
  96056.329    70.629    -0.82    6.13
  96432.275    72.204     4.19    5.95
  96808.239    71.540    -1.77    5.30
  97184.222    71.303    -0.63    4.58
  97560.223    72.334     2.74    4.95
  97936.243    75.024     7.16    5.62
  98312.281    78.988    10.54    4.55
  98688.337    82.334     8.90    4.89
  99064.411    85.800     9.22    3.66
  99440.504    87.402     4.26    3.18
  99816.616    86.029    -3.65    5.04
 100192.746    83.084    -7.83    5.77
 100568.894    78.993   -10.88    5.39
 100945.060    75.808    -8.47    4.42
 101321.245    73.743    -5.49    4.44
 101697.448    72.722    -2.71    5.23
 102073.670    70.807    -5.09    5.63
 102449.910    69.540    -3.37    5.35
 102826.169    66.978    -6.81    5.47
 103202.446    64.038    -7.81    4.95
 103578.741    60.904    -8.33    4.02
 103955.055    61.424     1.38    4.93
 104331.388    63.447     5.38    5.50
 104707.738    66.402     7.85    4.79
 105084.108    69.585     8.46    4.41
 105460.495    71.190     4.27    4.25
 105836.902    73.652     6.54    5.86
 106213.326    74.166     1.37    6.04
 106589.769    74.402     0.63    6.34
 106966.231    77.834     9.12    6.03
 107342.711    79.197     3.62    5.04
 107719.209    81.977     7.38    4.58
 108095.726    84.409     6.46    3.15
 108472.262    85.473     2.83    2.10
 108848.816    84.606    -2.30    3.02
 109225.388    83.629    -2.60    3.43
 109601.979    83.311    -0.84    3.04
 109978.589    82.815    -1.32    2.63
 110355.217    80.564    -5.98    4.86
 110731.863    78.280    -6.06    5.53
 111108.528    75.029    -8.63    5.74
 111485.212    71.743    -8.73    5.40
 111861.914    70.303    -3.82    5.42
 112238.634    69.834    -1.25    6.00
 112615.374    70.265     1.15    6.72
 112992.131    69.851    -1.10    6.11
 113368.908    67.489    -6.27    5.99
 113745.702    63.652   -10.19    6.53
 114122.516    59.229   -11.74    6.32
 114499.348    56.311    -7.74    4.94
 114876.198    55.740    -1.51    4.36
 115253.067    56.785     2.77    5.85
 115629.955    60.129     8.87    6.87
 116006.861    63.540     9.05    6.30
 116383.786    66.303     7.33    5.98
 116760.729    67.318     2.69    6.90
 117137.692    67.970     1.73    7.58
 117514.672    68.561     1.57    7.56
 117889.131    70.379     4.86    6.84
 118262.462    71.152     2.07    5.50
 118635.812    71.834     1.83    5.48
 119009.180    73.177     3.60    3.98
 119382.566    72.716    -1.23    3.06
 119755.971    71.094    -4.34    3.80
 120129.394    67.947    -8.43    4.89
 120502.835    64.607    -8.95    5.15
 120876.294    62.379    -5.97    5.27
 121249.772    59.629    -7.36    5.05
 121623.267    56.700    -7.84    5.75
 121996.781    51.107   -14.98    8.22
 122370.314    47.280   -10.25    7.41
 122743.864    45.288    -5.33    6.76
 123117.433    44.499    -2.11    6.48
 123491.021    46.559     5.52    6.19
 123864.626    49.356     7.49    5.71
 124238.250    52.129     7.42    5.91
 124611.892    55.868    10.01    5.24
 124985.553    58.272     6.43    3.69
 125359.231    58.311     0.10    4.70
 125732.928    56.185    -5.69    6.11
 126106.644    53.061    -8.36    6.29
 126480.377    49.902    -8.45    6.14
 126854.129    46.700    -8.57    5.71
 127227.900    44.251    -6.55    5.91
 127601.689    41.986    -6.06    5.31
 127975.496    39.318    -7.14    6.06
 128349.321    37.470    -4.94    6.30
 128723.165    35.007    -6.59    5.57
 129097.027    32.466    -6.80    4.95
 129470.907    30.105    -6.32    5.68
 129844.806    25.696   -11.79    6.34
 130218.723    22.677    -8.08    5.55
 130592.659    19.607    -8.21    5.37
 130966.613    17.674    -5.17    4.96
 131340.585    16.720    -2.55    5.69
 131714.576    19.106     6.38    9.86
 132088.585    23.224    11.01   12.48
 132462.613    24.765     4.12   11.74
 132836.659    26.653     5.05    9.43
 133210.723    24.918    -4.64    9.31
 133584.806    20.561   -11.65   11.29
 133958.907    15.584   -13.31   13.28
 134333.027     7.084   -22.72    8.79
 134707.165     2.873   -11.26    3.49
 135081.321     1.856    -2.72    2.34
 135455.496     2.312     1.22    2.77
 135829.689     3.873     4.17    4.09
 136203.901     7.447     9.55    5.76
 136578.132    12.674    13.97    7.30
 136952.380    18.470    15.49    7.00
 137326.647    21.239     7.40    5.92
 137700.933    22.129     2.38    5.56
 138075.237    20.854    -3.41    6.04
 138449.560    16.940   -10.46    5.51
 138823.901    12.902   -10.79    5.85
 139198.260     8.924   -10.63    5.90
 139572.638     4.811   -10.99    5.78
 139947.035     3.141    -4.46    4.56
 140321.450     4.243     2.94    5.13
 140695.883     7.970     9.96    6.85
 141070.335    11.785    10.19    5.61
 141444.806    14.493     7.23    2.93
 141819.295    14.129    -0.97    3.01
 142193.803    11.673    -6.56    4.63
 142568.329     9.166    -6.70    4.30
 142942.873     8.220    -2.53    3.24
 143317.436     8.409     0.51    3.27
 143692.018    11.096     7.17    4.38
 144066.618    14.538     9.19    4.86
 144441.237    17.061     6.73    4.12
 144815.874    18.318     3.36    4.17
 145190.530    18.239    -0.21    4.74
 145565.205    18.879     1.71    4.73
 145939.898    20.361     3.95    5.44
 146314.609    22.811     6.54    5.85
 146689.339    25.788     7.95    5.33
 147064.088    25.559    -0.61    6.00
 147438.856    24.140    -3.79    6.67
 147813.641    22.479    -4.43    6.53
 148188.446    23.311     2.22    6.74
 148563.269    24.779     3.92    5.97
 148938.111    23.811    -2.58    6.15
 149312.971    22.879    -2.49    5.25
 149687.850    22.489    -1.04    4.23
 150062.748    23.229     1.97    4.43
 150437.664    23.979     2.00    3.68
 150812.599    25.129     3.07    4.04
 151187.552    25.754     1.67    4.22
 151562.524    27.765     5.36    5.68
 151937.515    29.902     5.70    6.40
 152312.524    32.606     7.21    6.81
 152687.552    34.455     4.93    5.63
 153062.599    35.409     2.55    4.70
 153437.664    34.174    -3.29    3.69
 153812.748    33.129    -2.79    3.28
 154187.851    32.986    -0.38    3.13
 154562.972    33.606     1.65    3.11
 154938.112    35.162     4.15    3.69
 155313.271    37.890     7.27    5.50
 155688.448    40.534     7.05    5.71
 156063.644    42.096     4.16    5.12
 156438.859    43.584     3.97    3.94
 156814.092    45.584     5.33    4.20
 157189.344    48.762     8.47    6.49
 157564.615    54.288    14.73    7.42
 157939.905    56.781     6.64    7.21
 158315.213    58.200     3.78    7.77
 158690.540    56.029    -5.79    8.32
 159065.886    53.970    -5.49    7.37
 159441.251    54.538     1.51    7.98
 159816.634    56.362     4.86    6.80
 160192.036    57.038     1.80    6.23
 160567.457    54.896    -5.71    5.82
 160942.896    53.538    -3.62    4.89
 161318.354    52.940    -1.59    5.10
 161693.831    54.584     4.38    5.29
 162069.327    56.229     4.38    4.22
 162444.842    56.902     1.79    3.72
 162820.375    56.470    -1.15    4.66
 163195.927    55.674    -2.12    4.79
 163571.498    53.970    -4.54    4.81
 163947.088    52.493    -3.93    4.01
 164322.696    51.740    -2.00    3.45
 164698.323    51.856     0.31    3.77
 165073.969    51.243    -1.63    4.49
 165449.634    51.977     1.95    4.30
 165825.318    53.051     2.86    4.44
 166201.021    54.902     4.93    5.02
 166576.742    57.071     5.77    6.44
 166952.482    56.807    -0.70    6.40
 167328.241    54.177    -7.00    7.31
 167704.019    51.229    -7.85    6.04
 168079.816    51.007    -0.59    4.52
 168455.631    53.696     7.16    5.56
 168831.466    57.257     9.48    4.46
 169207.319    58.415     3.08    3.61
 169583.191    56.651    -4.69    4.62
 169959.082    53.775    -7.65    4.76
 170334.992    50.303    -9.24    4.82
 170710.920    48.493    -4.82    4.11
 171086.868    46.856    -4.35    3.82
 171462.835    45.061    -4.78    4.51
 171838.820    42.995    -5.50    4.31
 172214.824    41.197    -4.78    3.95
 172590.847    40.724    -1.26    3.01
 172966.889    43.229     6.66    4.41
 173342.950    46.696     9.22    5.50
 173719.030    51.257    12.13    5.82
 174095.129    55.652    11.69    5.37
 174471.247    57.354     4.53    4.19
 174847.384    56.356    -2.65    4.49
 175223.539    53.838    -6.70    6.16
 175599.714    50.607    -8.59    6.78
 175975.907    49.273    -3.54    6.86
 176352.120    45.962    -8.80    4.39
 176728.351    44.811    -3.06    4.76
 177104.601    43.678    -3.01    5.48
 177480.871    41.197    -6.59    5.64
 177857.159    38.015    -8.46    5.80
 178233.466    35.811    -5.86    5.10
 178609.793    32.765    -8.09    4.77
 178986.138    30.019    -7.30    3.32
 179362.502    29.402    -1.64    2.19
 179738.885    29.303    -0.26    1.74
 180115.287    29.796     1.31    2.07
 180491.709    31.288     3.97    2.74
 180868.149    33.407     5.63    3.96
 181244.608    37.042     9.66    5.27
 181621.086    40.507     9.21    4.83
 181997.583    41.896     3.69    3.73
 182374.100    41.265    -1.67    4.63
 182750.635    38.674    -6.88    5.35
 183127.189    36.229    -6.50    4.06
 183503.763    35.879    -0.93    3.60
 183880.355    37.162     3.41    3.83
 184256.966    41.152    10.59    5.96
 184633.597    44.873     9.88    6.08
 185010.246    48.106     8.58    5.28
 185386.915    49.940     4.87    4.81
 185763.603    50.243     0.80    4.63
 186140.310    47.584    -7.06    6.19
 186517.035    44.038    -9.41    6.91
 186893.780    39.515   -12.01    7.09
 187270.544    35.970    -9.41    5.77
 187647.327    32.879    -8.20    4.38
 188024.130    30.391    -6.60    3.98
 188400.951    27.629    -7.33    4.29
 188777.791    25.107    -6.69    4.03
 189154.651    22.273    -7.52    3.86
 189531.529    19.515    -7.32    3.84
 189908.427    17.343    -5.76    3.62
 190285.344    16.296    -2.78    3.29
 190662.280    16.391     0.25    3.67
 191039.235    18.096     4.52    5.22
 191416.210    19.334     3.28    5.10
 191793.203    19.470     0.36    4.32
 192170.216    18.584    -2.35    3.84
 192546.659    17.279    -3.47    3.68
 192919.923    14.652    -7.04    4.31
 193293.206    12.296    -6.31    3.64
 193666.507    10.518    -4.76    2.76
 194039.827    10.273    -0.65    2.48
 194413.166    10.947     1.80    3.37
 194786.524    11.379     1.16    3.78
 195159.900    12.336     2.56    4.08
 195533.296    13.788     3.89    4.71
 195906.710    16.153     6.33    5.99
 196280.143    19.340     8.54    6.41
 196653.594    21.673     6.25    5.60
 197027.065    22.879     3.23    6.11
 197400.554    25.673     7.48    5.79
 197774.062    28.507     7.59    6.08
 198147.589    31.743     8.66    6.69
 198521.135    33.800     5.51    5.59
 198894.699    33.696    -0.28    6.10
 199268.283    31.243    -6.57    6.10
 199641.885    28.334    -7.79    6.25
 200015.506    25.362    -7.95    7.33
 200389.146    20.946   -11.82    5.38
 200762.805    17.629    -8.88    3.98
 201136.482    15.263    -6.33    3.85
 201510.179    13.129    -5.71    4.65
 201883.894    10.243    -7.72    5.83
 202257.628     7.807    -6.52    6.08
 202631.382     4.896    -7.79    4.84
 203005.154     4.034    -2.31    4.53
 203378.944     2.561    -3.94    4.62
 203752.754     1.849    -1.91    4.87
 204126.583     1.402    -1.20    4.60
 204500.430    -0.076    -3.95    3.81
 204874.297    -0.280    -0.55    3.00
 205248.182     0.407     1.84    3.40
 205622.086     0.677     0.72    3.21
 205996.010     1.220     1.45    3.57
 206369.952     1.929     1.90    4.47
 206743.913     4.720     7.46    5.58
 207117.893     7.496     7.42    5.15
 207491.892     8.743     3.33    4.27
 207865.909     7.765    -2.61    4.36
 208239.946     6.931    -2.23    3.73
 208614.002     7.738     2.16    4.20
 208988.077    10.068     6.23    5.42
 209362.170    12.674     6.97    6.19
 209736.283    14.896     5.94    5.32
 210110.414    16.908     5.38    5.17
 210484.565    18.873     5.25    4.94
 210858.734    18.940     0.18    6.04
 211232.923    18.194    -1.99    6.50
 211607.131    16.531    -4.44    5.55
 211981.357    15.762    -2.06    5.68
 212355.603    15.402    -0.96    9.91
 212729.867    14.652    -2.00   12.12
 213104.151    11.718    -7.84   12.17
 213478.453     8.368    -8.95    9.18
 213852.775     6.672    -4.53    3.03
 214227.115     8.748     5.55    4.30
 214601.475    10.985     5.98    6.52
 214975.853    14.743    10.04    9.19
 215350.251    17.493     7.35    9.47
 215724.668    19.207     4.58    9.25
 216099.103    22.064     7.63    8.21
 216473.558    23.652     4.24    7.49
 216848.032    25.402     4.67    5.89
 217222.525    26.429     2.74    5.80
 217597.037    29.152     7.27    5.05
 217971.568    32.084     7.83    7.72
 218346.118    34.851     7.39    7.79
 218720.687    37.273     6.47    7.64
 219095.276    40.086     7.51    7.59
 219469.883    40.851     2.04    6.52
 219844.510    43.562     7.24    6.79
 220219.155    45.379     4.85    7.80
 220593.820    45.652     0.73    7.77
 220968.504    47.107     3.89    7.84
 221343.206    48.902     4.79    7.88
 221717.928    49.629     1.94    8.12
 222092.670    47.716    -5.11    9.25
 222467.430    42.740   -13.28   10.06
 222842.209    37.515   -13.94    7.64
 223217.008    34.885    -7.02    7.34
 223591.825    33.273    -4.30    7.40
 223966.662    35.581     6.16    9.17
 224341.518    37.607     5.40    9.10
 224716.393    39.933     6.21    8.49
 225091.288    41.940     5.35    8.89
 225466.201    42.220     0.75    9.73
 225841.134    41.257    -2.57    8.53
 226216.086    36.273   -13.29    8.94
 226591.057    30.605   -15.12   10.92
 226966.047    24.738   -15.65   10.10
 227341.056    20.584   -11.08    5.10
 227716.085    22.362     4.74    6.81
 228091.132    28.584    16.59    8.49
 228466.199    33.415    12.88    9.72
 228841.286    35.834     6.45    8.55
 229216.391    35.361    -1.26   10.73
 229591.516    30.473   -13.03   14.58
 229966.659    20.743   -25.94   12.67
 230341.822    15.515   -13.94    9.17
 230717.005    13.451    -5.50    5.93
 231092.206    13.843     1.05    6.05
 231467.427    16.993     8.40    7.08
 231842.667    18.751     4.69    6.40
 232217.926    17.318    -3.82    5.92
 232593.205    15.334    -5.29    6.54
 232968.503    13.379    -5.21    5.32
 233343.820    13.429     0.13    4.72
 233719.156    15.751     6.19    5.98
 234094.512    18.856     8.27    7.10
 234469.887    19.700     2.25    7.98
 234845.281    17.207    -6.64    8.71
 235220.694    13.879    -8.87    7.29
 235596.127    11.834    -5.45    4.42
 235971.579    13.451     4.31    5.53
 236347.051    17.629    11.13    7.15
 236722.541    22.334    12.53    8.42
 237098.051    28.129    15.44    9.42
 237473.581    30.415     6.09    9.18
 237849.129    30.540     0.33    8.17
 238224.697    30.162    -1.01    6.71
 238600.285    30.868     1.88    6.58
 238975.891    31.772     2.41    6.50
 239351.518    34.496     7.25    6.98
 239727.163    36.084     4.23    7.60
 240102.828    36.356     0.73    7.28
 240478.512    36.629     0.73    6.16
 240854.215    37.651     2.72    5.87
 241229.938    39.999     6.25    6.98
 241605.680    43.470     9.24    7.13
 241981.442    46.140     7.11    6.71
 242357.223    50.061    10.44    6.90
 242733.023    51.197     3.02    6.28
 243108.843    51.229     0.08    6.51
 243484.682    48.947    -6.07    8.01
 243860.541    42.896   -16.10    6.17
 244236.419    40.051    -7.57    4.93
 244612.316    38.652    -3.72    5.47
 244988.233    36.718    -5.15    6.64
 245364.169    36.334    -1.02    6.80
 245740.125    34.064    -6.04    6.88
 246116.100    34.811     1.99    6.56
 246492.094    36.473     4.42    6.67
 246868.108    37.433     2.55    7.54
 247244.142    39.334     5.05    7.65
 247620.195    40.962     4.33    8.57
 247996.267    40.319    -1.71    7.36
 248372.359    41.216     2.38    7.22
 248748.470    42.334     2.97    6.79
 249124.601    40.985    -3.59    7.05
 249500.751    37.470    -9.35    8.23
 249876.921    33.562   -10.39    9.14
 250253.110    28.947   -12.27    9.16
 250629.319    24.429   -12.01    6.44
 251005.547    23.540    -2.36    6.85
 251381.795    21.838    -4.52    5.61
 251758.062    21.073    -2.03    4.74
 252134.349    21.473     1.06    4.48
 252510.655    22.915     3.83    4.17
 252886.981    25.924     8.00    5.20
 253263.326    29.891    10.54    6.31
 253639.691    33.727    10.19    6.65
 254016.075    36.736     8.00    5.46
