-236014.321   315.019     0.00    5.20
-235639.174   311.712    -8.82    7.10
-235264.045   305.198   -17.37    9.42
-234888.935   298.371   -18.21   10.43
-234513.843   291.176   -19.19   12.12
-234138.771   286.342   -12.89   11.95
-233763.716   283.531    -7.50   15.64
-233388.680   283.798     0.71   16.34
-233013.663   281.812    -5.30   17.13
-232638.664   279.698    -5.64   15.88
-232263.684   270.834   -23.65   18.30
-231888.723   263.062   -20.73   19.24
-231513.779   258.033   -13.42   19.41
-231138.855   253.776   -11.36   18.73
-230763.949   250.554    -8.60   20.40
-230389.061   246.106   -11.87   19.76
-230014.192   243.426    -7.15   21.37
-229639.342   241.051    -6.34   19.86
-229264.510   239.948    -2.94   20.15
-228889.696   237.059    -7.71   21.37
-228514.901   235.442    -4.32   23.28
-228140.124   230.931   -12.04   23.03
-227765.366   230.501    -1.15   21.19
-227390.627   228.130    -6.33   18.05
-227015.905   228.001    -0.35   17.53
-226641.203   231.108     8.29   20.73
-226266.519   229.594    -4.04   21.64
-225891.853   223.931   -15.12   21.35
-225517.205   221.153    -7.42   20.38
-225142.577   223.339     5.84   18.01
-224767.966   230.880    20.14   19.28
-224393.374   241.201    27.56   15.82
-224018.801   250.585    25.06   10.81
-223644.245   256.571    15.99    7.90
-223269.709   257.903     3.56    6.24
-222895.190   257.698    -0.55    4.90
-222520.691   254.938    -7.37    5.72
-222146.209   249.426   -14.72    7.92
-221771.746   243.127   -16.82    8.73
-221397.301   237.562   -14.86   10.44
-221022.875   232.471   -13.60   10.46
-220648.467   228.653   -10.20   13.72
-220274.078   222.954   -15.23   17.41
-219899.707   218.533   -11.81   17.68
-219525.354   211.002   -20.12   15.36
-219151.020   205.723   -14.10   13.78
-218776.704   208.562     7.59   15.22
-218402.406   212.222     9.78   17.91
-218028.127   218.039    15.55   18.36
-217653.866   220.420     6.36   16.22
-217279.624   215.734   -12.52   16.60
-216905.399   213.154    -6.90   15.19
-216531.194   214.057     2.41   13.84
-216157.006   220.331    16.77   12.28
-215782.837   226.036    15.25    6.22
-215408.686   225.630    -1.09    6.84
-215034.553   221.994    -9.72    8.43
-214660.439   216.744   -14.04    8.85
-214286.343   211.306   -14.54    9.34
-213912.266   203.842   -19.96   11.20
-213538.207   197.931   -15.81   12.25
-213164.166   191.789   -16.42   10.69
-212790.143   191.198    -1.58    8.83
-212416.139   191.062    -0.36    8.56
-212042.152   193.312     6.02    9.37
-211668.185   195.328     5.39    8.35
-211294.235   198.033     7.23    8.62
-210920.304   201.039     8.04    7.28
-210546.391   202.767     4.62    6.34
-210172.496   204.767     5.35    4.55
-209798.620   206.039     3.40    3.11
-209424.762   206.129     0.24    2.25
-209050.922   205.111    -2.73    2.49
-208677.100   203.176    -5.18    3.10
-208303.296   201.676    -4.01    2.75
-207929.511   199.994    -4.50    2.37
-207555.744   199.448    -1.46    2.21
-207181.995   200.398     2.54    3.97
-206808.265   202.154     4.70    6.39
-206434.553   207.358    13.93   10.80
-206060.858   211.033     9.84    9.93
-205687.183   210.153    -2.36   10.21
-205313.525   204.903   -14.05   10.28
-204939.885   199.130   -15.45    7.34
-204566.264   196.398    -7.31    5.69
-204192.661   196.576     0.48    6.54
-203819.076   199.198     7.02    7.55
-203445.509   201.525     6.23    6.97
-203071.961   204.698     8.50    6.46
-202698.430   209.744    13.51   10.31
-202324.918   213.085     8.95   11.27
-201951.424   218.744    15.15   12.74
-201577.948   222.284     9.48   11.76
-201204.490   221.608    -1.81   10.90
-200831.051   218.295    -8.87   11.42
-200457.629   210.335   -21.32   12.75
-200084.226   202.339   -21.42    9.19
-199707.945   196.426   -15.72    6.86
-199330.905   193.335    -8.20    5.68
-198953.883   190.539    -7.42    4.25
-198576.880   190.903     0.96    6.94
-198199.895   197.539    17.61   14.22
-197822.928   207.426    26.23   18.33
-197445.981   214.994    20.08   16.82
-197069.051   219.403    11.70   13.45
-196692.140   217.698    -4.52   14.30
-196315.248   213.403   -11.40   15.25
-195938.374   204.539   -23.52   14.99
-195561.519   197.494   -18.70   11.65
-195184.682   191.630   -15.56   11.34
-194807.863   185.403   -16.53    8.55
-194431.063   183.485    -5.09    8.12
-194054.282   187.676    11.12   12.55
-193677.518   197.611    26.37   15.97
-193300.774   202.062    11.82   12.78
-192924.047   203.926     4.95   10.94
-192547.340   201.152    -7.36   12.18
-192170.650   193.865   -19.35   11.56
-191793.979   192.533    -3.54   12.83
-191417.327   193.517     2.61   15.30
-191040.692   194.017     1.33   15.37
-190664.077   196.478     6.54   13.41
-190287.479   197.448     2.58    9.64
-189910.900   200.901     9.17    9.74
-189534.340   206.531    14.96   10.41
-189157.798   210.571    10.73   12.72
-188781.274   211.221     1.73   14.00
-188404.768   212.013     2.10   12.88
-188028.281   213.637     4.32   10.69
-187651.813   217.608    10.55   10.21
-187275.362   220.826     8.55    9.02
-186898.931   217.903    -7.77    9.32
-186522.517   211.971   -15.76    9.09
-186146.122   205.676   -16.73    8.04
-185769.745   201.653   -10.69    6.37
-185393.386   197.483   -11.08    5.53
-185017.046   195.471    -5.35    5.34
-184640.724   197.104     4.34    7.61
-184264.421   201.665    12.12    9.92
-183888.136   206.154    11.93    9.72
-183511.869   208.222     5.50    9.87
-183135.620   204.698    -9.37   12.90
-182759.390   197.992   -17.83   13.08
-182383.178   191.858   -16.31   12.58
-182006.984   186.312   -14.74    9.44
-181630.809   184.448    -4.95    9.97
-181254.652   181.487    -7.87    8.66
-180878.513   178.628    -7.60    6.85
-180502.393   177.062    -4.16    7.48
-180126.291   174.076    -7.94    7.42
-179750.207   174.358     0.75    7.38
-179374.141   178.880    12.03   10.59
-178998.094   185.380    17.29   13.44
-178622.065   197.309    31.73   13.88
-178246.054   205.026    20.53    9.91
-177870.061   205.108     0.22   10.34
-177494.087   201.664    -9.16   12.65
-177118.131   196.223   -14.47   12.72
-176742.193   192.403   -10.16   15.15
-176366.273   192.687     0.76   18.17
-175990.372   198.502    15.47   20.81
-175614.489   204.509    15.98   20.89
-175238.624   212.620    21.58   18.17
-174862.777   217.501    12.99   13.39
-174486.948   216.198    -3.47   11.12
-174111.138   214.176    -5.38   11.78
-173735.346   210.914    -8.68   12.07
-173359.572   212.915     5.33   12.21
-172983.816   215.478     6.82   11.24
-172608.079   216.130     1.74   10.64
-172232.360   213.176    -7.86   14.30
-171856.658   207.437   -15.28   16.03
-171480.975   202.153   -14.07   16.58
-171105.311   199.628    -6.72   16.64
-170729.664   198.744    -2.35   14.35
-170354.035   197.269    -3.93   11.98
-169978.425   193.994    -8.72   11.72
-169602.833   187.358   -17.67   12.50
-169227.259   180.502   -18.26   10.22
-168851.703   176.267   -11.28    9.01
-168476.165   173.108    -8.41    7.60
-168100.646   169.562    -9.44    8.42
-167725.144   167.153    -6.42    9.10
-167349.661   163.176   -10.59    8.73
-166974.195   158.267   -13.08    8.18
-166598.748   155.608    -7.08    8.26
-166223.319   153.494    -5.63    7.31
-165847.908   151.948    -4.12    6.52
-165472.516   150.198    -4.66    6.38
-165097.141   147.676    -6.72    6.25
-164721.784   145.835    -4.91    5.95
-164346.446   145.153    -1.82    5.85
-163971.125   143.926    -3.27    5.77
-163595.823   143.017    -2.42    5.47
-163220.539   140.767    -6.00    6.06
-162845.273   137.039    -9.93    5.95
-162470.024   132.087   -13.20    5.17
-162094.794   128.269   -10.18    4.55
-161719.582   123.676   -12.24    5.50
-161344.388   119.835   -10.24    5.19
-160969.212   116.358    -9.27    5.16
-160594.055   114.812    -4.12    5.68
-160218.915   113.721    -2.91    6.34
-159843.793   115.539     4.85    9.19
-159468.689   120.580    13.44   14.61
-159093.603   126.539    15.89   15.89
-158718.536   131.784    13.99   16.04
-158343.486   135.176     9.04   14.03
-157968.454   135.608     1.15   11.74
-157593.441   135.455    -0.41    9.32
-157218.445   130.509   -13.19    9.67
-156843.467   122.938   -20.19   10.58
-156468.508   116.362   -17.54    9.52
-156093.566   112.554   -10.16    6.37
-155718.642   110.062    -6.65    5.19
-155343.736   111.335     3.40    6.30
-154968.849   114.385     8.14    7.83
-154593.979   120.020    15.03   10.47
-154219.127   127.128    18.96   10.05
-153844.293   133.426    16.80    7.68
-153469.477   137.909    11.96    5.77
-153094.680   140.835     7.81    4.70
-152719.900   143.767     7.82    4.30
-152345.138   146.938     8.46    5.00
-151970.393   149.442     6.68    4.49
-151595.667   150.628     3.16    4.80
-151220.959   151.221     1.58    7.10
-150846.269   152.767     4.13    9.73
-150471.596   156.478     9.91   11.64
-150096.942   163.176    17.88    9.25
-149722.305   166.152     7.95    8.81
-149347.687   167.958     4.82    7.81
-148973.086   166.128    -4.89    8.69
-148598.503   167.017     2.37    8.53
-148223.938   169.153     5.70    9.68
-147849.391   172.013     7.64    8.36
-147474.862   174.926     7.78    5.55
-147100.351   172.342    -6.90    9.29
-146725.858   162.976   -25.01   14.59
-146351.382   155.509   -19.94   14.32
-145976.925   148.426   -18.92   13.84
-145602.485   141.628   -18.16   11.41
-145228.063   142.222     1.59   12.87
-144853.659   149.244    18.76   16.63
-144479.273   155.001    15.38   12.90
-144104.904   152.354    -7.07   15.06
-143730.554   147.873   -11.97   15.06
-143356.221   146.850    -2.73   13.64
-142981.906   152.914    16.20   15.41
-142607.609   163.390    27.99   12.42
-142233.330   170.698    19.53    7.62
-141859.069   170.451    -0.66    9.02
-141484.825   163.220   -19.32   14.14
-141110.600   153.059   -27.15   14.29
-140736.392   145.548   -20.08   11.50
-140362.202   143.819    -4.62   11.72
-139988.029   146.956     8.39   14.73
-139613.875   151.017    10.85   13.81
-139239.738   150.551    -1.25   13.16
-138865.619   145.554   -13.36   13.03
-138491.518   141.943    -9.65    9.23
-138117.435   146.455    12.06   11.02
-137743.369   154.247    20.83   11.75
-137369.321   159.834    14.94    9.37
-136995.291   162.108     6.08    6.05
-136621.279   160.176    -5.17    7.40
-136247.284   155.754   -11.83    8.78
-135873.308   151.920   -10.25    8.11
-135499.349   149.525    -6.41    6.76
-135125.407   146.247    -8.77    7.44
-134751.484   142.225   -10.76    7.72
-134377.578   137.062   -13.81    7.17
-134003.690   132.801   -11.40    5.80
-133629.819   129.465    -8.92    7.77
-133255.967   128.517    -2.54    8.96
-132882.132   131.059     6.80    9.15
-132508.315   131.819     2.03    9.19
-132134.515   131.029    -2.11   10.02
-131760.733   126.244   -12.80   11.98
-131386.969   120.626   -15.03   11.70
-131013.223   115.176   -14.58    8.55
-130639.494   113.335    -4.93    8.51
-130265.783   112.780    -1.48    7.76
-129892.090   110.914    -5.00    7.09
-129518.414   109.029    -5.04    6.37
-129144.756   109.289     0.70    8.17
-128771.116   110.626     3.58    9.99
-128397.493   113.865     8.67   11.47
-128023.888   116.312     6.55   11.00
-127650.300   114.827    -3.98    9.89
-127276.731   114.676    -0.40   10.21
-126903.179   109.810   -13.03   10.17
-126529.644   103.562   -16.73   10.82
-126156.127    98.826   -12.68   10.42
-125782.628    92.154   -17.87    9.54
-125409.147    87.948   -11.26    7.60
-125034.851    86.539    -3.77    6.41
-124657.847    85.676    -2.29    5.99
-124280.862    87.501     4.84    8.64
-123903.894    89.789     6.07   11.98
-123526.944    89.225    -1.50   11.41
-123150.012    88.062    -3.08    8.60
-122773.098    88.017    -0.12    8.88
-122396.202    90.664     7.03   11.30
-122019.324    99.426    23.25   16.08
-121642.464   106.751    19.44   17.61
-121265.622   113.267    17.29   16.32
-120888.798   113.176    -0.24   16.10
-120511.992   109.971    -8.51   16.11
-120135.203   102.426   -20.03   14.91
-119758.433    99.726    -7.17   12.66
-119381.681   102.494     7.35   14.13
-119004.946   106.151     9.71   14.37
-118628.229   106.858     1.87   13.90
-118251.531   101.926   -13.09   14.35
-117874.850    95.408   -17.30   12.86
-117498.187    87.744   -20.35    9.54
-117121.542    80.860   -18.28    9.88
-116744.914    75.403   -14.49    8.75
-116368.305    72.292    -8.26    6.65
-115991.714    73.554     3.35    8.59
-115615.140    78.108    12.09   10.24
-115238.584    82.557    11.82   10.30
-114862.046    82.994     1.16    9.52
-114485.526    83.150     0.41    7.33
-114109.024    81.744    -3.74    5.97
-113732.540    78.403    -8.87    5.30
-113356.074    75.780    -6.97    5.57
-112979.625    71.731   -10.76    6.04
-112603.194    69.101    -6.99    4.95
-112226.781    70.130     2.74    6.44
-111850.386    72.714     6.87    7.35
-111474.009    76.700    10.59    5.79
-111097.649    78.335     4.35    6.43
-110721.308    80.315     5.26    8.61
-110344.984    84.198    10.32   10.18
-109968.678    88.639    11.80    8.29
-109592.390    90.608     5.23    7.08
-109216.119    92.176     4.17    5.35
-108839.867    89.471    -7.19    6.41
-108463.632    84.153   -14.14    9.29
-108087.415    77.639   -17.32    9.33
-107711.215    73.608   -10.72    9.10
-107335.034    67.827   -15.37    7.23
-106958.870    65.152    -7.11    6.85
-106582.724    63.571    -4.20    6.12
-106206.596    63.042    -1.41    5.53
-105830.485    62.335    -1.88    6.13
-105454.393    61.200    -3.02    6.37
-105078.318    59.176    -5.38    5.97
-104702.261    57.153    -5.38    5.02
-104326.221    55.880    -3.38    3.88
-103950.199    56.744     2.30    4.64
-103574.195    59.245     6.65    6.40
-103198.209    61.420     5.78    6.58
-102822.240    61.734     0.83    6.65
-102446.290    61.176    -1.48    6.84
-102070.356    61.269     0.25    5.53
-101694.441    61.131    -0.37    5.36
-101318.543    59.971    -3.09    5.39
-100942.663    56.676    -8.77    5.33
-100566.801    52.943    -9.93    3.83
-100190.956    51.501    -3.84    2.31
 -99815.129    52.630     3.00    4.31
 -99439.320    55.903     8.71    6.36
 -99063.528    59.806    10.39    6.31
 -98687.754    62.494     7.15    4.57
 -98311.998    63.525     2.74    4.11
 -97936.260    63.039    -1.29    4.44
 -97560.539    62.130    -2.42    5.28
 -97184.835    61.767    -0.97    5.66
 -96809.150    59.721    -5.45    6.09
 -96433.482    59.426    -0.79    6.34
 -96057.831    61.880     6.53    6.83
 -95682.199    65.339     9.21    7.32
 -95306.584    68.767     9.13    5.21
 -94930.986    70.539     4.72    4.12
 -94555.406    69.471    -2.84    5.51
 -94179.844    66.903    -6.84    6.64
 -93804.300    64.085    -7.50    6.75
 -93428.773    60.494    -9.56    5.92
 -93053.263    58.267    -5.93    5.47
 -92677.772    56.858    -3.75    5.50
 -92302.297    57.085     0.61    6.67
 -91926.841    57.517     1.15    7.13
 -91551.402    57.961     1.18    5.59
 -91175.980    59.287     3.53    4.86
 -90800.577    61.152     4.97    4.47
 -90425.190    63.931     7.40    4.76
 -90049.822    67.059     8.33    4.37
 -89674.471    70.221     8.42    3.13
 -89299.137    71.676     3.88    2.28
 -88923.821    71.990     0.84    2.41
 -88548.523    71.198    -2.11    2.88
 -88173.242    70.198    -2.66    3.04
 -87797.979    69.376    -2.19    2.96
 -87422.733    68.734    -1.71    3.81
 -87047.505    67.525    -3.22    4.59
 -86672.294    64.471    -8.14    6.31
 -86297.101    61.903    -6.85    6.26
 -85921.925    58.948    -7.88    5.88
 -85546.767    56.744    -5.88    4.42
 -85171.626    55.153    -4.24    4.59
 -84796.503    53.390    -4.70    4.60
 -84421.398    50.926    -6.57    5.71
 -84046.309    49.176    -4.67    5.23
 -83671.239    47.358    -4.85    5.62
 -83296.186    44.721    -7.03    5.90
 -82921.150    42.245    -6.60    5.46
 -82546.132    42.199    -0.12    6.21
 -82171.131    45.200     8.00    9.05
 -81796.148    47.594     6.39    9.33
 -81421.182    49.197     4.28    8.99
 -81046.234    47.711    -3.97    7.89
 -80671.303    42.798   -13.10    7.40
 -80296.390    40.548    -6.00    6.46
 -79921.494    39.990    -1.49    5.14
 -79546.616    40.985     2.66    4.82
 -79171.755    44.358     9.00    5.68
 -78796.911    48.176    10.19    5.70
 -78422.085    51.873     9.87    5.93
 -78047.277    55.687    10.18    4.57
 -77672.486    57.385     4.53    3.85
 -77297.712    56.198    -3.17    5.17
 -76922.955    54.319    -5.02    6.09
 -76548.216    54.059    -0.69    6.25
 -76173.495    56.608     6.80    7.25
 -75798.791    62.312    15.23    9.15
 -75424.104    68.380    16.20    9.16
 -75049.435    75.890    20.04   11.86
 -74674.783    86.426    28.12   16.33
 -74300.148    96.780    27.64   17.37
 -73925.531   107.245    27.94   14.97
 -73550.931   116.221    23.96   12.65
 -73176.349   121.426    13.90   10.73
 -72801.784   122.471     2.79    8.02
 -72427.236   119.366    -8.29    9.82
 -72052.706   117.358    -5.36   11.53
 -71678.193   115.376    -5.29   12.59
 -71303.697   113.971    -3.75   13.62
 -70929.219   111.380    -6.92   15.19
 -70554.758   102.478   -23.77   15.42
 -70180.315    92.525   -26.58   13.01
 -69805.889    84.104   -22.49   12.10
 -69431.480    75.478   -23.04   11.93
 -69057.088    68.458   -18.75   11.62
 -68682.714    61.926   -17.45   10.37
 -68308.357    54.576   -19.63    5.55
 -67934.018    50.478   -10.95    4.57
 -67559.695    46.780    -9.88    5.03
 -67185.391    43.033   -10.01    5.02
 -66811.103    39.312    -9.94    4.76
 -66436.833    36.309    -8.02    3.50
 -66062.580    35.734    -1.54    3.87
 -65688.344    35.754     0.05    4.56
 -65314.125    36.571     2.18    4.51
 -64939.924    36.455    -0.31    4.07
 -64565.740    34.461    -5.33    4.37
 -64191.574    30.804    -9.78    5.18
 -63817.424    26.954   -10.29    5.46
 -63443.292    23.222    -9.97    5.22
 -63069.177    20.176    -8.14    4.31
 -62695.080    18.478    -4.54    3.61
 -62321.000    17.757    -1.93    2.75
 -61946.937    17.903     0.39    2.90
 -61572.891    17.455    -1.20    2.46
 -61198.862    17.562     0.29    2.76
 -60824.851    19.221     4.44    4.76
 -60450.857    22.108     7.72    6.66
 -60076.880    24.618     6.71    6.56
 -59702.920    24.129    -1.31    6.57
 -59328.978    21.358    -7.41    6.77
 -58955.053    19.585    -4.74    4.40
 -58581.145    20.653     2.86    4.51
 -58207.254    23.744     8.27    5.82
 -57833.380    26.676     7.84    4.75
 -57459.524    28.362     4.51    3.61
 -57085.685    28.618     0.68    3.16
 -56711.863    26.358    -6.05    5.29
 -56338.058    21.676   -12.53    7.53
 -55964.270    17.494   -11.19    7.52
 -55590.500    13.335   -11.13    6.24
 -55216.747     9.494   -10.28    3.39
 -54843.010     7.539    -5.23    2.01
 -54469.292     6.062    -3.95    1.69
 -54095.590     4.971    -2.92    2.39
 -53721.905     4.698    -0.73    2.67
 -53348.238     4.943     0.65    2.96
 -52974.587     4.835    -0.29    3.52
 -52600.954     5.176     0.91    3.89
 -52227.338     5.744     1.52    4.12
 -51853.739     5.501    -0.65    4.23
 -51480.157     7.176     4.48    6.49
 -51106.593     9.292     5.67    8.21
 -50733.045    11.943     7.10    9.51
 -50359.515    14.731     7.46    9.94
 -49983.664    16.943     5.89    8.88
 -49606.708    18.909     5.22    7.52
 -49229.769    20.604     4.50    4.58
 -48852.848    19.897    -1.88    3.09
 -48475.944    19.426    -1.25    1.50
 -48099.058    18.403    -2.71    2.21
 -47722.189    16.994    -3.74    3.01
 -47345.337    15.244    -4.64    3.04
 -46968.503    13.812    -3.80    2.87
 -46591.687    13.630    -0.48    2.74
 -46214.888    13.971     0.90    3.17
 -45838.106    14.653     1.81    3.82
 -45461.341    14.289    -0.97    3.55
 -45084.594    13.455    -2.22    2.69
 -44707.865    13.130    -0.86    1.99
 -44331.153    14.242     2.95    2.60
 -43954.458    15.594     3.59    3.54
 -43577.780    18.265     7.09    4.38
 -43201.120    20.664     6.37    4.88
 -42824.477    23.455     7.41    4.54
 -42447.852    25.700     5.96    3.61
 -42071.244    27.594     5.03    3.57
 -41694.653    28.130     1.42    3.99
 -41318.080    28.085    -0.12    4.83
 -40941.524    26.903    -3.14    6.16
 -40564.986    25.557    -3.58    6.72
 -40188.464    23.539    -5.36    6.69
 -39811.961    21.554    -5.27    5.68
 -39435.474    20.129    -3.78    3.76
 -39059.005    20.085    -0.12    3.57
 -38682.553    20.804     1.91    4.44
 -38306.118    22.608     4.79    6.17
 -37929.701    24.366     4.67    6.72
 -37553.301    23.880    -1.29    6.33
 -37176.918    22.509    -3.64    5.22
 -36800.553    21.362    -3.05    4.17
 -36424.205    20.734    -1.67    3.62
 -36047.874    21.271     1.43    4.09
 -35671.561    21.517     0.65    3.91
 -35295.264    21.721     0.54    3.69
 -34918.985    21.152    -1.51    2.45
 -34542.724    22.033     2.34    2.90
 -34166.479    23.873     4.89    4.50
 -33790.252    28.176    11.44    6.15
 -33414.043    31.785     9.60    5.86
 -33037.850    35.594    10.13    4.63
 -32661.675    38.767     8.43    2.76
 -32285.517    40.319     4.13    2.05
 -31909.376    41.108     2.10    1.56
 -31533.252    41.346     0.64    1.70
 -31157.146    40.494    -2.27    2.31
 -30781.057    39.461    -2.75    2.72
 -30404.985    38.734    -1.93    3.18
 -30028.930    38.057    -1.80    3.23
 -29652.893    37.826    -0.61    3.21
 -29276.873    38.153     0.87    3.19
 -28900.870    38.751     1.59    2.59
 -28524.884    38.036    -1.90    2.88
 -28148.915    35.380    -7.06    4.55
 -27772.964    32.501    -7.66    5.33
 -27397.030    29.085    -9.09    5.61
 -27021.113    26.076    -8.00    5.79
 -26645.213    22.630    -9.17    5.34
 -26269.330    20.557    -5.52    4.67
 -25893.465    18.130    -6.46    4.32
 -25517.617    16.676    -3.87    4.18
 -25141.785    14.761    -5.09    3.71
 -24765.971    13.698    -2.83    3.87
 -24390.175    12.801    -2.39    4.14
 -24014.395    11.380    -3.78    3.33
 -23638.633    10.525    -2.28    2.97
 -23262.887     9.966    -1.49    2.70
 -22887.159    11.478     4.02    3.38
 -22511.448    14.227     7.32    4.91
 -22135.754    17.858     9.66    5.11
 -21760.077    20.726     7.63    3.84
 -21384.418    20.664    -0.16    3.30
 -21008.775    19.494    -3.12    3.85
 -20633.150    17.780    -4.56    3.40
 -20257.542    17.426    -0.94    3.38
 -19881.950    18.351     2.46    3.75
 -19506.376    20.062     4.56    3.03
 -19130.819    20.700     1.70    2.51
 -18755.280    19.494    -3.21    2.58
 -18379.757    17.059    -6.48    3.68
 -18004.251    13.701    -8.94    4.48
 -17628.763    10.198    -9.33    4.00
 -17253.291     8.176    -5.39    2.18
 -16877.837     7.835    -0.91    2.11
 -16502.399    10.059     5.93    4.70
 -16126.979    13.106     8.12    5.84
 -15751.576    17.083    10.59    6.67
 -15376.190    20.842    10.02    6.57
 -15000.821    25.176    11.54    7.18
 -14625.468    30.542    14.30    6.87
 -14250.133    33.571     8.07    4.65
 -13874.815    34.539     2.58    3.47
 -13499.515    33.804    -1.96    2.91
 -13124.231    31.517    -6.09    2.74
 -12748.964    29.022    -6.65    3.24
 -12373.714    25.698    -8.86    4.18
 -11998.481    22.176    -9.39    4.63
 -11623.265    18.176   -10.66    5.18
 -11248.067    15.339    -7.56    4.45
 -10872.885    14.426    -2.43    3.40
 -10497.720    15.494     2.85    4.89
 -10122.572    17.826     6.22    5.20
  -9747.442    20.289     6.57    4.45
  -9372.328    21.641     3.60    2.76
  -8997.231    20.804    -2.23    3.05
  -8622.151    17.897    -7.75    5.05
  -8247.088    15.663    -5.96    5.44
  -7872.043    12.880    -7.42    4.66
  -7497.014    11.026    -4.95    4.32
  -7122.002     9.850    -3.13    4.48
  -6747.007     8.478    -3.66    3.91
  -6372.029     7.385    -2.91    3.55
  -5997.068     5.971    -3.77    3.41
  -5622.124     5.150    -2.19    3.17
  -5247.197     3.789    -3.63    2.82
  -4872.287     2.842    -2.53    1.91
  -4497.393     1.994    -2.26    1.32
  -4122.517     1.948    -0.12    1.27
  -3747.658     1.810    -0.37    1.13
  -3372.815     2.198     1.04    1.45
  -2997.990     3.251     2.81    2.03
  -2623.181     4.130     2.35    2.29
  -2248.389     4.827     1.86    1.88
  -1873.615     4.943     0.31    1.82
  -1498.857     5.295     0.94    1.98
  -1124.116     3.876    -3.79    3.19
   -749.392     2.176    -4.54    3.78
   -374.685     1.026    -3.07    3.85
      0.006     1.221     0.52    4.38
    374.679     3.152     5.15    4.91
    749.336     5.525     6.33    5.10
   1123.975     7.408     5.03    3.90
   1498.598     9.151     4.65    4.65
   1873.204    12.335     8.50    5.92
   2247.793    13.566     3.29    5.37
   2622.365    16.104     6.78    4.95
   2996.921    17.062     2.56    5.43
   3371.459    18.152     2.91    4.61
   3745.981    19.630     3.95    4.15
   4120.485    20.664     2.76    4.23
   4494.973    21.948     3.43    3.20
   4869.445    22.628     1.81    2.29
   5243.899    23.083     1.21    1.84
   5618.336    22.723    -0.96    1.25
   5992.757    22.981     0.69    1.05
   6367.161    23.221     0.64    1.14
   6741.548    23.517     0.79    1.06
   7115.918    23.744     0.61    1.56
   7490.271    23.819     0.20    1.76
   7864.608    23.903     0.23    1.69
   8238.928    23.938     0.09    1.45
   8613.231    23.990     0.14    1.42
   8987.517    23.539    -1.20    1.24
   9361.786    23.932     1.05    1.73
   9736.039    23.517    -1.11    1.84
  10110.275    22.865    -1.74    2.05
  10484.494    21.850    -2.71    2.28
  10858.696    20.580    -3.39    2.10
  11232.882    19.966    -1.64    2.46
  11607.051    18.598    -3.66    3.47
  11981.203    17.152    -3.86    4.42
  12355.338    14.315    -7.58    5.66
  12729.456    10.842    -9.28    5.00
  13103.558    10.128    -1.91    5.24
  13477.643    12.017     5.05    7.35
  13851.711    15.687     9.81    9.11
  14225.763    21.036    14.30    8.44
  14599.798    24.866    10.24    6.00
  14973.816    26.152     3.44    4.98
  15347.817    25.487    -1.78    5.90
  15721.802    24.571    -2.45    6.41
  16095.770    22.267    -6.16    7.98
  16469.721    21.199    -2.86    8.92
  16843.656    18.222    -7.96    9.57
  17217.574    14.533    -9.87    8.77
  17591.475    11.315    -8.61    6.97
  17965.359     8.198    -8.34    3.20
  18339.227     8.153    -0.12    1.93
  18713.078    10.380     5.96    4.33
  19086.913    13.292     7.79    5.65
  19460.731    15.767     6.62    5.17
  19834.532    18.426     7.11    3.68
  20208.316    19.630     3.22    3.00
  20582.084    19.966     0.90    2.50
  20955.835    20.471     1.35    2.45
  21329.569    20.858     1.03    2.48
  21703.287    21.289     1.16    2.21
  22076.988    21.780     1.31    1.97
  22450.673    22.176     1.06    1.55
  22824.341    22.176     0.00    1.13
  23197.992    21.920    -0.68    1.35
  23571.627    21.380    -1.44    1.42
  23945.245    20.780    -1.61    1.62
  24318.846    20.020    -2.03    1.54
  24692.822    19.711    -0.83    1.24
  25069.745    19.223    -1.29    1.25
  25446.651    19.013    -0.56    1.23
  25823.540    19.013     0.00    1.33
  26200.412    19.153     0.37    1.28
  26577.267    19.432     0.74    1.24
  26954.105    19.501     0.19    1.55
  27330.926    19.827     0.86    1.70
  27707.731    20.385     1.48    1.64
  28084.518    20.517     0.35    1.52
  28461.289    20.804     0.76    1.27
  28838.043    20.909     0.28    1.10
  29214.780    20.819    -0.24    1.01
  29591.500    20.890     0.19    1.07
  29968.203    20.594    -0.78    1.01
  30344.889    20.653     0.16    0.90
  30721.558    20.664     0.03    0.96
  31098.211    20.380    -0.75    1.02
  31474.846    20.153    -0.60    1.09
  31851.465    19.711    -1.17    1.20
  32228.067    19.501    -0.56    1.06
  32604.652    19.403    -0.26    1.05
  32981.220    19.315    -0.23    1.10
  33357.772    19.509     0.51    1.00
  33734.306    19.566     0.15    1.02
  34110.824    19.176    -1.04    1.16
  34487.325    18.966    -0.56    1.12
  34863.809    18.767    -0.53    1.06
  35240.276    18.990     0.59    0.96
  35616.727    18.926    -0.17    0.87
  35993.160    18.948     0.06    0.91
  36369.577    19.129     0.48    0.87
  36745.977    19.176     0.12    0.93
  37122.360    19.198     0.06    1.00
  37498.727    19.312     0.30    0.90
  37875.076    19.461     0.40    1.04
  38251.409    19.395    -0.18    0.99
  38627.725    19.465     0.18    0.94
  39004.024    19.455    -0.03    0.85
  39380.307    19.426    -0.08    0.87
  39756.573    19.408    -0.05    0.87
  40132.822    19.594     0.49    0.96
  40509.054    20.104     1.36    1.35
  40885.269    22.501     6.37    4.36
  41261.468    24.221     4.57    5.04
  41637.650    25.630     3.75    5.82
  42013.815    25.630     0.00    5.50
  42389.963    25.057    -1.52    4.20
  42766.095    26.827     4.71    5.25
  43142.210    30.376     9.44    6.15
  43518.308    33.362     7.94    4.96
  43894.390    34.130     2.04    3.77
  44270.455    32.943    -3.16    4.28
  44646.503    29.938    -7.99    4.48
  45022.534    27.176    -7.34    3.51
  45398.549    25.292    -5.01    2.38
  45774.547    25.221    -0.19    2.84
  46150.528    26.630     3.75    3.74
  46526.493    28.335     4.53    4.26
  46902.441    30.269     5.14    4.49
  47278.372    30.199    -0.19    4.11
  47654.286    30.017    -0.49    4.39
  48030.184    29.548    -1.25    4.44
  48406.065    27.850    -4.52    3.52
  48781.930    27.129    -1.92    3.66
  49157.777    26.676    -1.21    3.92
  49533.609    25.771    -2.41    3.28
  49909.423    25.083    -1.83    2.09
  50285.221    24.767    -0.84    1.21
  50661.002    25.687     2.45    2.51
  51036.767    28.562     7.65    5.63
  51412.515    31.966     9.06    7.00
  51788.246    36.152    11.14    6.97
  52163.960    39.789     9.68    5.47
  52539.658    42.199     6.41    4.86
  52915.340    42.734     1.42    5.84
  53291.005    42.804     0.19    6.33
  53666.653    42.594    -0.56    6.46
  54042.284    42.295    -0.80    5.80
  54417.899    42.676     1.01    4.17
  54793.497    43.354     1.80    3.31
  55169.079    44.036     1.82    2.37
  55544.644    45.539     4.00    3.26
  55920.193    46.269     1.94    3.29
  56295.725    46.827     1.49    3.39
  56671.240    46.471    -0.95    3.84
  57046.739    45.269    -3.20    3.29
  57422.221    44.478    -2.11    2.62
  57797.686    43.358    -2.98    2.89
  58173.135    42.608    -2.00    3.39
  58548.568    42.036    -1.52    3.40
  58923.984    41.271    -2.04    3.18
  59299.383    39.990    -3.41    4.22
  59674.766    37.664    -6.19    5.44
  60050.132    34.711    -7.87    5.34
  60425.482    32.362    -6.26    4.29
  60800.815    31.013    -3.59    2.93
  61176.132    31.083     0.19    2.26
  61551.432    31.866     2.09    1.96
  61926.715    32.083     0.58    2.09
  62301.982    32.608     1.40    1.84
  62677.233    31.812    -2.12    2.96
  63052.467    29.920    -5.04    3.62
  63427.684    27.897    -5.39    4.52
  63802.885    25.804    -5.58    4.24
  64178.070    24.403    -3.73    5.01
  64553.238    23.269    -3.02    5.43
  64928.389    22.085    -3.16    6.13
  65303.524    19.757    -6.20    6.08
  65678.643    17.420    -6.23    5.48
  66053.745    15.080    -6.24    3.94
  66428.830    14.036    -2.78    2.61
  66803.899    14.085     0.13    3.11
  67178.952    15.062     2.61    4.12
  67553.988    15.608     1.45    5.03
  67929.008    17.083     3.93    5.42
  68304.011    18.385     3.47    5.87
  68678.997    19.850     3.91    6.99
  69053.968    22.850     8.00    7.70
  69428.922    26.289     9.17    8.46
  69803.859    28.873     6.89    7.77
  70178.780    30.199     3.54    6.18
  70553.684    29.966    -0.62    4.84
  70928.573    28.795    -3.13    5.28
  71303.444    27.795    -2.67    4.15
  71678.299    27.013    -2.09    3.70
  72053.138    26.835    -0.48    3.67
  72427.961    27.009     0.46    4.58
  72802.767    26.426    -1.56    6.33
  73177.556    25.013    -3.77    7.11
  73552.329    22.078    -7.83    8.25
  73927.086    17.897   -11.16    6.77
  74301.827    14.628    -8.72    3.68
  74676.551    13.747    -2.35    2.15
  75051.258    13.850     0.27    1.96
  75425.949    14.199     0.93    2.73
  75800.624    14.562     0.97    3.11
  76175.283    14.247    -0.84    3.00
  76549.925    14.199    -0.13    2.60
  76924.550    14.485     0.76    2.53
  77299.160    14.842     0.95    2.44
  77673.753    14.804    -0.10    1.99
  78048.330    15.542     1.97    2.68
  78422.890    17.130     4.24    5.55
  78797.434    20.249     8.33    8.13
  79171.961    22.129     5.02    8.75
  79546.473    24.104     5.27    8.78
  79920.968    24.767     1.77    7.88
  80295.446    26.604     4.91    8.12
  80669.908    26.676     0.19    7.87
  81044.354    25.335    -3.58    7.72
  81418.784    24.253    -2.89    7.34
  81793.197    22.390    -4.97    6.40
  82167.594    21.176    -3.24    5.29
  82541.975    22.362     3.17    5.67
  82916.339    22.698     0.90    5.85
  83290.688    23.226     1.41    5.44
  83665.019    23.971     1.99    5.07
  84039.335    25.101     3.02    3.74
  84413.634    26.604     4.02    3.94
  84787.917    27.062     1.22    4.08
  85162.184    25.628    -3.83    5.33
  85536.434    23.335    -6.13    6.37
  85910.668    20.781    -6.82    4.95
  86284.886    19.971    -2.16    3.79
  86659.088    20.414     1.18    4.17
  87033.273    22.408     5.33    4.41
  87407.442    24.804     6.40    4.13
  87781.595    26.776     5.27    2.76
  88155.731    27.539     2.04    1.81
  88529.852    27.689     0.40    1.27
  88903.956    27.880     0.51    1.50
  89278.044    28.013     0.35    1.45
  89652.115    27.971    -0.11    1.25
  90026.171    28.059     0.24    1.42
  90400.210    28.330     0.72    1.51
  90774.233    28.494     0.44    1.58
  91148.240    28.976     1.29    1.54
  91522.230    28.966    -0.02    1.61
  91896.204    28.897    -0.19    1.65
  92270.163    28.827    -0.19    1.57
  92644.104    29.039     0.57    1.59
  93018.030    29.073     0.09    1.80
  93391.940    29.153     0.21    1.70
  93765.833    29.152    -0.00    1.81
  94139.710    29.039    -0.30    1.89
  94513.571    29.358     0.85    1.67
  94887.416    29.249    -0.29    1.74
  95261.245    29.153    -0.26    1.55
  95635.057    29.476     0.86    1.44
  96008.853    29.494     0.05    1.46
  96382.633    29.628     0.36    1.43
  96756.397    29.571    -0.15    1.47
  97130.145    29.390    -0.48    1.59
  97503.877    29.151    -0.64    1.65
  97877.592    29.153     0.00    1.42
  98251.292    29.151    -0.01    1.51
  98624.975    29.432     0.75    1.40
  98998.642    29.501     0.19    1.29
  99372.293    29.571     0.19    1.40
  99747.737    29.533    -0.10    1.36
 100124.614    29.771     0.63    1.36
 100501.474    29.920     0.40    1.22
 100878.318    30.103     0.48    1.01
 101255.146    29.858    -0.65    1.12
 101631.957    29.795    -0.17    1.10
 102008.752    29.795     0.00    1.27
 102385.530    29.734    -0.16    1.22
 102762.292    29.664    -0.19    1.16
 103139.038    29.920     0.68    1.11
 103515.767    29.827    -0.25    1.15
 103892.480    29.897     0.19    1.40
 104269.176    29.920     0.06    1.48
 104645.857    30.036     0.31    1.52
 105022.520    29.641    -1.05    1.49
 105399.168    29.956     0.84    1.78
 105775.799    29.757    -0.53    1.88
 106152.413    29.771     0.04    1.70
 106529.012    28.712    -2.81    2.59
 106905.594    26.812    -5.05    3.70
 107282.159    24.676    -5.67    3.76
 107658.708    22.533    -5.69    2.40
 108035.241    21.130    -3.72    1.54
 108411.758    20.785    -0.92    1.28
 108788.258    20.664    -0.32    1.24
 109164.742    20.785     0.32    1.24
 109541.210    20.723    -0.17    1.13
 109917.661    20.747     0.06    1.04
 110294.096    20.938     0.51    1.25
 110670.515    20.985     0.13    1.29
 111046.917    21.126     0.37    1.20
 111423.303    21.017    -0.29    1.20
 111799.673    20.951    -0.18    1.07
 112176.026    20.842    -0.29    1.16
 112552.364    20.827    -0.04    1.04
 112928.685    20.938     0.29    1.01
 113304.989    21.152     0.57    1.10
 113681.278    21.468     0.84    1.05
 114057.550    21.628     0.42    1.19
 114433.805    21.652     0.06    1.13
 114810.045    21.594    -0.15    1.18
 115186.268    21.604     0.03    1.17
 115562.475    21.604     0.00    1.13
 115938.666    21.835     0.61    1.36
 116314.841    22.076     0.64    1.32
 116690.999    21.827    -0.66    1.27
 117067.141    21.850     0.06    1.21
 117443.267    21.676    -0.46    1.17
 117819.376    21.780     0.28    1.07
 118195.470    21.723    -0.15    0.99
 118571.547    21.723     0.00    0.94
 118947.608    21.747     0.06    0.83
 119323.652    21.641    -0.28    0.96
 119699.681    21.819     0.47    1.01
 120075.693    21.961     0.38    1.00
 120451.689    21.920    -0.11    0.95
 120827.669    21.932     0.03    0.89
 121203.633    21.757    -0.46    0.93
 121579.580    21.525    -0.62    1.00
 121955.512    21.390    -0.36    1.14
 122331.427    21.199    -0.51    1.06
 122707.326    21.247     0.13    1.05
 123083.208    21.432     0.49    0.95
 123459.075    21.315    -0.31    0.94
 123834.925    21.315     0.00    0.94
 124210.760    21.319     0.01    0.98
 124586.578    21.247    -0.19    0.87
 124962.380    21.176    -0.19    0.95
 125338.165    21.295     0.32    1.11
 125713.935    21.461     0.44    1.04
 126089.688    21.471     0.03    1.09
 126465.426    21.628     0.42    1.11
 126841.147    21.687     0.16    0.86
 127216.852    21.687     0.00    0.86
 127592.541    21.880     0.51    0.85
 127968.214    21.938     0.15    0.98
 128343.870    21.920    -0.05    1.03
 128719.511    22.039     0.32    1.05
 129095.135    21.994    -0.12    0.97
 129470.744    22.057     0.17    1.19
 129846.336    22.033    -0.06    1.09
 130221.912    22.128     0.25    1.08
 130597.472    22.198     0.19    1.11
 130973.016    22.129    -0.18    1.02
 131348.544    22.108    -0.06    1.19
 131724.056    22.059    -0.13    1.22
 132099.551    22.176     0.31    1.25
 132475.031    22.176     0.00    1.17
 132850.494    22.036    -0.37    1.13
 133225.942    22.129     0.25    1.07
 133601.373    22.017    -0.30    1.03
 133976.789    22.083     0.18    1.06
 134352.188    22.013    -0.19    0.92
 134727.571    21.883    -0.35    0.87
 135102.938    22.083     0.53    0.89
 135478.289    22.129     0.12    1.00
 135853.624    22.244     0.31    1.04
 136228.943    22.385     0.38    1.08
 136604.246    22.292    -0.25    1.16
 136979.533    22.362     0.19    1.12
 137354.804    22.366     0.01    1.15
 137730.059    22.222    -0.38    1.07
 138105.298    22.312     0.24    1.03
 138480.521    22.292    -0.05    1.03
 138855.728    22.380     0.24    1.05
 139230.919    22.525     0.38    1.04
 139606.094    22.604     0.21    1.19
 139981.253    22.604     0.00    1.15
 140356.395    22.594    -0.03    1.14
 140731.522    22.630     0.10    1.13
 141106.633    22.408    -0.59    1.07
 141481.728    22.265    -0.38    1.12
 141856.807    22.176    -0.24    1.08
 142231.870    21.961    -0.57    1.07
 142606.917    21.804    -0.42    1.25
 142981.948    21.664    -0.37    1.30
 143356.963    21.533    -0.35    1.28
 143731.962    21.152    -1.01    1.24
 144106.945    21.295     0.38    1.19
 144481.912    21.390     0.25    1.09
 144856.864    21.478     0.23    1.08
 145231.799    21.455    -0.06    0.93
 145606.718    21.438    -0.05    0.94
 145981.622    21.494     0.15    1.14
 146356.509    21.771     0.74    1.13
 146731.381    22.176     1.08    1.30
 147106.236    22.062    -0.30    1.22
 147481.076    22.001    -0.16    0.96
 147855.900    21.914    -0.23    0.77
 148230.708    21.819    -0.25    1.06
 148605.499    22.128     0.83    1.40
 148980.276    22.312     0.49    1.46
 149355.036    22.376     0.17    1.54
 149729.780    22.562     0.50    2.10
 150104.508    22.932     0.99    2.34
 150479.221    23.059     0.34    2.48
 150853.917    23.247     0.50    2.69
 151228.598    23.395     0.40    2.41
 151603.263    23.812     1.11    2.34
 151977.912    24.048     0.63    2.49
 152352.545    24.966     2.45    2.71
 152727.162    25.525     1.49    2.62
 153101.763    24.873    -1.74    4.39
 153476.349    21.380    -9.32    7.55
 153850.918    17.149   -11.29    8.15
 154225.472    13.608    -9.46    7.04
 154600.010    10.765    -7.59    3.27
 154974.532    10.771     0.01    2.77
 155349.038    11.380     1.63    2.78
 155723.529    11.533     0.41    2.51
 156098.003    11.971     1.17    2.35
 156472.462    12.360     1.04    2.36
 156846.905    12.380     0.05    3.08
 157221.332    11.571    -2.16    3.25
 157595.743    11.108    -1.24    3.32
 157970.139    10.478    -1.68    2.96
 158344.518     9.945    -1.42    2.08
 158718.882     9.926    -0.05    1.93
 159093.230    10.176     0.67    2.17
 159467.563    10.247     0.19    3.30
 159841.879    11.199     2.54    4.50
 160216.180    11.339     0.37    4.16
 160590.465    11.994     1.75    4.75
 160964.734    11.612    -1.02    3.88
 161338.987    11.244    -0.98    3.58
 161713.225    10.795    -1.20    2.64
 162087.446    10.897     0.27    2.78
 162461.652    12.152     3.35    3.43
 162835.843    13.298     3.06    3.90
 163210.017    15.448     5.75    5.39
 163584.176    17.103     4.42    5.27
 163958.319    17.366     0.70    5.21
 164332.446    19.594     5.95    6.63
 164706.557    20.747     3.08    5.89
 165080.653    23.200     6.55    4.86
 165454.733    24.876     4.48    3.24
 165828.798    24.873    -0.01    1.93
 166202.846    24.566    -0.82    1.18
 166576.879    24.408    -0.42    0.97
 166950.896    24.176    -0.62    0.00
 167324.897    24.176     0.00    0.00
 167698.883    24.176     0.00    0.00
 168072.853    24.176     0.00    0.00
 168446.807    24.176     0.00    0.00
 168820.746    24.176     0.00    0.00
 169194.669    24.176     0.00    0.00
 169568.576    24.176     0.00    0.00
 169942.467    24.501     0.87    1.49
 170316.343    25.630     3.02    2.67
 170690.203    26.129     1.33    2.59
 171064.048    26.628     1.33    2.33
 171437.876    26.700     0.19    2.10
 171811.689    25.366    -3.57    2.33
 172185.487    24.594    -2.06    2.78
 172559.269    23.289    -3.49    3.77
 172933.035    20.222    -8.20    5.16
 173306.785    17.827    -6.41    5.38
 173680.520    15.943    -5.04    4.64
 174054.239    14.700    -3.33    2.21
 174427.943    15.057     0.96    2.25
 174804.768    15.106     0.13    2.41
 175181.603    14.461    -1.71    2.73
 175558.422    13.059    -3.72    2.37
 175935.225    12.059    -2.65    2.04
 176312.012    11.176    -2.35    0.00
 176688.783    11.390     0.57    0.98
 177065.539    11.890     1.33    1.57
 177442.278    12.914     2.72    2.08
 177819.002    13.971     2.81    2.08
 178195.709    15.628     4.40    3.00
 178572.401    19.907    11.36    7.23
 178949.077    23.438     9.37    7.39
 179325.737    26.013     6.84    5.80
 179702.381    27.604     4.22    3.73
 180079.010    25.897    -4.53    2.13
 180455.622    25.842    -0.14    2.10
 180832.219    26.247     1.07    3.19
 181208.799    27.083     2.22    4.37
 181585.364    27.199     0.31    4.54
 181961.913    26.580    -1.64    4.23
 182338.446    26.199    -1.01    3.97
 182714.964    25.432    -2.04    2.80
 183091.465    24.509    -2.45    1.32
 183467.951    24.641     0.35    1.65
 183844.421    25.342     1.86    2.30
 184220.875    25.438     0.25    2.36
 184597.313    25.723     0.76    2.95
 184973.735    25.346    -1.00    2.79
 185350.142    26.245     2.39    3.41
 185726.532    27.176     2.47    4.12
 186102.907    26.747    -1.14    3.90
 186479.266    25.580    -3.10    3.16
 186855.610    24.897    -1.82    1.72
 187231.937    24.604    -0.78    1.43
 187608.249    24.322    -0.75    1.09
 187984.545    24.245    -0.20    1.03
 188360.825    24.346     0.27    1.16
 188737.089    24.594     0.66    1.20
 189113.338    24.866     0.72    1.26
 189489.571    25.526     1.75    1.42
 189865.788    25.744     0.58    1.59
 190241.989    25.626    -0.31    1.71
 190618.175    25.580    -0.12    1.96
 190994.344    25.723     0.38    2.12
 191370.498    25.985     0.70    2.12
 191746.637    26.062     0.20    2.07
 192122.759    26.022    -0.11    1.73
 192498.866    25.812    -0.56    1.86
 192874.957    25.485    -0.87    1.73
 193251.032    25.315    -0.45    1.68
 193627.092    25.080    -0.62    1.75
 194003.136    24.851    -0.61    1.47
 194379.164    24.948     0.26    1.46
 194755.176    24.712    -0.63    1.27
 195131.173    25.080     0.98    1.53
 195507.154    25.966     2.36    1.71
 195883.120    26.533     1.51    1.92
 196259.069    27.517     2.62    2.05
 196635.003    28.227     1.89    1.59
 197010.921    28.289     0.17    1.65
 197386.824    28.342     0.14    1.56
 197762.711    28.036    -0.81    1.49
 198138.582    28.199     0.43    1.49
 198514.437    27.939    -0.69    1.62
 198890.277    27.926    -0.04    1.66
 199266.101    28.176     0.67    1.63
 199641.909    28.298     0.32    1.78
 200017.702    29.455     3.08    1.91
 200393.479    29.851     1.05    1.97
 200769.241    30.380     1.41    2.22
 201144.987    31.791     3.75    3.48
 201520.717    33.920     5.66    5.19
 201896.431    39.269    14.23    8.60
 202272.130    45.083    15.47    9.69
 202647.813    51.153    16.16    8.51
 203023.481    55.834    12.46    6.63
 203399.133    57.858     5.39    4.47
 203774.769    57.801    -0.15    3.83
 204150.390    57.994     0.51    6.25
 204525.995    57.200    -2.11    7.87
 204901.585    56.483    -1.91    8.10
 205277.159    57.108     1.66    9.55
 205652.717    56.124    -2.62    9.42
 206028.260    54.795    -3.54   10.23
 206403.787    53.478    -3.51   10.20
 206779.298    51.594    -5.02    8.02
 207154.794    51.585    -0.03    7.64
 207530.274    52.868     3.42    8.04
 207905.739    55.858     7.96    8.33
 208281.188    58.664     7.47    8.11
 208656.622    61.269     6.94    8.29
 209032.040    65.780    12.02    8.32
 209407.442    69.458     9.79    8.29
 209782.829    73.744    11.42    8.96
 210158.200    77.227     9.28    8.75
 210533.556    81.509    11.41    8.24
 210908.896    86.059    12.12    8.24
 211284.221    88.319     6.02    7.03
 211659.530    89.017     1.86    6.69
 212034.823    85.483    -9.41    8.51
 212410.101    79.198   -16.74    9.67
 212785.364    75.747    -9.20    7.96
 213160.611    78.292     6.78    8.43
 213535.842    82.414    10.98    8.53
 213911.058    86.346    10.48    5.83
 214286.258    85.244    -2.94    7.56
 214661.443    81.651    -9.58    8.43
 215036.613    78.842    -7.48    8.00
 215411.766    80.106     3.37    8.51
 215786.905    82.932     7.53    8.29
 216162.028    88.571    15.03    8.49
 216537.135    91.795     8.59    7.51
 216912.227    95.723    10.47    6.31
 217287.303    98.152     6.47    3.44
 217662.364   100.036     5.02    3.73
 218037.409   101.723     4.50    4.47
 218412.439   102.641     2.45    4.66
 218787.454   102.339    -0.81    6.06
 219162.453    98.938    -9.07    9.66
 219537.436    97.714    -3.26    9.88
 219912.404    95.569    -5.72   10.09
