-248054.522    -1.005     0.00    0.00
-247679.249    -1.005     0.00    0.00
-247303.998    -1.005     0.00    0.00
-246928.769    -1.005     0.00    0.00
-246553.562    -1.005     0.00    0.00
-246178.377    -1.005     0.00    0.00
-245803.214    -1.005     0.00    0.00
-245428.073    -1.005     0.00    0.00
-245052.954    -1.005     0.00    0.00
-244677.857    -1.005     0.00    0.00
-244302.782    -1.005     0.00    0.00
-243927.730    -1.005     0.00    0.00
-243552.699    -1.005     0.00    0.00
-243177.690    -1.005     0.00    0.00
-242802.703    -1.005     0.00    0.00
-242427.739    -1.005     0.00    0.00
-242052.796    -1.005     0.00    0.00
-241677.875    -1.005     0.00    0.00
-241302.976    -1.005     0.00    0.00
-240928.100    -1.005     0.00    0.00
-240553.245    -1.005     0.00    0.00
-240178.412    -1.005     0.00    0.00
-239803.601    -1.005     0.00    0.00
-239428.812    -1.005     0.00    0.00
-239054.045    -1.005     0.00    0.00
-238679.300    -1.005     0.00    0.00
-238304.577    -1.005     0.00    0.00
-237929.876    -1.005     0.00    0.00
-237555.197    -1.005     0.00    0.00
-237180.540    -1.005     0.00    0.00
-236805.904    -1.005     0.00    0.00
-236431.291    -1.005     0.00    0.00
-236056.700    -1.005     0.00    0.00
-235682.130    -1.005     0.00    0.00
-235307.582    -1.005     0.00    0.00
-234933.056    -1.005     0.00    0.00
-234558.552    -1.005     0.00    0.00
-234184.070    -1.005     0.00    0.00
-233809.610    -1.005     0.00    0.00
-233435.172    -1.005     0.00    0.00
-233060.755    -1.005     0.00    0.00
-232686.361    -1.005     0.00    0.00
-232311.988    -1.005     0.00    0.00
-231937.637    -1.005     0.00    0.00
-231563.308    -1.005     0.00    0.00
-231189.000    -1.005     0.00    0.00
-230814.715    -1.005     0.00    0.00
-230440.451    -1.005     0.00    0.00
-230066.209    -1.005     0.00    0.00
-229691.989    -1.005     0.00    0.00
-229317.791    -1.005     0.00    0.00
-228943.615    -1.005     0.00    0.00
-228569.460    -1.005     0.00    0.00
-228195.327    -1.005     0.00    0.00
-227821.216    -1.005     0.00    0.00
-227447.127    -1.005     0.00    0.00
-227073.059    -1.005     0.00    0.00
-226699.014    -1.005     0.00    0.00
-226324.990    -1.005     0.00    0.00
-225950.987    -1.005     0.00    0.00
-225577.007    -1.005     0.00    0.00
-225203.048    -1.005     0.00    0.00
-224829.111    -1.005     0.00    0.00
-224455.196    -1.005     0.00    0.00
-224081.302    -1.005     0.00    0.00
-223707.430    -1.005     0.00    0.00
-223333.580    -1.005     0.00    0.00
-222959.752    -1.005     0.00    0.00
-222585.945    -1.005     0.00    0.00
-222212.160    -1.005     0.00    0.00
-221838.397    -1.005     0.00    0.00
-221464.655    -1.005     0.00    0.00
-221090.935    -1.005     0.00    0.00
-220717.236    -1.005     0.00    0.00
-220343.560    -1.005     0.00    0.00
-219969.905    -1.005     0.00    0.00
-219596.271    -1.005     0.00    0.00
-219222.660    -1.005     0.00    0.00
-218849.070    -1.005     0.00    0.00
-218475.501    -1.005     0.00    0.00
-218101.954    -1.005     0.00    0.00
-217728.429    -1.005     0.00    0.00
-217354.926    -1.005     0.00    0.00
-216981.444    -1.005     0.00    0.00
-216607.983    -1.005     0.00    0.00
-216234.545    -1.005     0.00    0.00
-215861.128    -1.005     0.00    0.00
-215487.732    -1.005     0.00    0.00
-215114.358    -1.005     0.00    0.00
-214741.006    -1.005     0.00    0.00
-214367.675    -1.005     0.00    0.00
-213994.366    -1.005     0.00    0.00
-213621.078    -1.005     0.00    0.00
-213247.812    -1.005     0.00    0.00
-212874.567    -1.005     0.00    0.00
-212501.344    -1.005     0.00    0.00
-212128.143    -1.005     0.00    0.00
-211754.963    -1.005     0.00    0.00
-211381.805    -1.005     0.00    0.00
-211008.668    -1.005     0.00    0.00
-210635.552    -1.005     0.00    0.00
-210262.459    -1.005     0.00    0.00
-209889.386    -1.005     0.00    0.00
-209516.335    -1.005     0.00    0.00
-209143.306    -1.005     0.00    0.00
-208770.298    -1.005     0.00    0.00
-208397.312    -1.005     0.00    0.00
-208024.347    -1.005     0.00    0.00
-207651.404    -1.005     0.00    0.00
-207278.482    -1.005     0.00    0.00
-206905.581    -1.005     0.00    0.00
-206532.702    -1.005     0.00    0.00
-206159.845    -1.005     0.00    0.00
-205783.494    -1.005     0.00    0.00
-205406.333    -1.005     0.00    0.00
-205029.193    -1.005     0.00    0.00
-204652.075    -1.005     0.00    0.00
-204274.979    -1.005     0.00    0.00
-203897.905    -1.005     0.00    0.00
-203520.853    -1.005     0.00    0.00
-203143.823    -1.005     0.00    0.00
-202766.814    -1.005     0.00    0.00
-202389.828    -1.005     0.00    0.00
-202012.864    -1.005     0.00    0.00
-201635.921    -1.005     0.00    0.00
-201259.001    -1.005     0.00    0.00
-200882.102    -1.005     0.00    0.00
-200505.226    -1.005     0.00    0.00
-200128.371    -1.005     0.00    0.00
-199751.538    -1.005     0.00    0.00
-199374.727    -1.005     0.00    0.00
-198997.938    -1.005     0.00    0.00
-198621.171    -1.005     0.00    0.00
-198244.425    -1.005     0.00    0.00
-197867.702    -1.005     0.00    0.00
-197491.000    -1.005     0.00    0.00
-197114.320    -1.005     0.00    0.00
-196737.662    -1.005     0.00    0.00
-196361.026    -1.005     0.00    0.00
-195984.412    -1.005     0.00    0.00
-195607.819    -1.005     0.00    0.00
-195231.249    -1.005     0.00    0.00
-194854.700    -1.005     0.00    0.00
-194478.173    -1.005     0.00    0.00
-194101.668    -1.005     0.00    0.00
-193725.184    -1.005     0.00    0.00
-193348.723    -1.005     0.00    0.00
-192972.283    -1.005     0.00    0.00
-192595.865    -1.005     0.00    0.00
-192219.468    -1.005     0.00    0.00
-191843.094    -1.005     0.00    0.00
-191466.741    -1.005     0.00    0.00
-191090.410    -1.005     0.00    0.00
-190714.101    -1.005     0.00    0.00
-190337.813    -1.005     0.00    0.00
-189961.548    -1.005     0.00    0.00
-189585.304    -1.005     0.00    0.00
-189209.081    -1.005     0.00    0.00
-188832.881    -1.005     0.00    0.00
-188456.702    -1.005     0.00    0.00
-188080.545    -1.005     0.00    0.00
-187704.409    -1.005     0.00    0.00
-187328.296    -1.005     0.00    0.00
-186952.204    -1.005     0.00    0.00
-186576.133    -1.005     0.00    0.00
-186200.085    -1.005     0.00    0.00
-185824.058    -0.805     0.53    0.99
-185448.053    -0.005     2.13    2.17
-185072.069     3.125     8.33    5.87
-184696.107     8.932    15.45    8.61
-184320.167    15.654    17.88    8.81
-183944.248    24.080    22.42    8.75
-183568.351    29.756    15.10    7.83
-183192.476    32.740     7.94    6.14
-182816.622    33.408     1.78    5.26
-182440.790    32.576    -2.21    6.13
-182064.979    31.495    -2.88    6.65
-181689.191    31.040    -1.21    7.51
-181313.423    31.104     0.17    7.55
-180937.678    29.862    -3.31    6.70
-180561.954    27.867    -5.31    6.24
-180186.251    26.528    -3.56    5.17
-179810.570    25.971    -1.48    4.97
-179434.911    28.813     7.57    7.13
-179059.273    32.927    10.95    7.27
-178683.657    36.862    10.48    7.91
-178308.063    41.442    12.20    7.30
-177932.490    44.836     9.04    5.96
-177556.938    48.930    10.90    5.30
-177181.408    52.638     9.88    5.23
-176805.900    56.886    11.32    5.18
-176430.413    60.336     9.19    4.78
-176054.948    61.439     2.94    4.26
-175679.504    61.314    -0.33    4.73
-175304.082    61.408     0.25    5.23
-174928.681    61.932     1.40    4.80
-174553.302    63.654     4.59    4.51
-174177.944    65.335     4.48    4.56
-173802.608    65.173    -0.43    4.83
-173427.294    65.573     1.07    5.61
-173052.000    65.995     1.13    5.95
-172676.729    66.677     1.82    5.70
-172301.478    67.821     3.05    5.85
-171926.250    69.109     3.43    5.09
-171551.042    70.569     3.89    5.61
-171175.856    73.625     8.15    6.13
-170800.692    76.101     6.60    5.91
-170425.549    79.560     9.22    6.10
-170050.428    81.336     4.73    6.36
-169675.327    83.212     5.00    5.09
-169300.249    84.553     3.58    3.14
-168925.192    83.364    -3.17    3.65
-168550.156    80.662    -7.21    4.66
-168175.141    77.528    -8.36    5.21
-167800.148    74.843    -7.16    5.20
-167425.177    73.019    -4.87    5.01
-167050.227    70.862    -5.75    5.15
-166675.298    68.427    -6.50    5.27
-166300.390    66.386    -5.44    5.01
-165925.504    63.229    -8.42    5.45
-165550.640    61.538    -4.51    5.57
-165175.797    58.825    -7.24    5.98
-164800.975    56.472    -6.28    5.55
-164426.174    53.756    -7.25    6.60
-164051.395    48.395   -14.31    6.93
-163676.637    44.173   -11.27    6.43
-163301.901    41.328    -7.59    5.97
-162927.185    41.604     0.73    6.14
-162552.492    45.208     9.62    7.56
-162177.819    50.609    14.42    6.85
-161803.168    55.271    12.45    6.57
-161428.538    55.734     1.23    6.01
-161053.929    53.408    -6.21    6.17
-160679.342    50.950    -6.56    6.36
-160304.776    50.462    -1.31    6.31
-159930.232    55.125    12.45    9.69
-159555.708    61.576    17.23    9.11
-159181.206    66.495    13.14    7.00
-158806.725    68.973     6.62    3.90
-158432.266    67.080    -5.06    5.03
-158057.827    63.147   -10.51    5.63
-157683.410    59.229   -10.47    6.37
-157309.015    55.359   -10.34    5.53
-156934.640    53.447    -5.11    4.99
-156560.287    52.217    -3.29    5.04
-156185.955    51.762    -1.22    5.49
-155811.644    49.884    -5.02    6.25
-155437.354    45.839   -10.81    5.92
-155063.086    42.040   -10.15    7.01
-154688.839    38.712    -8.89    6.80
-154314.613    34.876   -10.25    7.24
-153940.408    31.995    -7.70    7.36
-153566.225    30.722    -3.40    7.26
-153192.062    32.060     3.58    8.19
-152817.921    36.612    12.17   10.21
-152443.801    43.647    18.81    9.73
-152069.702    47.782    11.05    8.10
-151695.625    50.972     8.53    8.28
-151321.568    53.712     7.33    9.40
-150947.533    56.573     7.65    9.25
-150573.519    60.573    10.70    7.87
-150199.526    62.350     4.75    6.85
-149825.554    64.540     5.86    6.19
-149451.603    66.740     5.88    7.58
-149077.674    68.313     4.21    7.16
-148703.765    70.689     6.35    6.20
-148329.878    72.495     4.83    5.89
-147956.012    73.420     2.48    5.41
-147582.167    75.427     5.37    4.79
-147208.343    77.417     5.33    5.71
-146834.540    79.778     6.32    5.58
-146460.758    81.177     3.74    6.12
-146086.997    83.995     7.54    4.98
-145713.258    84.373     1.01    4.73
-145339.539    85.186     2.18    4.37
-144965.842    85.191     0.01    4.66
-144592.165    83.676    -4.05    4.40
-144218.510    82.299    -3.68    4.92
-143844.875    81.177    -3.00    4.64
-143471.262    78.484    -7.21    4.85
-143097.670    75.068    -9.14    5.19
-142724.099    70.906   -11.14    5.30
-142350.549    68.040    -7.67    4.33
-141977.020    67.884    -0.42    4.65
-141603.512    69.306     3.81    5.22
-141230.025    71.274     5.27    4.81
-140856.558    71.528     0.68    4.88
-140483.113    69.447    -5.57    6.12
-140109.689    66.722    -7.30    5.87
-139736.286    63.147    -9.58    6.14
-139362.904    61.973    -3.15    5.82
-138989.543    62.420     1.20    6.25
-138616.203    63.239     2.19    6.29
-138242.884    66.186     7.90    7.16
-137869.586    70.065    10.39    7.88
-137496.309    70.799     1.97    7.45
-137123.053    73.995     8.56    6.96
-136749.817    75.169     3.15    7.47
-136376.603    76.821     4.43    7.45
-136003.410    80.191     9.03    7.74
-135630.237    83.484     8.83    7.00
-135257.086    86.449     7.95    5.94
-134883.955    88.527     5.57    5.46
-134510.845    89.350     2.21    4.80
-134137.757    89.364     0.04    5.33
-133764.689    88.862    -1.35    6.17
-133391.642    87.550    -3.52    6.50
-133018.616    85.038    -6.74    6.82
-132645.611    83.538    -4.02    5.86
-132272.627    82.037    -4.03    4.92
-131899.663    81.927    -0.29    4.39
-131526.721    82.250     0.87    4.36
-131152.706    83.756     4.03    4.48
-130775.584    84.930     3.11    4.60
-130398.484    86.060     3.00    4.94
-130021.405    88.138     5.51    4.95
-129644.347    90.886     7.29    4.49
-129267.311    92.881     5.29    4.42
-128890.296    94.995     5.61    4.76
-128513.302    97.017     5.36    4.73
-128136.330    98.949     5.13    4.90
-127759.379   101.395     6.49    4.55
-127382.450   102.519     2.98    3.79
-127005.541   101.773    -1.98    4.87
-126628.654    99.631    -5.68    5.67
-126251.789    97.106    -6.70    4.76
-125874.944    95.756    -3.58    4.63
-125498.121    95.109    -1.72    4.62
-125121.320    94.538    -1.51    4.31
-124744.539    93.543    -2.64    4.41
-124367.780    92.017    -4.05    4.18
-123991.042    91.647    -0.98    4.09
-123614.325    92.147     1.33    4.78
-123237.630    92.442     0.78    5.47
-122860.956    93.290     2.25    5.01
-122484.303    94.463     3.11    5.03
-122107.671    95.821     3.61    4.95
-121731.061    98.495     7.10    4.97
-121354.471   101.062     6.82    3.92
-120977.904   101.790     1.94    3.45
-120601.357   101.169    -1.65    3.90
-120224.831   100.586    -1.55    4.18
-119848.327    98.931    -4.40    4.37
-119471.844    97.647    -3.41    5.03
-119095.382    94.399    -8.63    6.17
-118718.941    90.084   -11.46    6.47
-118342.522    87.344    -7.28    5.74
-117966.123    84.706    -7.01    5.93
-117589.746    81.809    -7.70    6.44
-117213.390    77.528   -11.38    6.95
-116837.056    74.328    -8.50    6.17
-116460.742    72.722    -4.27    6.84
-116084.449    73.528     2.14    8.19
-115708.178    74.995     3.90    8.77
-115331.928    74.395    -1.59    8.26
-114955.699    72.123    -6.04    7.57
-114579.491    69.173    -7.84    7.41
-114203.304    65.995    -8.45    7.14
-113827.139    62.950    -8.09    7.17
-113450.994    59.473    -9.25    6.13
-113074.871    57.268    -5.86    4.39
-112698.768    57.528     0.69    4.16
-112322.687    57.662     0.35    4.01
-111946.627    60.518     7.60    5.15
-111570.588    64.059     9.42    6.23
-111194.570    67.518     9.20    7.13
-110818.573    73.662    16.34    7.71
-110442.598    78.343    12.45    6.43
-110066.643    81.256     7.75    5.50
-109690.709    83.417     5.75    4.87
-109314.797    82.227    -3.17    5.57
-108938.905    81.930    -0.79    5.03
-108563.035    81.722    -0.55    4.63
-108187.185    80.399    -3.52    3.52
-107811.357    79.790    -1.62    3.71
-107435.549    77.908    -5.01    4.19
-107059.763    76.617    -3.44    4.69
-106683.998    75.437    -3.14    4.62
-106308.253    77.722     6.08    6.01
-105932.530    79.790     5.51    5.53
-105556.828    79.950     0.43    4.78
-105181.147    78.684    -3.37    4.16
-104805.486    76.972    -4.56    4.44
-104429.847    75.104    -4.97    5.02
-104054.229    74.166    -2.50    5.77
-103678.631    71.017    -8.38    6.22
-103303.055    68.404    -6.96    6.74
-102927.500    65.321    -8.21    6.89
-102551.965    61.846    -9.25    7.57
-102176.452    58.495    -8.92    7.18
-101800.959    55.080    -9.10    5.74
-101425.487    52.313    -7.37    5.25
-101050.037    49.734    -6.87    4.17
-100674.607    47.540    -5.84    3.41
-100299.198    47.217    -0.86    3.65
 -99923.810    50.495     8.73    7.45
 -99548.443    54.234     9.96    8.40
 -99173.097    56.120     5.02    8.88
 -98797.772    58.359     5.97    8.36
 -98422.468    57.147    -3.23    6.90
 -98047.185    59.625     6.60    7.82
 -97671.922    63.321     9.85    8.62
 -97296.681    67.928    12.28    8.52
 -96921.460    72.483    12.14    6.11
 -96546.260    73.951     3.91    4.41
 -96171.081    73.131    -2.19    5.32
 -95795.923    70.208    -7.79    6.59
 -95420.786    65.773   -11.82    6.05
 -95045.670    62.293    -9.28    5.88
 -94670.574    59.734    -6.82    5.67
 -94295.499    57.836    -5.06    5.56
 -93920.446    59.290     3.88    7.11
 -93545.412    60.971     4.48    7.58
 -93170.400    61.669     1.86    6.76
 -92795.409    63.350     4.48    5.56
 -92420.438    63.750     1.07    5.68
 -92045.489    66.684     7.82    5.65
 -91670.560    69.900     8.58    6.01
 -91295.652    72.449     6.80    6.28
 -90920.764    75.040     6.91    5.69
 -90545.898    75.839     2.13    5.04
 -90171.052    73.104    -7.30    6.07
 -89796.227    68.706   -11.73    5.91
 -89421.423    64.908   -10.13    5.70
 -89046.639    62.040    -7.65    5.49
 -88671.877    59.147    -7.72    6.05
 -88297.135    56.423    -7.27    6.03
 -87922.413    52.284   -11.05    5.95
 -87547.713    49.299    -7.97    5.49
 -87173.033    48.147    -3.08    5.32
 -86798.374    47.582    -1.51    5.41
 -86423.736    46.222    -3.63    5.40
 -86049.119    44.891    -3.55    5.05
 -85674.522    44.951     0.16    4.43
 -85299.946    47.538     6.91    7.18
 -84925.390    54.484    18.54   10.22
 -84550.856    60.154    15.14    8.87
 -84176.342    64.144    10.65    7.04
 -83801.848    66.109     5.25    7.40
 -83427.376    64.037    -5.53    8.60
 -83052.924    61.712    -6.21    8.30
 -82678.493    59.357    -6.29    7.34
 -82304.082    59.128    -0.61    6.18
 -81929.692    59.540     1.10    5.19
 -81555.323    62.728     8.52    6.03
 -81180.974    65.328     6.95    6.13
 -80806.646    66.212     2.36    5.79
 -80432.339    68.427     5.92    6.30
 -80058.052    72.538    10.99    7.89
 -79683.786    77.928    14.40    7.99
 -79309.541    81.728    10.15    6.50
 -78935.316    84.518     7.45    4.12
 -78561.112    84.352    -0.44    4.89
 -78186.928    82.817    -4.10    5.13
 -77812.765    80.693    -5.68    5.15
 -77438.623    78.995    -4.54    6.07
 -77064.501    77.173    -4.87    5.58
 -76690.400    75.540    -4.36    5.69
 -76316.320    74.750    -2.11    5.39
 -75942.260    74.470    -0.75    4.44
 -75568.220    72.654    -4.86    4.20
 -75194.201    70.472    -5.83    4.65
 -74820.203    69.128    -3.59    4.52
 -74446.225    66.517    -6.98    3.72
 -74072.268    64.881    -4.37    3.98
 -73698.332    61.740    -8.40    4.55
 -73324.416    58.320    -9.14    5.05
 -72950.520    55.843    -6.63    4.53
 -72576.645    54.400    -3.86    4.01
 -72202.791    56.373     5.28    6.02
 -71828.957    59.734     8.99    6.82
 -71455.143    62.886     8.43    6.38
 -71081.350    64.951     5.53    5.35
 -70707.578    67.745     7.47    5.53
 -70333.826    68.697     2.55    4.90
 -69960.094    69.799     2.95    4.83
 -69586.384    70.560     2.04    5.53
 -69212.693    72.728     5.80    6.87
 -68839.023    76.677    10.57    7.25
 -68465.374    80.234     9.52    6.08
 -68091.745    81.328     2.93    5.15
 -67718.136    79.266    -5.52    6.36
 -67344.548    76.234    -8.12    8.41
 -66970.980    73.038    -8.55    8.26
 -66597.433    71.654    -3.71    7.99
 -66223.906    71.745     0.24    7.14
 -65850.400    71.350    -1.06    6.42
 -65476.914    69.995    -3.63    7.17
 -65103.449    67.256    -7.33    7.08
 -64730.004    64.154    -8.31    5.73
 -64356.579    63.867    -0.77    6.21
 -63983.175    65.125     3.37    7.28
 -63609.791    64.889    -0.63    7.64
 -63236.428    63.817    -2.87    8.93
 -62863.085    61.460    -6.31    9.24
 -62489.762    57.706   -10.06    7.42
 -62116.460    54.876    -7.58    7.07
 -61743.178    51.712    -8.48    6.27
 -61369.917    48.904    -7.52    5.30
 -60996.675    47.321    -4.24    4.71
 -60623.455    45.884    -3.85    4.81
 -60250.254    43.928    -5.24    4.24
 -59877.074    41.268    -7.13    4.58
 -59503.915    38.971    -6.15    4.84
 -59130.775    36.039    -7.86    4.73
 -58757.656    33.669    -6.35    3.91
 -58384.558    32.662    -2.70    4.28
 -58011.479    30.839    -4.88    3.89
 -57638.421    29.836    -2.69    3.94
 -57265.384    30.195     0.96    5.22
 -56892.366    30.947     2.02    6.40
 -56519.369    32.540     4.27    6.83
 -56143.489    33.553     2.69    7.16
 -55766.423    36.595     8.07    8.89
 -55389.377    40.604    10.63   10.07
 -55012.352    44.017     9.05   10.16
 -54635.348    49.165    13.66   11.28
 -54258.365    51.733     6.81    9.84
 -53881.402    54.484     7.30    8.24
 -53504.460    55.716     3.27    6.50
 -53127.539    54.813    -2.40    6.02
 -52750.638    53.256    -4.13    6.74
 -52373.758    51.063    -5.82    7.67
 -51996.899    49.843    -3.24    8.14
 -51620.061    47.778    -5.48    8.59
 -51243.243    46.669    -2.94    8.73
 -50866.447    46.817     0.39    8.39
 -50489.670    47.313     1.32    8.75
 -50112.915    44.843    -6.56   10.27
 -49736.180    39.427   -14.38   10.55
 -49359.466    33.697   -15.21   10.81
 -48982.773    27.930   -15.31    9.47
 -48606.100    23.123   -12.76    6.87
 -48229.448    17.484   -14.97    8.20
 -47852.816    12.646   -12.85    8.11
 -47476.205     7.256   -14.31    6.81
 -47099.615     3.590    -9.73    4.38
 -46723.046     2.506    -2.88    3.40
 -46346.497     5.928     9.09    7.49
 -45969.969    10.553    12.28   11.79
 -45593.461    12.817     6.01   13.68
 -45216.974    13.662     2.24   14.15
 -44840.508    11.222    -6.48   12.29
 -44464.062     7.262   -10.52    9.51
 -44087.637     4.350    -7.73    5.83
 -43711.233     3.386    -2.56    4.09
 -43334.849     4.839     3.86    6.41
 -42958.486     7.169     6.19    8.54
 -42582.143     8.590     3.78    9.68
 -42205.821     9.506     2.43    9.90
 -41829.519     8.528    -2.60    8.59
 -41453.238     8.169    -0.96    8.46
 -41076.978     7.217    -2.53    7.74
 -40700.738     6.404    -2.16    6.75
 -40324.519     4.891    -4.02    5.45
 -39948.320     3.684    -3.21    3.96
 -39572.142     3.373    -0.83    3.71
 -39195.985     3.239    -0.35    3.26
 -38819.847     3.199    -0.11    3.46
 -38443.731     3.889     1.83    3.63
 -38067.635     4.722     2.22    3.68
 -37691.559     4.604    -0.32    3.46
 -37315.504     4.343    -0.69    3.41
 -36939.470     4.560     0.58    3.64
 -36563.456     4.550    -0.03    3.27
 -36187.463     5.423     2.32    2.98
 -35811.490     5.864     1.17    2.97
 -35435.537     5.154    -1.89    3.07
 -35059.605     5.321     0.44    3.04
 -34683.694     5.245    -0.20    3.46
 -34307.803     6.350     2.94    4.63
 -33931.932     7.177     2.20    6.25
 -33556.082     7.566     1.04    6.66
 -33180.252     6.836    -1.94    6.02
 -32804.443     7.251     1.10    4.89
 -32428.654     9.750     6.65    4.54
 -32052.886    11.573     4.85    4.62
 -31677.138    12.563     2.64    4.29
 -31301.411    12.750     0.50    3.96
 -30925.704    12.520    -0.61    3.54
 -30550.017    14.306     4.75    5.04
 -30174.351    16.761     6.53    5.32
 -29798.705    18.773     5.36    6.04
 -29423.080    20.038     3.37    6.10
 -29047.475    20.386     0.93    5.87
 -28671.890    19.538    -2.26    5.01
 -28296.326    19.018    -1.39    4.26
 -27920.782    19.884     2.31    4.00
 -27545.259    22.972     8.22    5.26
 -27169.756    25.336     6.29    4.42
 -26794.273    26.017     1.81    4.07
 -26418.811    25.359    -1.75    4.77
 -26043.369    21.886    -9.25    5.55
 -25667.947    19.430    -6.54    4.94
 -25292.546    18.191    -3.30    4.66
 -24917.165    15.306    -7.68    4.41
 -24541.804    13.836    -3.92    4.85
 -24166.464    10.612    -8.59    5.76
 -23791.144     7.631    -7.94    5.87
 -23415.845     4.506    -8.33    5.32
 -23040.565     3.104    -3.74    4.19
 -22665.306     1.931    -3.12    2.45
 -22290.068     1.427    -1.34    1.37
 -21914.849     1.344    -0.22    1.11
 -21539.651     0.817    -1.40    1.42
 -21164.474     0.590    -0.61    1.50
 -20789.316     0.186    -1.08    1.56
 -20414.179    -0.187    -1.00    1.54
 -20039.062    -0.583    -1.06    1.18
 -19663.965    -0.583     0.00    1.29
 -19288.889    -0.261     0.86    1.57
 -18913.833     0.154     1.11    1.85
 -18538.797     0.410     0.68    1.99
 -18163.781     0.484     0.20    1.95
 -17788.786     0.417    -0.18    1.91
 -17413.811     0.684     0.71    1.99
 -17038.856     0.862     0.47    1.83
 -16663.921     1.043     0.48    1.74
 -16289.007     0.745    -0.79    1.59
 -15914.112     0.646    -0.26    1.40
 -15539.238     0.745     0.26    1.57
 -15164.384     0.799     0.14    1.95
 -14789.551     0.745    -0.14    2.06
 -14414.737     0.430    -0.84    2.04
 -14039.944     0.404    -0.07    1.72
 -13665.171     0.473     0.18    1.99
 -13290.418     0.423    -0.13    2.05
 -12915.685     0.595     0.46    2.19
 -12540.973     0.995     1.07    2.14
 -12166.281     0.647    -0.93    1.91
 -11791.608     0.538    -0.29    1.92
 -11416.956     0.586     0.13    1.88
 -11042.324     0.821     0.63    2.08
 -10667.713     0.973     0.40    2.14
 -10293.121     0.950    -0.06    2.15
  -9918.550     0.839    -0.30    1.99
  -9543.998     0.859     0.05    2.01
  -9169.467     0.548    -0.83    1.99
  -8794.956     0.313    -0.63    2.08
  -8420.465     0.084    -0.61    2.07
  -8045.994    -0.244    -0.88    1.68
  -7671.543    -0.294    -0.13    1.63
  -7297.113    -0.427    -0.36    1.20
  -6922.702    -0.232     0.52    1.68
  -6548.312     0.278     1.36    2.20
  -6173.941     0.654     1.01    2.51
  -5799.591     1.037     1.02    2.63
  -5425.261     0.734    -0.81    2.51
  -5050.950     0.625    -0.29    2.43
  -4676.660     0.158    -1.25    1.96
  -4302.390     0.109    -0.13    1.93
  -3928.140     0.106    -0.01    1.99
  -3553.910     0.185     0.21    2.05
  -3179.700     0.321     0.36    2.07
  -2805.510     0.177    -0.39    1.98
  -2431.341     0.256     0.21    1.65
  -2057.191     0.439     0.49    2.01
  -1683.061     0.484     0.12    2.03
  -1308.951     0.381    -0.27    1.91
   -934.861     0.263    -0.32    1.75
   -560.792     0.595     0.89    2.06
   -186.742     1.227     1.69    2.51
    187.288     1.573     0.92    2.62
    561.298     1.950     1.01    2.97
    935.287     2.879     2.48    3.49
   1309.257     2.639    -0.64    3.60
   1683.207     2.471    -0.45    3.67
   2057.137     1.995    -1.27    3.59
   2431.047     1.111    -2.36    2.79
   2804.937     0.881    -0.61    2.41
   3178.807     1.018     0.36    2.30
   3552.657     1.495     1.28    2.55
   3926.487     1.684     0.51    2.64
   4300.297     2.068     1.03    2.61
   4674.087     1.773    -0.79    2.50
   5047.857     1.600    -0.46    2.28
   5421.608     1.195    -1.08    1.88
   5795.338     0.995    -0.54    1.73
   6169.049     0.908    -0.23    1.66
   6542.739     0.821    -0.23    1.72
   6916.410     0.693    -0.34    1.82
   7290.061     0.625    -0.18    1.74
   7663.692     0.471    -0.41    1.74
   8037.303     0.728     0.69    1.98
   8410.894     0.886     0.42    1.98
   8784.465     0.908     0.06    1.86
   9158.016     1.150     0.65    1.77
   9531.548     1.290     0.37    1.81
   9905.060     1.169    -0.33    1.58
  10278.551     1.245     0.20    1.71
  10652.023     1.462     0.58    1.67
  11025.475     1.728     0.71    1.76
  11398.908     2.540     2.17    1.93
  11772.320     2.817     0.74    1.84
  12145.712     3.169     0.94    2.23
  12519.085     2.647    -1.40    2.46
  12892.438     1.677    -2.60    2.59
  13265.771     1.484    -0.52    2.56
  13639.084     1.040    -1.19    2.41
  14012.378     1.017    -0.06    2.59
  14385.652     0.817    -0.54    2.60
  14758.905     0.928     0.30    2.69
  15132.139     1.016     0.24    2.54
  15505.354     1.177     0.43    2.42
  15878.548     1.128    -0.13    2.46
  16251.723     1.321     0.52    2.26
  16624.878     1.284    -0.10    2.16
  16998.013     1.462     0.48    2.40
  17371.128     1.507     0.12    2.44
  17744.224     1.256    -0.67    2.48
  18117.300     1.313     0.15    2.61
  18490.967     1.654     0.91    2.85
  18868.000     1.821     0.44    2.86
  19245.012     1.799    -0.06    3.03
  19622.004     1.906     0.28    3.12
  19998.976     1.804    -0.27    3.05
  20375.928     1.639    -0.44    3.09
  20752.859     1.590    -0.13    3.00
  21129.770     0.884    -1.87    2.35
  21506.662     1.039     0.41    2.15
  21883.533     1.381     0.91    2.13
  22260.384     1.528     0.39    2.19
  22637.214     1.043    -1.29    1.82
  23014.025     0.927    -0.31    1.55
  23390.816     1.041     0.30    1.45
  23767.586     1.239     0.53    1.93
  24144.336     1.573     0.88    2.03
  24521.066     1.495    -0.21    2.16
  24897.776     1.582     0.23    2.26
  25274.466     1.566    -0.04    2.04
  25651.136     1.395    -0.46    1.97
  26027.786     1.473     0.21    1.91
  26404.415     1.125    -0.92    1.63
  26781.025     0.995    -0.35    1.84
  27157.614     0.859    -0.36    1.64
  27534.183     1.060     0.54    1.51
  27910.733     1.177     0.31    1.72
  28287.262     1.039    -0.36    1.57
  28663.771     0.728    -0.83    1.67
  29040.260     0.560    -0.45    1.70
  29416.729     0.517    -0.12    1.87
  29793.178     1.018     1.33    2.18
  30169.607     1.756     1.96    2.81
  30546.016     1.404    -0.93    2.53
  30922.405     1.563     0.42    2.18
  31298.774     1.734     0.45    2.31
  31675.122     1.693    -0.11    2.23
  32051.451     1.451    -0.64    2.38
  32427.760     1.256    -0.52    2.52
  32804.049     1.604     0.92    2.56
  33180.317     1.722     0.32    2.90
  33556.566     1.971     0.66    2.93
  33932.795     1.528    -1.18    2.68
  34309.004     1.288    -0.64    2.55
  34685.193     1.328     0.11    2.42
  35061.362     1.268    -0.16    2.15
  35437.510     0.972    -0.79    2.30
  35813.639     0.550    -1.12    1.96
  36189.748     1.065     1.37    2.75
  36565.837     1.086     0.06    2.80
  36941.906     1.614     1.40    3.31
  37317.955     2.313     1.86    3.52
  37693.984     3.595     3.41    4.02
  38069.994     5.745     5.72    4.66
  38445.983     8.173     6.46    4.84
  38821.952    11.320     8.37    5.03
  39197.902    13.131     4.82    3.94
  39573.831    13.904     2.06    3.76
  39949.741    13.134    -2.05    4.10
  40325.631    10.734    -6.39    4.51
  40701.500     9.284    -3.86    4.83
  41077.350     7.104    -5.80    5.24
  41453.180     6.233    -2.32    5.62
  41828.991     4.062    -5.78    4.91
  42204.781     2.018    -5.44    3.07
  42580.551     1.722    -0.79    2.85
  42956.302     2.484     2.03    4.20
  43332.032     4.313     4.87    4.85
  43707.743     4.846     1.42    4.40
  44083.434     5.839     2.64    4.49
  44459.105     5.328    -1.36    3.77
  44834.756     4.884    -1.18    3.35
  45210.388     4.495    -1.04    2.90
  45585.999     5.104     1.62    3.11
  45961.591     6.199     2.92    3.92
  46337.163     8.239     5.43    4.13
  46712.715    10.625     6.35    4.66
  47088.247    12.795     5.78    4.36
  47463.760    14.239     3.85    3.66
  47839.253    15.320     2.88    3.99
  48214.725    16.821     4.00    4.49
  48590.179    19.390     6.84    5.21
  48965.612    21.617     5.93    5.44
  49341.025    23.669     5.46    5.22
  49716.419    25.364     4.52    4.92
  50091.793    25.817     1.21    3.98
  50467.147    25.947     0.35    3.67
  50842.482    26.617     1.78    3.78
  51217.796    27.852     3.29    3.95
  51593.091    29.617     4.70    4.16
  51968.366    30.768     3.07    3.78
  52343.622    30.472    -0.79    4.00
  52718.858    27.927    -6.78    5.06
  53094.073    24.733    -8.51    4.88
  53469.270    20.995    -9.96    4.62
  53844.446    19.209    -4.76    4.37
  54219.603    18.617    -1.58    4.28
  54594.740    18.173    -1.18    4.41
  54969.857    17.739    -1.16    3.92
  55344.955    14.928    -7.49    4.68
  55720.033    13.220    -4.55    3.82
  56095.091    12.063    -3.08    2.92
  56470.130    11.902    -0.43    3.32
  56845.149    12.949     2.79    3.87
  57220.148    14.973     5.40    4.31
  57595.128    17.154     5.82    4.24
  57970.087    19.299     5.72    4.18
  58345.028    19.410     0.29    4.36
  58719.948    20.662     3.34    5.00
  59094.849    21.722     2.83    5.12
  59469.730    23.623     5.07    5.71
  59844.592    26.843     8.59    5.78
  60219.434    29.017     5.80    4.69
  60594.256    29.582     1.51    4.40
  60969.059    30.227     1.72    4.35
  61343.842    31.395     3.11    5.16
  61718.606    33.199     4.81    4.75
  62093.349    34.927     4.61    4.03
  62468.074    35.278     0.94    4.04
  62842.778    34.734    -1.45    4.86
  63217.463    33.950    -2.09    4.66
  63592.129    32.750    -3.20    4.94
  63966.775    32.995     0.65    5.61
  64341.401    33.313     0.85    5.36
  64716.008    34.063     2.00    5.48
  65090.595    35.169     2.95    5.12
  65465.162    35.995     2.21    5.10
  65839.710    37.484     3.97    4.99
  66214.239    39.060     4.21    5.05
  66588.748    41.691     7.02    4.56
  66963.237    43.245     4.15    3.76
  67337.707    44.040     2.12    3.36
  67712.157    44.239     0.53    3.65
  68086.588    43.855    -1.03    3.68
  68460.999    43.647    -0.56    3.35
  68835.391    42.278    -3.66    3.78
  69209.763    39.262    -8.06    4.93
  69584.116    36.313    -7.88    4.68
  69958.449    33.813    -6.68    4.23
  70332.762    31.484    -6.22    4.35
  70707.056    30.946    -1.44    4.76
  71081.331    30.756    -0.51    5.21
  71455.586    30.106    -1.74    5.60
  71829.822    30.017    -0.24    5.48
  72204.038    29.109    -2.43    5.24
  72578.235    28.125    -2.63    4.85
  72952.412    26.836    -3.45    4.13
  73326.570    25.320    -4.05    3.74
  73700.708    22.639    -7.16    4.48
  74074.827    19.590    -8.15    3.94
  74448.926    17.795    -4.80    2.78
  74823.006    17.862     0.18    3.05
  75197.067    19.495     4.37    4.24
  75571.108    21.972     6.62    4.52
  75945.130    24.543     6.87    4.47
  76319.132    27.768     8.62    4.67
  76693.115    31.162     9.07    4.91
  77067.078    33.173     5.38    4.81
  77441.022    36.639     9.27    5.45
  77814.947    39.018     6.36    5.11
  78188.852    39.817     2.14    4.04
  78562.738    40.170     0.94    3.42
  78936.604    39.199    -2.60    3.64
  79310.451    37.923    -3.41    3.35
  79684.279    36.684    -3.32    3.67
  80058.087    34.245    -6.52    4.69
  80431.876    31.404    -7.60    4.01
  80805.645    29.262    -5.73    2.27
  81179.395    29.775     1.37    3.02
  81553.126    31.677     5.09    4.31
  81926.838    34.900     8.62    4.85
  82300.530    38.245     8.95    5.23
  82674.203    42.484    11.34    5.13
  83047.856    44.609     5.69    3.71
  83421.490    44.560    -0.13    3.90
  83795.105    43.162    -3.74    4.02
  84168.700    41.734    -3.82    4.04
  84542.276    40.304    -3.83    3.97
  84915.833    38.595    -4.58    4.23
  85289.371    35.625    -7.95    4.64
  85662.889    33.586    -5.46    4.13
  86036.388    31.373    -5.92    2.81
  86409.867    31.109    -0.71    2.94
  86783.328    32.995     5.05    4.95
  87156.769    35.185     5.87    5.33
  87530.191    35.550     0.98    4.98
  87903.593    35.813     0.70    5.15
  88276.976    34.927    -2.37    4.16
  88650.340    36.417     3.99    4.49
  89023.685    39.669     8.71    5.44
  89397.010    43.517    10.31    5.29
  89770.317    47.065     9.50    4.89
  90143.603    48.217     3.09    4.31
  90516.871    47.716    -1.34    3.78
  90890.120    46.395    -3.54    4.44
  91263.349    43.528    -7.68    5.56
  91636.559    40.538    -8.01    4.63
  92009.750    38.973    -4.20    3.95
  92382.921    38.631    -0.91    4.79
  92756.074    39.951     3.54    5.08
  93129.207    42.381     6.51    5.27
  93504.646    44.550     5.78    5.51
  93881.623    48.106     9.43    5.03
  94258.580    49.995     5.01    3.57
  94635.517    49.082    -2.42    4.60
  95012.435    46.239    -7.54    5.43
  95389.333    44.128    -5.60    4.45
  95766.212    44.972     2.24    4.96
  96143.071    46.367     3.70    4.90
  96519.911    48.343     5.24    4.03
  96896.731    49.281     2.49    4.07
  97273.531    49.639     0.95    3.47
  97650.312    48.756    -2.34    3.62
  98027.073    47.306    -3.85    4.32
  98403.814    45.728    -4.19    4.42
  98780.536    44.590    -3.02    4.53
  99157.239    45.795     3.20    4.75
  99533.922    46.638     2.24    3.67
  99910.585    45.262    -3.65    3.96
 100287.229    42.881    -6.32    3.86
 100663.853    41.722    -3.08    3.85
 101040.458    40.790    -2.47    4.40
 101417.044    41.770     2.60    4.50
 101793.609    44.313     6.75    4.22
 102170.156    45.576     3.35    4.15
 102546.682    48.750     8.43    4.54
 102923.190    51.084     6.20    4.59
 103299.677    53.019     5.14    4.28
 103676.145    52.472    -1.45    4.26
 104052.594    52.751     0.74    4.12
 104429.023    53.586     2.22    3.93
 104805.433    53.472    -0.30    3.51
 105181.824    54.245     2.05    3.01
 105558.194    53.647    -1.59    3.26
 105934.546    52.043    -4.26    4.05
 106310.878    51.084    -2.55    4.37
 106687.190    51.716     1.68    4.96
 107063.483    51.063    -1.73    5.56
 107439.757    49.284    -4.73    6.90
 107816.011    44.799   -11.92    7.91
 108192.245    39.517   -14.04    5.29
 108568.461    37.553    -5.22    3.92
 108944.657    37.350    -0.54    4.66
 109320.833    39.609     6.00    5.97
 109696.990    40.972     3.62    5.72
 110073.128    41.817     2.25    5.02
 110449.246    40.131    -4.48    5.62
 110825.345    36.284   -10.23    5.16
 111201.424    35.306    -2.60    4.43
 111577.484    35.677     0.99    5.10
 111953.524    37.084     3.74    5.33
 112329.546    38.245     3.09    4.66
 112705.548    40.364     5.64    4.57
 113081.530    40.881     1.37    4.36
 113457.493    41.617     1.96    4.18
 113833.437    40.299    -3.51    4.99
 114209.361    36.472   -10.18    5.32
 114585.266    32.563   -10.40    5.24
 114961.152    29.566    -7.97    3.40
 115337.018    27.756    -4.82    1.93
 115712.865    27.154    -1.60    1.51
 116088.693    28.062     2.41    2.55
 116464.501    30.222     5.75    4.35
 116840.290    32.540     6.17    5.05
 117216.060    35.336     7.44    5.39
 117591.811    36.145     2.15    5.15
 117967.542    35.662    -1.29    5.59
 118343.253    33.855    -4.81    5.07
 118718.946    33.927     0.19    4.98
 119094.619    33.084    -2.24    5.65
 119470.273    32.852    -0.62    5.41
 119845.908    31.609    -3.31    4.17
 120221.523    30.745    -2.30    2.77
 120597.119    30.862     0.31    2.20
 120972.696    30.669    -0.51    1.81
 121348.253    30.773     0.28    1.76
 121723.792    31.381     1.62    2.63
 122099.311    32.947     4.17    3.92
 122474.811    34.699     4.67    4.89
 122850.291    35.804     2.94    4.78
 123225.752    36.404     1.60    4.45
 123601.194    36.722     0.85    4.41
 123976.617    38.154     3.81    5.49
 124352.021    37.550    -1.61    4.31
 124727.405    37.166    -1.03    3.47
 125102.770    36.881    -0.76    2.75
 125478.116    37.852     2.59    3.63
 125853.443    39.586     4.62    4.60
 126228.751    43.538    10.53    5.57
 126604.039    46.950     9.09    5.32
 126979.308    48.538     4.23    4.80
 127354.558    50.614     5.53    4.26
 127729.789    52.706     5.57    5.03
 128105.001    54.018     3.50    5.04
 128480.193    55.859     4.90    4.55
 128855.366    58.439     6.88    3.90
 129230.521    60.408     5.25    3.50
 129605.656    61.790     3.68    2.89
 129980.771    63.088     3.46    1.62
 130355.868    63.106     0.05    1.50
 130730.946    62.483    -1.66    2.13
 131106.004    62.222    -0.70    2.61
 131481.043    62.484     0.70    2.56
 131856.063    62.906     1.13    2.93
 132231.064    63.684     2.07    2.30
 132606.046    63.150    -1.42    2.35
 132981.009    61.862    -3.44    3.01
 133355.953    59.328    -6.76    3.91
 133730.877    57.677    -4.40    3.79
 134105.783    56.734    -2.51    3.47
 134480.669    57.040     0.82    3.80
 134855.537    58.106     2.84    3.61
 135230.385    59.908     4.81    3.34
 135605.214    60.573     1.77    2.94
 135980.024    60.728     0.41    2.97
 136354.815    59.809    -2.45    3.55
 136729.587    58.538    -3.39    3.74
 137104.340    58.638     0.27    3.94
 137479.073    59.728     2.91    3.77
 137853.788    59.712    -0.04    3.66
 138228.484    58.284    -3.81    4.02
 138603.161    57.609    -1.80    3.83
 138977.818    58.925     3.51    4.12
 139352.457    60.995     5.52    3.83
 139727.076    61.376     1.02    3.49
 140101.677    60.734    -1.71    3.27
 140476.258    60.449    -0.76    3.08
 140850.821    61.217     2.05    3.02
 141225.364    62.109     2.38    2.45
 141599.889    61.281    -2.21    2.88
 141974.394    58.245    -8.10    4.39
 142348.881    56.166    -5.55    3.88
 142723.348    56.395     0.61    3.85
 143097.797    55.540    -2.28    3.91
 143472.227    54.381    -3.10    4.35
 143846.637    53.495    -2.37    4.26
 144221.029    52.947    -1.46    4.00
 144595.401    54.381     3.83    4.48
 144969.755    56.070     4.51    3.79
 145344.090    57.484     3.78    3.60
 145718.406    58.859     3.67    3.83
 146092.702    60.268     3.76    3.58
 146466.980    62.284     5.39    2.24
 146841.239    63.458     3.14    2.60
 147215.479    63.790     0.89    2.72
 147589.700    64.580     2.11    2.39
 147963.903    64.706     0.34    2.16
 148338.086    63.483    -3.27    2.68
 148712.250    62.518    -2.58    2.75
 149086.396    63.018     1.34    3.30
 149460.522    64.800     4.76    3.35
 149834.630    65.904     2.95    2.53
 150208.719    65.824    -0.21    2.45
 150582.789    65.654    -0.45    2.85
 150956.840    65.836     0.49    3.04
 151330.872    67.336     4.01    2.58
 151704.885    68.484     3.07    1.71
 152078.879    68.685     0.54    1.62
 152452.855    68.313    -1.00    1.79
 152826.811    67.946    -0.98    1.66
 153200.749    67.222    -1.94    1.85
 153574.668    66.995    -0.61    1.89
 153948.568    66.949    -0.12    1.89
 154322.449    66.328    -1.66    2.04
 154696.312    66.400     0.19    1.90
 155070.155    66.109    -0.78    1.87
 155443.980    66.483     1.00    2.11
 155817.786    67.381     2.40    1.90
 156191.573    67.927     1.46    1.47
 156565.341    68.086     0.43    1.36
 156939.091    67.573    -1.37    1.74
 157312.822    66.757    -2.18    1.92
 157686.534    66.799     0.11    1.83
 158060.227    67.114     0.84    1.90
 158433.901    67.768     1.75    1.57
 158807.556    68.336     1.52    1.08
 159181.193    68.268    -0.18    1.04
 159554.811    67.817    -1.21    1.32
 159928.410    67.336    -1.29    1.57
 160301.991    67.082    -0.68    1.50
 160675.552    66.775    -0.82    1.56
 161049.095    66.950     0.47    1.35
 161422.620    66.972     0.06    1.47
 161796.125    66.948    -0.06    1.54
 162169.612    66.790    -0.42    1.41
 162543.080    66.862     0.19    1.29
 162916.529    66.973     0.30    1.16
 163289.959    67.066     0.25    1.35
 163663.371    66.728    -0.91    1.42
 164036.764    66.460    -0.72    1.53
 164410.138    66.245    -0.58    1.75
 164783.494    65.617    -1.68    1.66
 165156.831    65.495    -0.33    1.60
 165530.149    64.995    -1.34    1.78
 165903.449    64.304    -1.85    1.58
 166276.729    63.728    -1.54    1.60
 166649.991    63.274    -1.22    2.05
 167023.235    62.550    -1.94    2.28
 167396.460    61.518    -2.77    2.31
 167769.666    60.886    -1.69    1.99
 168143.012    60.427    -1.23    1.47
 168519.957    60.154    -0.72    1.76
 168896.882    60.256     0.27    2.04
 169273.788    59.925    -0.88    2.07
 169650.676    59.518    -1.08    1.87
 170027.544    59.350    -0.44    1.54
 170404.393    60.177     2.19    2.20
 170781.223    60.839     1.76    2.50
 171158.034    61.538     1.85    2.68
 171534.826    61.631     0.25    2.62
 171911.599    61.706     0.20    2.61
 172288.353    61.460    -0.65    2.39
 172665.088    61.321    -0.37    2.26
 173041.804    60.813    -1.35    1.81
 173418.501    61.062     0.66    1.84
 173795.179    61.199     0.37    1.96
 174171.838    61.427     0.60    1.97
 174548.478    61.950     1.39    2.02
 174925.099    62.614     1.76    2.27
 175301.701    63.669     2.80    2.64
 175678.284    64.699     2.74    2.17
 176054.848    65.150     1.20    1.95
 176431.393    65.566     1.10    1.95
 176807.919    65.653     0.23    1.85
 177184.426    66.040     1.03    1.94
 177560.915    66.220     0.48    1.80
 177937.384    66.262     0.11    1.60
 178313.834    66.699     1.16    1.66
 178690.266    67.359     1.75    1.73
 179066.678    68.018     1.75    1.55
 179443.072    68.605     1.56    1.38
 179819.446    68.972     0.98    1.09
 180195.802    68.947    -0.07    1.03
 180572.139    68.817    -0.35    1.27
 180948.457    68.684    -0.35    1.49
 181324.756    68.832     0.39    1.23
 181701.036    68.904     0.19    0.98
 182077.297    68.620    -0.75    1.03
 182453.539    68.404    -0.57    1.02
 182829.763    68.018    -1.03    1.13
 183205.967    67.404    -1.63    1.11
 183582.153    67.017    -1.03    1.31
 183958.320    66.971    -0.12    1.35
 184334.468    66.359    -1.63    1.46
 184710.597    65.824    -1.42    1.64
 185086.707    65.677    -0.39    1.76
 185462.798    65.859     0.48    1.85
 185838.871    65.813    -0.12    1.93
 186214.924    66.039     0.60    1.31
 186590.959    65.804    -0.62    1.06
 186966.975    65.284    -1.38    1.44
 187342.972    64.111    -3.12    1.89
 187718.951    63.563    -1.46    2.06
 188094.910    62.684    -2.34    2.31
 188470.851    62.038    -1.72    2.38
 188846.773    61.472    -1.51    2.73
 189222.676    61.344    -0.34    2.67
 189598.560    61.573     0.61    2.67
 189974.426    61.722     0.40    2.44
 190350.273    62.086     0.97    1.51
 190726.101    61.859    -0.60    1.30
 191101.910    61.245    -1.63    1.46
 191477.700    60.404    -2.24    1.67
 191853.472    59.336    -2.84    2.22
 192229.225    58.018    -3.51    2.42
 192604.959    56.573    -3.84    2.44
 192980.674    55.745    -2.20    1.91
 193356.370    55.086    -1.75    1.70
 193732.048    54.881    -0.54    1.60
 194107.707    55.039     0.42    1.64
 194483.348    54.927    -0.30    2.00
 194858.969    54.631    -0.79    1.93
 195234.572    54.684     0.14    1.81
 195610.156    54.590    -0.25    1.87
 195985.722    54.864     0.73    2.02
 196361.269    55.284     1.12    2.39
 196736.797    55.417     0.35    2.59
 197112.306    55.177    -0.64    2.97
 197487.796    55.245     0.18    2.70
 197863.268    54.462    -2.09    2.40
 198238.722    53.923    -1.43    1.90
 198614.156    53.560    -0.97    1.38
 198989.572    52.728    -2.22    1.59
 199364.969    52.268    -1.23    1.63
 199740.348    51.447    -2.18    1.52
 200115.707    51.320    -0.34    1.34
 200491.049    51.359     0.10    1.38
 200866.371    50.922    -1.16    1.46
 201241.675    50.395    -1.40    1.30
 201616.960    50.881     1.30    2.23
 201992.227    52.927     5.45    4.08
 202367.475    56.381     9.20    4.77
 202742.704    59.288     7.74    3.72
 203117.915    61.018     4.61    1.98
 203493.107    61.638     1.65    1.90
 203868.280    62.395     2.02    1.62
 204243.435    62.699     0.81    1.59
 204618.571    62.881     0.48    1.70
 204993.689    62.768    -0.30    2.00
 205368.788    62.520    -0.66    2.76
 205743.868    61.586    -2.49    3.76
 206118.930    60.876    -1.89    3.85
 206493.973    60.750    -0.33    3.28
 206868.998    60.662    -0.24    2.87
 207244.004    61.297     1.69    3.17
 207618.991    62.631     3.56    3.06
 207993.960    64.020     3.70    3.48
 208368.910    64.845     2.20    3.45
 208743.842    66.066     3.26    2.97
