-332133.692    66.742     0.00    6.69
-331758.683    69.830     8.24    7.16
-331383.694    72.510     7.15    5.86
-331008.725    73.818     3.49    5.00
-330633.777    72.462    -3.62    4.61
-330258.849    70.578    -5.03    4.31
-329883.941    68.012    -6.85    4.89
-329509.053    64.555    -9.22    5.89
-329134.185    61.151    -9.08    5.54
-328759.338    58.917    -5.96    4.92
-328384.511    57.417    -4.00    4.78
-328009.704    56.751    -1.78    5.22
-327634.917    56.487    -0.70    5.52
-327260.151    57.156     1.79    5.80
-326885.404    56.146    -2.70    5.38
-326510.678    55.841    -0.81    5.01
-326135.972    54.308    -4.09    4.88
-325761.286    52.221    -5.57    5.22
-325386.620    49.373    -7.60    5.04
-325011.975    47.010    -6.31    4.46
-324637.350    44.729    -6.09    2.85
-324262.744    43.111    -4.32    2.91
-323888.159    42.482    -1.68    3.04
-323513.594    41.964    -1.38    3.49
-323139.049    40.591    -3.67    3.24
-322764.525    40.018    -1.53    3.27
-322390.020    39.351    -1.78    3.40
-322015.536    40.010     1.76    4.22
-321641.071    41.683     4.47    5.11
-321266.627    43.573     5.05    4.58
-320892.203    44.606     2.76    3.56
-320517.799    43.440    -3.11    3.93
-320143.415    42.129    -3.50    4.50
-319769.051    39.955    -5.81    5.31
-319394.707    39.307    -1.73    5.86
-319020.384    37.873    -3.83    7.18
-318646.080    37.396    -1.28    7.83
-318271.796    36.760    -1.70    9.52
-317897.533    36.018    -1.98    9.15
-317523.289    37.951     5.17    8.71
-317149.066    37.964     0.04    7.58
-316774.863    36.852    -2.97    6.76
-316400.679    34.588    -6.05    7.59
-316026.516    28.040   -17.50    9.70
-315652.373    22.164   -15.71    7.42
-315278.250    19.351    -7.52    6.12
-314904.146    18.650    -1.87    5.81
-314530.063    20.113     3.91    6.75
-314156.000    20.352     0.64    7.32
-313781.957    21.987     4.37    9.33
-313407.934    25.504     9.41   11.73
-313033.930    27.828     6.22   11.75
-312659.947    28.640     2.17   11.19
-312285.984    24.062   -12.24   11.47
-311912.041    19.482   -12.25    7.88
-311538.117    16.640    -7.60    4.52
-311164.214    16.532    -0.29    4.99
-310790.331    17.686     3.09    5.36
-310416.467    21.285     9.63    7.19
-310042.624    24.885     9.63    9.04
-309668.801    30.618    15.34    8.60
-309294.997    33.214     6.95    6.65
-308921.213    35.417     5.89    4.79
-308547.450    35.442     0.07    4.16
-308173.706    35.396    -0.12    4.79
-307799.982    34.721    -1.81    5.82
-307426.278    35.113     1.05    5.54
-307052.594    36.328     3.25    5.55
-306678.930    37.629     3.48    4.70
-306305.286    38.460     2.23    3.99
-305931.662    37.932    -1.42    5.01
-305558.057    35.439    -6.67    4.92
-305184.473    35.113    -0.87    4.96
-304810.908    36.026     2.44    5.13
-304437.364    39.569     9.49    6.20
-304063.839    42.504     7.86    7.06
-303690.334    44.151     4.41    7.12
-303316.849    44.088    -0.17    7.42
-302943.383    40.482    -9.66    7.36
-302569.938    36.782    -9.91    5.48
-302196.512    35.026    -4.71    4.24
-301823.107    35.896     2.33    4.76
-301449.721    37.613     4.60    4.99
-301076.355    37.373    -0.64    5.49
-300703.008    36.211    -3.12    6.66
-300329.682    32.555    -9.79    6.55
-299956.375    29.812    -7.35    4.63
-299583.089    29.218    -1.59    4.08
-299209.822    29.396     0.48    3.67
-298836.575    28.529    -2.32    3.14
-298463.347    28.840     0.83    3.22
-298090.140    28.815    -0.07    3.10
-297716.952    29.805     2.65    3.11
-297343.784    31.540     4.65    3.08
-296967.433    31.773     0.62    3.91
-296590.305    33.443     4.43    5.11
-296213.198    34.996     4.12    5.47
-295836.110    36.485     3.95    5.10
-295459.043    39.040     6.78    4.97
-295081.996    40.101     2.81    4.65
-294704.969    42.373     6.03    4.46
-294327.963    43.907     4.07    4.66
-293950.977    44.917     2.68    4.91
-293574.011    48.221     8.77    5.66
-293197.065    51.331     8.25    6.41
-292820.139    54.652     8.81    6.51
-292443.233    55.417     2.03    5.72
-292066.348    54.559    -2.28    5.39
-291689.482    52.796    -4.68    4.39
-291312.637    52.286    -1.35    4.30
-290935.812    51.395    -2.37    4.85
-290559.007    49.522    -4.97    5.26
-290182.223    48.308    -3.22    5.07
-289805.458    47.818    -1.30    4.43
-289428.714    47.729    -0.24    4.21
-289051.989    48.101     0.99    3.84
-288675.285    48.765     1.76    3.83
-288298.601    50.396     4.33    4.57
-287921.937    52.156     4.67    6.24
-287545.293    54.569     6.41    7.69
-287168.669    55.830     3.35    7.95
-286792.066    57.573     4.63    7.62
-286415.482    58.683     2.95    7.33
-286038.919    61.156     6.57    8.33
-285662.375    63.945     7.41    9.19
-285285.852    65.308     3.62    9.02
-284909.348    67.419     5.61    8.49
-284532.865    69.328     5.07    9.86
-284156.402    72.532     8.51   12.31
-283779.959    76.254     9.89   13.11
-283403.536    80.373    10.95   11.80
-283027.133    83.606     8.59    9.78
-282650.749    85.262     4.40    8.35
-282274.386    85.040    -0.59    8.08
-281898.044    85.327     0.76    9.23
-281521.721    86.351     2.72   10.15
-281145.418    88.673     6.17   10.61
-280769.135    89.146     1.26    9.60
-280392.872    85.939    -8.53    9.51
-280016.629    84.964    -2.59    9.43
-279640.406    83.596    -3.64    8.57
-279264.203    81.234    -6.28    9.65
-278888.020    78.569    -7.09    7.76
-278511.857    78.159    -1.09    6.92
-278135.714    78.307     0.39    7.02
-277759.591    81.640     8.86    7.42
-277383.488    85.047     9.06    7.54
-277007.405    86.262     3.23    7.11
-276631.342    88.805     6.76    8.44
-276255.298    88.960     0.41    8.04
-275879.275    88.510    -1.20    7.61
-275503.272    89.751     3.30    6.91
-275127.288    90.573     2.19    6.09
-274751.325    93.818     8.63    7.82
-274375.381    97.990    11.10    9.25
-273999.458   104.010    16.02    8.62
-273623.554   108.862    12.91    9.27
-273247.670   111.692     7.53    9.25
-272871.806   116.237    12.10    9.35
-272495.962   119.018     7.40    9.09
-272120.138   120.826     4.81    7.96
-271744.334   123.460     7.01    6.80
-271368.549   124.796     3.55    5.70
-270992.785   124.418    -1.01    6.55
-270617.040   124.420     0.01    7.36
-270241.316   123.396    -2.73    6.58
-269865.611   121.101    -6.11    6.61
-269489.926   120.248    -2.27    6.86
-269114.260   116.951    -8.78    7.07
-268738.615   115.692    -3.35    6.99
-268362.990   117.285     4.24    7.42
-267987.384   121.129    10.24    7.54
-267611.798   124.183     8.13    7.08
-267236.232   127.942    10.01    6.62
-266860.686   131.559     9.64    4.75
-266485.160   132.907     3.59    3.60
-266109.653   130.442    -6.57    5.90
-265734.166   127.328    -8.29    6.29
-265358.699   127.973     1.72    7.43
-264983.252   130.207     5.95    8.08
-264607.825   134.828    12.31    6.89
-264232.417   137.635     7.48    5.08
-263857.030   137.646     0.03    5.79
-263481.662   136.439    -3.22    5.98
-263106.313   134.305    -5.69    7.16
-262730.985   130.352   -10.54    8.17
-262355.676   127.516    -7.56    9.06
-261980.387   126.286    -3.28   10.19
-261605.118   126.769     1.29    9.77
-261229.869   125.907    -2.30    9.38
-260854.639   122.439    -9.24    9.68
-260479.429   119.352    -8.23    8.64
-260104.239   114.818   -12.09    8.70
-259729.068   109.896   -13.12    7.34
-259353.917   105.586   -11.49    6.53
-258978.786   101.487   -10.93    6.57
-258603.675    99.373    -5.64    7.48
-258228.583    96.573    -7.47    7.35
-257853.511    94.852    -4.59    7.07
-257478.459    92.929    -5.13    6.63
-257103.426    92.282    -1.72    7.94
-256728.414    93.091     2.16    9.77
-256353.420    96.101     8.03   10.19
-255978.447    98.623     6.73    8.27
-255603.493    99.996     3.66    7.64
-255228.559    96.955    -8.11    8.98
-254853.644    91.721   -13.96    9.93
-254478.749    86.942   -12.75    9.80
-254103.874    80.818   -16.34    7.42
-253729.019    77.504    -8.84    7.69
-253354.183    74.078    -9.14    8.83
-252979.366    68.818   -14.04    8.61
-252604.570    64.826   -10.65    7.11
-252229.793    61.699    -8.34    6.02
-251855.035    61.282    -1.11    7.10
-251480.297    61.551     0.72    7.96
-251105.579    60.487    -2.84    9.05
-250730.881    57.743    -7.33    9.21
-250356.202    53.669   -10.88    9.10
-249981.542    51.276    -6.39    8.78
-249606.902    49.578    -4.53    9.54
-249232.282    48.350    -3.28    9.89
-248857.681    45.418    -7.83   11.26
-248483.100    42.529    -7.71   10.28
-248108.539    40.646    -5.03    7.40
-247733.997    37.442    -8.56    4.41
-247359.475    37.873     1.15    5.11
-246984.972    37.442    -1.15    5.02
-246610.489    36.707    -1.96    4.75
-246236.025    37.351     1.72    5.74
-245861.581    43.396    16.15   11.43
-245487.156    51.373    21.31   13.55
-245112.751    59.751    22.38    9.90
-244738.365    59.598    -0.41   11.48
-244363.999    53.328   -16.75   14.62
-243989.653    45.164   -21.81   11.91
-243615.326    39.662   -14.70    7.58
-243241.018    37.896    -4.72    5.76
-242866.730    40.442     6.80    7.04
-242492.462    45.040    12.29    9.21
-242118.213    50.325    14.12    9.13
-241743.983    55.396    13.55   11.20
-241369.773    61.421    16.10    9.69
-240995.582    65.146     9.96    9.94
-240621.411    72.373    19.32   10.24
-240247.260    75.896     9.42    9.91
-239873.127    79.178     8.77    7.74
-239499.015    81.231     5.49    5.18
-239124.921    80.265    -2.58    5.09
-238750.848    77.850    -6.46    5.25
-238376.793    74.214    -9.72    6.40
-238002.758    71.873    -6.26    5.31
-237628.743    71.482    -1.05    4.86
-237254.747    72.591     2.97    4.73
-236880.770    76.214     9.69    6.17
-236506.813    81.439    13.97    9.56
-236132.875    83.955     6.73    8.81
-235758.957    83.085    -2.33   10.05
-235385.058    77.351   -15.34   13.02
-235011.178    72.942   -11.80    9.65
-234637.318    72.040    -2.41    8.16
-234263.477    73.442     3.75    8.06
-233889.655    75.596     5.76    8.02
-233515.853    80.107    12.07    8.28
-233142.071    84.485    11.71    9.01
-232768.307    88.440    10.59   10.09
-232394.563    91.260     7.55   10.31
-232020.839    93.351     5.60    8.80
-231647.134    92.351    -2.68    8.00
-231273.448    93.085     1.96    6.64
-230899.781    93.917     2.23    5.91
-230526.134    96.640     7.29    5.33
-230152.506    99.896     8.72    4.16
-229778.897   102.442     6.81    3.46
-229405.308   104.507     5.53    4.64
-229031.738   107.714     8.59    5.48
-228658.188   110.987     8.76    5.30
-228284.656   111.260     0.73    6.21
-227911.144   106.596   -12.49    9.30
-227537.652   101.123   -14.65    9.93
-227164.178    96.214   -13.15    8.01
-226790.724    90.729   -14.69    7.17
-226417.289    86.707   -10.77    7.71
-226043.874    83.699    -8.06    6.93
-225670.478    81.078    -7.02    7.03
-225297.101    79.618    -3.91    7.27
-224923.743    78.634    -2.63    8.08
-224550.405    79.026     1.05    8.17
-224177.085    81.396     6.35    8.43
-223803.785    83.969     6.89    8.18
-223430.505    88.156    11.22    7.70
-223057.243    90.492     6.26    5.87
-222684.001    87.808    -7.19    7.43
-222309.817    82.018   -15.48   11.84
-221932.723    75.526   -17.22   12.49
-221555.649    68.782   -17.89   11.41
-221178.595    66.826    -5.19   11.22
-220801.560    66.896     0.19   11.80
-220424.544    64.373    -6.69   11.09
-220047.549    63.729    -1.71    9.40
-219670.573    64.707     2.59    9.80
-219293.616    66.466     4.67   10.29
-218916.680    71.578    13.56   12.57
-218539.762    76.397    12.79   14.08
-218162.865    83.192    18.03   15.65
-217785.987    89.978    18.01   14.49
-217409.129    93.085     8.24   13.60
-217032.290    92.996    -0.24   14.49
-216655.471    94.397     3.72   13.25
-216278.671    92.510    -5.01   12.19
-215901.891    94.276     4.69   10.53
-215525.130   101.169    18.30   15.18
-215148.390   109.678    22.59   16.28
-214771.668   114.146    11.86   14.13
-214394.966   118.416    11.34   12.88
-214018.284   123.088    12.40   14.84
-213641.622   134.062    29.14   18.91
-213264.978   146.629    33.37   13.84
-212888.355   151.464    12.84   10.28
-212511.751   155.085     9.61    8.92
-212135.166   156.330     3.31   10.56
-211758.601   157.737     3.74    9.96
-211382.056   155.646    -5.55    9.98
-211005.530   151.418   -11.23   11.75
-210629.023   144.307   -18.89   13.78
-210252.536   140.578    -9.91   13.39
-209876.069   138.085    -6.62   11.82
-209499.621   141.555     9.22   12.16
-209123.193   144.951     9.02   12.74
-208746.784   150.395    14.47   12.32
-208370.394   152.442     5.44   11.24
-207994.024   154.573     5.67    8.59
-207617.673   155.183     1.62    6.13
-207241.342   154.526    -1.75    4.72
-206865.031   154.669     0.38    4.54
-206488.738   156.351     4.47    4.78
-206112.466   155.996    -0.95    5.18
-205736.212   154.751    -3.31    6.56
-205359.979   151.707    -8.09    6.74
-204983.764   148.715    -7.95    5.10
-204607.569   148.026    -1.83    5.77
-204231.394   148.442     1.11    5.81
-203855.237   147.123    -3.51    5.34
-203479.101   144.896    -5.92    5.35
-203102.983   142.611    -6.08    5.15
-202726.885   140.487    -5.65    4.59
-202350.807   138.773    -4.56    4.71
-201974.748   136.107    -7.09    5.04
-201598.708   133.839    -6.03    5.06
-201222.688   131.329    -6.68    4.71
-200846.687   129.419    -5.08    3.96
-200470.705   128.016    -3.73    3.77
-200094.743   124.419    -9.57    7.07
-199718.800   121.350    -8.17    7.72
-199342.876   118.973    -6.32    7.57
-198966.972   116.282    -7.16    7.48
-198591.087   115.464    -2.18    7.87
-198215.222   115.907     1.18    8.61
-197839.376   114.666    -3.30    8.74
-197463.549   116.737     5.51    8.43
-197087.742   117.164     1.14    7.55
-196711.953   118.635     3.92    6.33
-196336.185   118.960     0.87    5.41
-195960.435   117.329    -4.34    5.32
-195584.705   113.808    -9.37    6.59
-195208.994   110.731    -8.19    6.83
-194833.302   105.351   -14.32    7.58
-194457.630   100.305   -13.43    7.25
-194081.977    97.851    -6.54    5.91
-193706.343    99.218     3.64    7.02
-193330.729   101.485     6.04    7.39
-192955.134   105.964    11.93    7.35
-192579.558   108.646     7.14    6.50
-192204.001   111.018     6.32    6.98
-191828.464   115.737    12.57    9.60
-191452.946   123.714    21.25   15.13
-191077.447   134.418    28.51   16.52
-190701.968   139.169    12.66   13.53
-190326.507   135.307   -10.29   16.78
-189951.066   128.818   -17.29   16.18
-189575.644   124.578   -11.30   11.24
-189200.242   126.996     6.44   13.56
-188824.858   131.260    11.36   13.16
-188449.494   132.917     4.42   14.28
-188074.149   132.237    -1.81   15.48
-187698.823   130.440    -4.79   13.77
-187323.517   131.895     3.88   13.09
-186948.229   134.032     5.70   12.46
-186572.961   142.601    22.84   11.17
-186197.712   147.778    13.80    7.69
-185822.482   150.091     6.16    5.94
-185447.272   153.350     8.69    4.87
-185072.080   156.751     9.07    4.76
-184696.908   158.964     5.90    5.04
-184321.755   160.640     4.47    6.70
-183946.621   162.040     3.73    8.72
-183571.506   162.802     2.03    9.01
-183196.411   159.091    -9.90   11.08
-182821.334   153.850   -13.98   10.92
-182446.277   149.964   -10.36    8.67
-182071.238   148.328    -4.36    7.60
-181696.219   152.305    10.61    9.28
-181321.219   158.146    15.58    8.83
-180946.239   160.873     7.27    8.56
-180571.277   164.146     8.73    9.58
-180196.334   167.234     8.24    9.44
-179821.411   171.040    10.15    9.29
-179446.506   175.596    12.15    7.72
-179071.621   178.629     8.09    7.45
-178696.755   180.623     5.32    6.70
-178321.908   181.754     3.02    5.83
-177947.080   180.464    -3.44    6.91
-177572.271   176.234   -11.29    8.68
-177197.481   173.996    -5.97    8.92
-176822.710   173.129    -2.31    8.28
-176447.958   172.211    -2.45    6.49
-176073.226   169.214    -8.00    6.40
-175698.512   164.723   -11.99    7.41
-175323.817   160.078   -12.40    6.59
-174949.142   155.350   -12.62    4.71
-174574.485   152.418    -7.83    4.49
-174199.848   149.282    -8.37    5.00
-173825.229   147.025    -6.03    4.31
-173450.630   146.107    -2.45    3.87
-173076.050   145.948    -0.42    4.47
-172701.488   145.487    -1.23    5.10
-172326.946   145.218    -0.72    4.83
-171952.422   144.737    -1.28    3.48
-171577.918   143.729    -2.69    3.30
-171203.433   141.851    -5.02    3.85
-170828.966   139.004    -7.60    4.14
-170454.519   136.690    -6.18    4.14
-170080.091   133.485    -8.56    6.41
-169705.681   128.623   -12.99    7.77
-169331.291   124.623   -10.69    7.76
-168956.919   120.373   -11.35    6.24
-168582.567   117.596    -7.42    5.84
-168208.233   116.613    -2.63    5.19
-167833.919   116.445    -0.45    4.38
-167459.623   117.062     1.65    5.03
-167085.346   117.873     2.17    6.14
-166711.088   120.260     6.38    6.47
-166336.850   123.796     9.45    4.97
-165962.630   125.852     5.50    4.18
-165588.429   128.199     6.28    3.53
-165214.247   128.001    -0.53    4.82
-164840.084   125.085    -7.80    7.56
-164465.939   119.419   -15.15    9.07
-164091.814   113.987   -14.52    7.70
-163717.708   109.964   -10.75    5.49
-163343.620   107.895    -5.53    4.46
-162969.551   106.464    -3.83    3.23
-162595.502   105.782    -1.82    3.60
-162221.471   105.796     0.04    3.73
-161847.459   105.578    -0.58    4.23
-161473.466   104.396    -3.16    3.94
-161099.492   103.529    -2.32    3.36
-160725.536   102.262    -3.39    2.98
-160351.600   103.069     2.16    3.37
-159977.682   103.942     2.33    3.45
-159603.783   103.796    -0.39    3.09
-159229.903   103.010    -2.10    3.33
-158856.042   102.373    -1.70    3.43
-158482.200   101.487    -2.37    3.94
-158108.376   101.714     0.61    5.12
-157734.572   103.328     4.32    5.29
-157360.786   104.987     4.44    5.52
-156987.019   107.010     5.41    5.27
-156613.271   107.305     0.79    4.95
-156239.541   107.532     0.61    4.89
-155865.831   106.329    -3.22    5.06
-155492.139   105.328    -2.68    4.61
-155118.466   103.601    -4.62    5.01
-154744.812   101.555    -5.47    5.26
-154371.176   100.418    -3.04    5.60
-153997.560    99.828    -1.58    5.33
-153623.962   101.237     3.77    4.93
-153250.383   101.729     1.32    4.31
-152876.823   100.932    -2.13    5.29
-152503.281   100.069    -2.31    5.87
-152129.758    99.737    -0.89    5.84
-151756.254   100.640     2.42    5.20
-151382.769   100.634    -0.02    5.69
-151009.302    99.123    -4.05    6.28
-150635.854    96.951    -5.82    6.84
-150262.425    95.908    -2.79    5.97
-149889.015    94.199    -4.58    4.78
-149515.623    94.469     0.72    3.47
-149142.250    92.623    -4.94    3.86
-148768.896    90.004    -7.02    4.21
-148395.561    87.973    -5.44    4.21
-148022.244    84.646    -8.91    4.66
-147648.946    81.559    -8.27    5.39
-147273.051    77.062   -11.97    6.22
-146896.009    73.588    -9.22    4.87
-146518.987    71.351    -5.93    5.34
-146141.984    69.942    -3.74    4.95
-145765.000    69.551    -1.04    4.78
-145388.035    69.669     0.31    4.79
-145011.090    69.959     0.77    4.24
-144634.163    70.214     0.68    3.90
-144257.255    69.908    -0.81    3.80
-143880.366    69.987     0.21    3.36
-143503.497    70.440     1.20    3.53
-143126.646    70.897     1.21    3.46
-142749.815    71.942     2.77    3.57
-142373.002    72.423     1.28    3.99
-141996.209    73.040     1.64    3.95
-141619.435    74.601     4.14    4.30
-141242.679    74.260    -0.90    4.20
-140865.943    74.551     0.77    5.27
-140489.225    75.423     2.32    6.60
-140112.527    76.328     2.40    7.10
-139735.848    78.983     7.05    5.12
-139359.187    79.987     2.67    3.38
-138982.546    77.692    -6.10    6.00
-138605.924    74.419    -8.69    7.38
-138229.320    68.751   -15.05    7.86
-137852.736    64.008   -12.60    6.88
-137476.171    60.996    -8.00    6.42
-137099.624    61.146     0.40    8.32
-136723.097    60.464    -1.81    9.08
-136346.588    59.805    -1.75    8.84
-135970.099    57.652    -5.72    8.11
-135593.628    54.786    -7.61    6.42
-135217.176    52.211    -6.84    4.66
-134840.744    51.618    -1.57    4.28
-134464.330    51.618     0.00    4.07
-134087.935    51.069    -1.46    4.29
-133711.559    51.107     0.10    3.43
-133335.202    48.828    -6.06    4.05
-132958.864    45.929    -7.70    4.22
-132582.545    42.919    -8.00    3.90
-132206.244    40.328    -6.89    3.33
-131829.963    38.151    -5.79    3.13
-131453.701    35.419    -7.26    4.05
-131077.457    32.973    -6.50    4.56
-130701.232    30.547    -6.45    3.68
-130325.027    29.351    -3.18    2.41
-129948.840    28.973    -1.00    2.17
-129572.672    29.908     2.49    2.84
-129196.522    30.656     1.99    3.15
-128820.392    31.419     2.03    2.74
-128444.281    31.419     0.00    2.66
-128068.188    30.873    -1.45    2.41
-127692.114    29.578    -3.45    2.22
-127316.059    28.396    -3.14    2.01
-126940.023    27.635    -2.02    1.64
-126564.006    27.786     0.40    2.18
-126188.008    27.896     0.29    2.38
-125812.028    27.885    -0.03    2.46
-125436.067    27.896     0.03    2.79
-125060.126    28.606     1.89    3.74
-124684.202    30.146     4.10    4.94
-124308.298    32.323     5.79    4.78
-123932.413    33.396     2.85    4.29
-123556.546    34.118     1.92    3.69
-123180.698    33.714    -1.07    2.77
-122804.869    32.146    -4.17    3.72
-122429.059    30.203    -5.17    3.64
-122053.267    28.623    -4.20    2.36
-121677.494    28.173    -1.20    1.84
-121301.740    29.196     2.72    2.39
-120926.005    31.211     5.36    3.12
-120550.289    33.237     5.39    3.45
-120174.591    35.773     6.75    3.79
-119798.912    37.666     5.04    3.68
-119423.252    39.578     5.09    3.43
-119047.610    42.251     7.12    3.54
-118671.988    45.669     9.10    4.37
-118296.384    47.714     5.45    4.52
-117920.798    48.048     0.89    4.79
-117545.232    47.951    -0.26    5.49
-117169.684    46.198    -4.67    6.03
-116794.155    45.646    -1.47    6.82
-116418.644    45.642    -0.01    6.93
-116043.153    45.578    -0.17    5.33
-115667.680    47.032     3.87    5.85
-115292.225    49.932     7.72    6.96
-114916.790    52.862     7.81    6.83
-114541.373    55.148     6.09    7.14
-114165.974    56.010     2.29    7.84
-113790.595    56.862     2.27    7.20
-113415.234    59.214     6.27    7.12
-113039.892    59.818     1.61    5.65
-112664.568    59.302    -1.37    4.00
-112289.263    57.526    -4.73    4.28
-111913.977    54.373    -8.40    4.89
-111538.709    53.129    -3.32    4.83
-111163.460    52.025    -2.94    4.41
-110788.230    53.032     2.69    5.18
-110413.018    55.373     6.24    5.50
-110037.825    57.652     6.07    5.38
-109662.651    61.417    10.03    5.30
-109287.495    64.350     7.82    3.54
-108912.358    65.123     2.06    3.91
-108537.239    63.260    -4.97    5.66
-108162.139    59.656    -9.61    7.85
-107787.058    59.828     0.46    7.76
-107411.995    60.101     0.73    7.41
-107036.951    59.873    -0.61    7.28
-106661.925    58.815    -2.82    8.64
-106286.918    54.996   -10.19    9.10
-105911.930    50.214   -12.75    8.54
-105536.960    44.526   -15.17    9.86
-105162.009    38.707   -15.52   10.88
-104787.076    31.737   -18.59    8.41
-104412.162    27.018   -12.59    4.37
-104037.266    24.805    -5.90    2.00
-103662.389    25.018     0.57    2.36
-103287.531    26.396     3.68    3.06
-102912.691    27.085     1.84    3.39
-102537.869    27.373     0.77    3.74
-102163.066    27.555     0.49    3.80
-101788.282    26.062    -3.98    3.53
-101413.516    24.601    -3.90    3.11
-101038.769    23.646    -2.55    2.44
-100664.040    24.010     0.97    2.97
-100289.329    24.282     0.73    3.09
 -99914.638    23.942    -0.91    3.27
 -99539.964    23.069    -2.33    3.41
 -99165.309    22.896    -0.46    3.23
 -98790.673    25.623     7.28    5.65
 -98416.055    30.350    12.62    7.02
 -98041.456    36.129    15.43    7.26
 -97666.875    40.606    11.95    5.04
 -97292.313    43.942     8.91    5.86
 -96917.769    47.526     9.57    6.80
 -96543.243    49.737     5.91    6.01
 -96168.736    47.828    -5.10    7.26
 -95794.247    42.536   -14.13    9.40
 -95419.777    37.396   -13.73    7.67
 -95045.326    34.397    -8.01    4.13
 -94670.892    35.737     3.58    5.36
 -94296.478    39.765    10.76    6.72
 -93922.081    45.285    14.74    8.48
 -93547.703    49.442    11.10    8.57
 -93173.344    52.118     7.15    7.20
 -92799.003    53.685     4.19    5.24
 -92424.680    53.516    -0.45    5.17
 -92050.376    55.062     4.13    5.87
 -91676.090    57.773     7.24    7.16
 -91301.822    62.062    11.46    8.44
 -90927.573    67.350    14.13    6.77
 -90553.342    69.001     4.41    5.07
 -90179.130    66.129    -7.68    7.48
 -89804.936    61.231   -13.09    7.50
 -89430.760    58.178    -8.16    5.34
 -89056.603    57.896    -0.75    5.91
 -88682.464    59.055     3.10    5.91
 -88308.344    61.731     7.15    5.03
 -87934.242    63.955     5.95    4.69
 -87560.158    64.692     1.97    4.72
 -87186.093    64.447    -0.66    5.65
 -86812.046    60.504   -10.54    7.32
 -86438.017    55.964   -12.14    7.09
 -86064.006    51.055   -13.13    6.66
 -85690.014    47.707    -8.95    6.19
 -85316.041    48.722     2.72    7.37
 -84942.085    52.487    10.07    9.54
 -84568.148    58.648    16.48   10.06
 -84194.229    64.307    15.13    7.13
 -83820.329    64.623     0.85    6.95
 -83446.446    60.351   -11.43    9.92
 -83072.583    55.094   -14.06    8.70
 -82698.737    52.673    -6.48    6.33
 -82324.910    55.601     7.83    7.74
 -81951.101    60.923    14.24    8.98
 -81577.310    66.062    13.75    9.19
 -81203.537    70.141    10.91    8.86
 -80829.783    74.851    12.60    9.67
 -80456.047    79.192    11.62   11.78
 -80082.330    83.973    12.80   12.47
 -79708.630    92.532    22.91   14.01
 -79334.949   100.248    20.65   14.17
 -78961.286   107.107    18.36   10.23
 -78587.641   110.745     9.74    6.14
 -78214.015   109.101    -4.40    6.67
 -77840.407   104.601   -12.05    7.07
 -77466.817   100.564   -10.81    7.90
 -77093.245    94.419   -16.45    9.07
 -76719.691    89.073   -14.31    8.65
 -76346.156    85.240   -10.26    6.28
 -75972.639    86.048     2.16    7.30
 -75599.140    89.646     9.63    7.39
 -75225.659    94.307    12.48    5.10
 -74852.197    96.094     4.79    3.24
 -74478.752    96.442     0.93    4.02
 -74105.326    94.873    -4.20    6.05
 -73731.918    91.078   -10.17    7.25
 -73358.529    89.135    -5.20    6.68
 -72985.157    88.078    -2.83    6.24
 -72611.304    88.646     1.52    6.44
 -72234.295    89.513     2.30    5.67
 -71857.304    90.828     3.49    5.05
 -71480.332    92.023     3.17    4.38
 -71103.379    94.623     6.90    4.81
 -70726.444    97.536     7.73    3.29
 -70349.528    98.146     1.62    2.93
 -69972.630    97.214    -2.47    3.63
 -69595.751    95.690    -4.04    4.13
 -69218.890    93.146    -6.75    3.77
 -68842.047    90.569    -6.84    3.45
 -68465.224    88.873    -4.50    3.37
 -68088.418    88.601    -0.72    4.16
 -67711.632    88.676     0.20    5.72
 -67334.863    89.440     2.03    5.88
 -66958.113    91.548     5.60    5.86
 -66581.382    90.805    -1.97    5.88
 -66204.669    89.350    -3.86    6.57
 -65827.975    87.851    -3.98    7.30
 -65451.299    83.896   -10.50    6.21
 -65074.641    81.731    -5.75    6.16
 -64698.002    81.123    -1.61    5.44
 -64321.382    83.421     6.10    5.88
 -63944.780    85.373     5.18    4.58
 -63568.196    85.078    -0.78    4.82
 -63191.631    82.951    -5.65    6.38
 -62815.084    79.862    -8.20    5.56
 -62438.555    78.397    -3.89    4.62
 -62062.045    80.062     4.42    5.56
 -61685.554    82.466     6.39    4.76
 -61309.081    84.396     5.13    4.03
 -60932.626    85.440     2.77    4.36
 -60556.190    83.828    -4.28    4.70
 -60179.772    82.214    -4.29    4.88
 -59803.372    79.001    -8.54    4.95
 -59426.991    76.440    -6.81    5.16
 -59050.628    75.396    -2.77    4.11
 -58674.284    74.078    -3.50    3.88
 -58297.958    73.692    -1.03    4.18
 -57921.650    73.305    -1.03    4.38
 -57545.361    72.805    -1.33    4.42
 -57169.090    73.078     0.72    4.46
 -56792.838    74.305     3.26    4.97
 -56416.603    75.419     2.96    4.48
 -56040.388    76.237     2.17    5.41
 -55664.190    77.078     2.24    5.43
 -55288.011    75.352    -4.59    5.47
 -54911.850    73.555    -4.78    4.50
 -54535.708    70.618    -7.81    5.65
 -54159.584    67.025    -9.55    5.64
 -53783.478    63.026   -10.63    5.13
 -53407.390    60.421    -6.93    5.07
 -53031.321    57.282    -8.35    5.09
 -52655.270    54.069    -8.55    5.55
 -52279.238    51.234    -7.54    4.83
 -51903.223    48.510    -7.25    3.82
 -51527.227    47.064    -3.85    3.61
 -51151.250    46.091    -2.59    3.56
 -50775.290    44.851    -3.30    3.43
 -50399.349    44.032    -2.18    3.54
 -50023.426    43.016    -2.70    3.77
 -49647.522    42.443    -1.52    3.87
 -49271.635    41.601    -2.24    3.98
 -48895.767    40.520    -2.88    3.68
 -48519.917    39.330    -3.17    3.97
 -48144.086    38.464    -2.30    4.20
 -47768.273    38.828     0.97    4.69
 -47392.478    40.135     3.48    5.10
 -47016.701    40.698     1.50    4.57
 -46640.942    38.714    -5.28    5.26
 -46265.202    36.423    -6.10    5.76
 -45889.480    32.737    -9.81    6.15
 -45513.776    30.214    -6.71    5.49
 -45138.090    27.601    -6.96    4.00
 -44762.423    26.169    -3.81    3.15
 -44386.773    25.898    -0.72    2.78
 -44011.142    27.123     3.26    3.03
 -43635.529    28.897     4.72    3.89
 -43259.935    30.529     4.34    3.98
 -42884.358    31.285     2.01    3.85
 -42508.800    32.919     4.35    4.08
 -42133.260    33.578     1.76    3.90
 -41757.738    33.861     0.75    3.68
 -41382.234    32.328    -4.08    4.35
 -41006.749    29.536    -7.44    3.24
 -40631.281    29.040    -1.32    2.34
 -40255.832    30.440     3.73    3.19
 -39880.401    32.862     6.45    3.62
 -39504.988    34.692     4.87    3.66
 -39129.593    36.689     5.32    3.13
 -38754.216    36.919     0.61    2.66
 -38378.858    35.583    -3.56    3.00
 -38003.517    33.101    -6.61    4.22
 -37628.195    29.510    -9.57    4.16
 -37252.891    26.983    -6.73    3.15
 -36877.605    26.373    -1.62    2.61
 -36502.337    26.553     0.48    2.98
 -36127.087    27.714     3.10    3.50
 -35751.855    28.692     2.60    3.21
 -35376.642    28.606    -0.23    3.70
 -35001.446    28.285    -0.86    3.11
 -34626.269    29.373     2.90    2.97
 -34251.109    32.328     7.88    5.46
 -33875.968    37.399    13.52    8.46
 -33500.845    42.304    13.08    7.94
 -33125.740    43.373     2.85    6.97
 -32750.653    41.280    -5.58    8.47
 -32375.584    39.240    -5.44    8.42
 -32000.533    37.098    -5.71    7.61
 -31625.500    36.373    -1.93    7.83
 -31250.485    34.758    -4.31    8.69
 -30875.488    30.211   -12.13    7.67
 -30500.509    25.532   -12.48    5.75
 -30125.549    23.141    -6.38    5.14
 -29750.606    22.996    -0.39    6.65
 -29375.681    22.373    -1.66    7.78
 -29000.775    20.851    -4.06    8.02
 -28625.886    18.544    -6.15    6.44
 -28251.015    16.942    -4.28    5.11
 -27876.163    17.146     0.55    5.81
 -27501.328    16.659    -1.30    6.11
 -27126.512    15.487    -3.13    5.78
 -26751.713    14.008    -3.95    4.16
 -26376.932    13.010    -2.66    3.46
 -26002.170    11.164    -4.93    3.31
 -25627.425    10.101    -2.84    3.39
 -25252.699     9.262    -2.24    3.05
 -24877.990     8.764    -1.33    2.91
 -24503.299     8.840     0.20    2.88
 -24128.626     9.135     0.79    2.57
 -23753.972     8.714    -1.12    1.85
 -23379.335     8.146    -1.52    1.29
 -23004.716     8.055    -0.24    1.14
 -22630.115     8.010    -0.12    1.37
 -22255.532     7.683    -0.87    1.65
 -21880.967     6.951    -1.95    1.89
 -21506.420     6.469    -1.29    1.74
 -21131.891     6.583     0.30    1.88
 -20757.379     7.692     2.96    2.24
 -20382.886     9.329     4.37    2.34
 -20008.410    11.169     4.91    2.80
 -19633.953    12.445     3.41    2.73
 -19259.513    13.285     2.24    2.48
 -18885.092    13.862     1.54    2.27
 -18510.688    14.214     0.94    2.48
 -18136.302    15.373     3.10    2.86
 -17761.934    16.773     3.74    3.10
 -17387.584    18.839     5.52    3.49
 -17013.251    20.350     4.04    3.25
 -16638.937    23.351     8.02    4.97
 -16264.641    27.932    12.24    6.64
 -15890.362    32.032    10.96    6.71
 -15516.101    36.055    10.75    3.78
 -15141.858    37.485     3.82    1.96
 -14767.633    37.828     0.92    2.07
 -14393.426    37.969     0.38    2.23
 -14019.236    38.151     0.49    2.85
 -13645.065    36.932    -3.26    3.72
 -13270.911    35.442    -3.98    4.83
 -12896.775    32.896    -6.80    5.45
 -12522.657    29.707    -8.53    5.27
 -12148.557    26.123    -9.58    5.47
 -11774.475    23.731    -6.40    4.43
 -11400.410    23.173    -1.49    3.09
 -11026.363    24.769     4.27    4.82
 -10652.334    28.464     9.88    6.12
 -10278.323    33.055    12.27    5.83
  -9904.330    36.462     9.11    4.43
  -9530.354    38.532     5.54    3.10
  -9156.396    38.731     0.53    4.37
  -8782.456    38.018    -1.91    5.65
  -8408.534    35.676    -6.26    5.95
  -8034.629    33.623    -5.49    6.00
  -7660.743    32.123    -4.01    5.41
  -7286.874    31.418    -1.89    5.59
  -6913.023    31.919     1.34    5.37
  -6539.189    34.135     5.93    5.07
  -6165.373    34.782     1.73    4.19
  -5791.575    32.583    -5.88    5.97
  -5417.795    29.101    -9.32    7.67
  -5044.033    24.305   -12.83    8.10
  -4670.288    19.885   -11.83    7.31
  -4296.561    15.737   -11.10    5.42
  -3922.852    12.715    -8.09    3.80
  -3549.160    10.151    -6.86    3.91
  -3175.487     6.676    -9.30    4.17
  -2801.830     4.237    -6.53    3.27
  -2428.192     2.280    -5.24    1.94
  -2054.571     1.396    -2.37    1.62
  -1680.968     1.010    -1.03    1.66
  -1307.383     0.715    -0.79    1.92
   -933.815     0.551    -0.44    2.00
   -560.265     0.350    -0.54    2.03
   -186.733     0.513     0.44    2.37
    186.781     0.769     0.68    2.85
    560.278     2.196     3.82    4.16
    933.757     3.692     4.01    4.58
   1307.219     4.992     3.48    4.15
   1680.663     5.862     2.33    4.38
   2054.089     8.025     5.79    4.76
   2429.561     9.048     2.73    4.97
   2806.518    10.559     4.01    5.09
   3183.458    11.873     3.49    4.72
   3560.379    14.419     6.75    5.73
   3937.283    18.183     9.99    4.45
   4314.168    20.351     5.75    4.41
   4691.036    23.192     7.54    4.59
   5067.886    23.596     1.07    4.39
   5444.717    23.464    -0.35    3.98
   5821.531    20.513    -7.83    5.69
   6198.327    17.173    -8.86    5.50
   6575.104    15.466    -4.53    4.65
   6951.864    15.601     0.36    4.60
   7328.606    18.851     8.63    5.58
   7705.330    22.555     9.83    5.48
   8082.036    24.987     6.46    4.34
   8458.724    25.618     1.67    3.16
   8835.394    23.510    -5.60    4.95
   9212.046    19.351   -11.04    5.97
   9588.680    15.536   -10.13    5.10
   9965.296    12.955    -6.85    3.50
  10341.895    12.442    -1.36    3.49
  10718.475    13.487     2.78    3.97
  11095.037    14.851     3.62    4.00
  11471.582    16.487     4.35    4.76
  11848.109    17.987     3.98    4.86
  12224.618    18.588     1.60    5.08
  12601.109    19.032     1.18    4.76
  12977.582    19.262     0.61    4.22
  13354.037    19.396     0.36    3.65
  13730.474    20.714     3.50    3.47
  14106.893    21.513     2.12    3.34
  14483.295    23.107     4.23    3.56
  14859.679    24.969     4.95    3.78
  15236.044    27.237     6.03    4.29
  15612.392    29.606     6.29    4.06
  15988.722    30.792     3.15    3.10
  16365.035    31.055     0.70    3.12
  16741.329    30.064    -2.63    2.84
  17117.606    28.243    -4.84    3.01
  17493.865    26.282    -5.21    3.16
  17870.105    24.623    -4.41    2.82
  18246.329    23.183    -3.83    2.43
  18622.534    22.203    -2.61    2.16
  18998.721    21.169    -2.75    2.33
  19374.891    20.423    -1.98    2.36
  19751.043    21.187     2.03    3.51
  20127.177    23.532     6.23    5.06
  20503.293    25.280     4.65    5.14
  20879.391    28.260     7.92    4.27
  21255.472    29.886     4.32    3.16
  21631.535    30.373     1.30    3.00
  22007.580    30.659     0.76    3.11
  22383.607    30.669     0.03    3.35
  22759.617    30.907     0.63    3.21
  23135.609    31.056     0.40    2.45
  23511.583    30.805    -0.67    2.42
  23887.539    29.723    -2.88    2.63
  24263.478    28.782    -2.50    2.84
  24639.398    28.001    -2.08    3.28
  25015.301    27.237    -2.03    3.47
  25391.187    26.583    -1.74    3.52
  25767.054    25.655    -2.47    3.64
  26142.904    23.669    -5.29    4.00
  26518.736    21.886    -4.74    3.63
  26894.550    20.192    -4.51    3.16
  27270.347    18.964    -3.27    1.90
  27646.126    18.094    -2.32    1.44
  28021.887    17.964    -0.35    1.34
  28397.631    18.716     2.00    3.56
  28773.357    20.623     5.08    5.88
  29149.065    21.769     3.05    5.19
  29524.755    22.018     0.66    3.55
  29900.428    22.662     1.72    2.88
  30276.083    23.513     2.26    2.96
  30651.720    23.305    -0.55    2.84
  31027.340    23.373     0.18    2.51
  31402.942    23.964     1.57    3.08
  31778.526    24.978     2.70    3.89
  32154.093    26.328     3.59    4.29
  32529.642    27.896     4.18    4.60
  32905.174    28.300     1.08    4.13
  33280.687    28.328     0.07    3.12
  33656.183    28.912     1.56    2.35
  34031.662    29.397     1.29    1.44
  34407.123    29.828     1.15    1.62
  34782.566    29.908     0.21    1.92
  35157.992    29.707    -0.54    2.26
  35533.400    28.873    -2.22    3.08
  35908.790    28.101    -2.06    3.13
  36284.163    27.014    -2.89    3.00
  36659.518    26.192    -2.19    3.07
  37034.855    24.737    -3.88    3.45
  37410.175    22.745    -5.31    3.30
  37785.477    22.351    -1.05    3.17
  38160.762    23.123     2.06    3.33
  38536.029    25.328     5.87    3.69
  38911.279    28.187     7.62    2.67
  39286.511    29.169     2.62    2.16
  39661.725    29.828     1.76    1.55
  40036.922    30.016     0.50    1.56
  40412.101    29.646    -0.99    1.74
  40787.263    29.198    -1.19    2.16
  41162.407    27.760    -3.83    2.97
  41537.534    24.978    -7.42    4.46
  41912.643    22.396    -6.88    4.28
  42287.734    20.397    -5.33    3.17
  42662.808    21.123     1.94    4.68
  43037.865    23.010     5.03    4.80
  43412.904    23.448     1.17    4.08
  43787.925    21.490    -5.22    4.83
  44162.929    18.001    -9.30    4.04
  44537.915    15.164    -7.57    3.42
  44912.884    13.107    -5.49    2.83
  45287.836    11.498    -4.29    2.59
  45662.769    10.555    -2.52    2.17
  46037.686    10.056    -1.33    1.71
  46412.585     9.731    -0.87    1.43
  46787.466    10.443     1.90    2.44
  47162.330    11.001     1.49    2.53
  47537.176    10.964    -0.10    2.59
  47912.005    10.748    -0.58    2.51
  48286.816     9.805    -2.52    2.04
  48661.610     9.666    -0.37    1.21
  49036.387     9.828     0.43    1.32
  49411.146    10.010     0.49    1.43
  49785.887    10.469     1.22    1.25
  50160.612    10.646     0.47    1.39
  50535.318    10.837     0.51    1.50
  50910.007    11.010     0.46    1.40
  51284.679    11.373     0.97    1.56
  51659.334    11.851     1.27    1.53
  52033.970    12.260     1.09    1.98
  52408.590    13.276     2.71    2.17
  52783.192    14.532     3.35    2.85
  53157.777    17.032     6.67    3.91
  53532.344    18.987     5.22    4.66
  53906.894    21.048     5.50    4.21
  54281.426    23.146     5.60    4.39
  54655.941    24.513     3.65    4.59
  55030.439    26.173     4.43    3.89
  55404.919    27.328     3.08    2.78
  55779.382    28.123     2.12    1.78
  56153.827    28.897     2.07    1.80
  56528.255    29.536     1.71    1.98
  56902.666    30.187     1.74    2.05
  57277.060    30.107    -0.22    2.08
  57651.436    29.848    -0.69    2.28
  58025.794    29.805    -0.12    2.10
  58400.135    30.348     1.45    1.67
  58774.459    30.302    -0.12    2.10
  59148.766    29.815    -1.30    2.31
  59523.055    29.025    -2.11    2.61
  59897.327    27.262    -4.71    3.46
  60271.581    25.048    -5.92    3.98
  60645.819    22.351    -7.21    3.88
  61020.039    21.569    -2.09    3.23
  61394.241    22.350     2.09    3.97
  61768.426    23.676     3.54    4.07
  62142.594    24.094     1.12    4.04
  62516.745    23.282    -2.17    3.81
  62890.878    24.498     3.25    3.88
  63264.994    25.532     2.76    3.80
  63639.093    27.520     5.31    2.73
  64013.174    28.032     1.37    2.58
  64387.238    27.646    -1.03    2.59
  64761.285    26.278    -3.66    2.72
  65135.315    24.442    -4.91    2.98
  65509.327    23.373    -2.86    2.87
  65883.322    23.282    -0.24    2.84
  66257.300    23.304     0.06    2.82
  66631.260    24.055     2.01    2.80
  67005.203    24.714     1.76    2.37
  67379.129    25.088     1.00    2.27
  67753.038    24.623    -1.24    2.17
  68126.930    23.673    -2.54    2.23
  68500.804    22.737    -2.50    2.31
  68874.661    21.908    -2.22    2.09
  69248.500    21.805    -0.28    1.74
  69622.323    22.555     2.01    2.07
  69996.128    23.350     2.12    2.39
  70369.916    24.601     3.35    2.80
  70743.687    25.912     3.51    3.01
  71117.441    26.782     2.33    2.70
  71491.177    28.141     3.63    2.54
  71864.897    29.327     3.17    2.36
  72238.599    30.760     3.83    2.27
  72612.283    32.422     4.45    2.63
  72985.951    33.714     3.46    2.80
  73359.602    35.989     6.09    3.13
  73733.235    38.555     6.87    5.24
  74106.851    42.192     9.73    6.21
  74480.450    46.048    10.32    5.39
  74854.032    48.601     6.83    3.92
  75227.596    48.178    -1.13    5.34
  75601.144    46.101    -5.56    6.51
  75974.674    44.989    -2.98    5.79
  76348.187    46.601     4.32    6.30
  76721.683    50.211     9.66    7.04
  77095.228    55.351    13.76    5.86
  77472.154    57.305     5.19    4.05
  77849.063    55.886    -3.77    4.57
  78225.954    55.828    -0.15    4.37
  78602.828    55.323    -1.34    3.96
  78979.684    56.305     2.61    3.76
  79356.523    55.851    -1.21    4.57
  79733.344    54.118    -4.60    5.77
  80110.148    52.714    -3.72    5.44
  80486.935    52.742     0.07    5.80
  80863.704    53.010     0.71    5.90
  81240.455    51.211    -4.78    7.04
  81617.190    48.327    -7.65    7.45
  81993.906    44.714    -9.59    6.24
  82370.606    42.823    -5.02    4.37
  82747.288    44.737     5.08    5.45
  83123.952    48.040     8.77    6.22
  83500.599    53.254    13.84    6.32
  83877.229    58.187    13.10    5.85
  84253.841    61.350     8.40    4.97
  84630.436    63.055     4.53    2.80
  85007.014    61.934    -2.98    4.29
  85383.574    58.101   -10.18    6.77
  85760.116    51.588   -17.30    8.35
  86136.642    46.055   -14.69    7.49
  86513.150    40.745   -14.10    5.89
  86889.640    37.203    -9.41    4.56
  87266.114    34.078    -8.30    4.88
  87642.569    30.764    -8.80    4.10
  88019.008    28.992    -4.70    3.33
  88395.429    27.237    -4.66    2.35
  88771.833    27.048    -0.50    2.43
  89148.219    29.091     5.43    4.49
  89524.588    32.469     8.97    5.18
  89900.940    35.669     8.50    4.82
  90277.275    39.164     9.29    4.41
  90653.592    40.745     4.20    2.99
  91029.891    40.964     0.58    2.31
  91406.174    40.111    -2.27    2.79
  91782.439    38.285    -4.86    2.99
  92158.687    36.606    -4.46    3.41
  92534.917    35.016    -4.22    3.82
  92911.131    33.071    -5.17    3.93
  93287.326    31.129    -5.16    4.29
  93663.505    28.782    -6.24    3.78
  94039.666    26.564    -5.90    3.37
  94415.810    25.442    -2.98    2.39
  94791.937    25.839     1.06    2.67
  95168.047    26.828     2.63    3.41
  95544.139    28.490     4.42    2.81
  95920.214    29.135     1.72    2.10
  96296.272    28.862    -0.73    2.04
  96672.312    28.164    -1.86    2.40
  97048.335    27.840    -0.86    2.61
  97424.341    27.722    -0.31    3.03
  97800.330    27.951     0.61    3.03
  98176.301    27.978     0.07    2.92
  98552.255    27.016    -2.56    3.15
  98928.192    25.490    -4.06    3.09
  99304.112    23.464    -5.39    2.69
  99680.014    22.464    -2.66    1.99
 100055.900    21.513    -2.53    1.21
 100431.768    21.328    -0.49    1.10
 100807.618    21.214    -0.30    1.22
 101183.452    21.536     0.86    1.86
 101559.268    22.214     1.80    2.27
 101935.068    23.464     3.33    2.55
 102310.850    25.078     4.29    2.47
 102686.614    26.211     3.01    2.08
 103062.362    27.183     2.59    2.07
 103438.093    28.135     2.53    1.72
 103813.806    28.745     1.62    1.50
 104189.502    28.919     0.46    1.55
 104565.181    28.443    -1.27    1.80
 104940.843    27.646    -2.12    2.05
 105316.487    27.396    -0.67    1.87
 105692.115    27.492     0.26    1.74
 106067.725    28.373     2.35    1.86
 106443.318    29.623     3.33    1.99
 106818.894    30.782     3.09    1.94
 107194.453    31.873     2.90    1.80
 107569.994    32.873     2.66    1.52
 107945.519    33.536     1.76    1.68
 108321.026    34.164     1.67    1.88
 108696.517    34.260     0.25    1.93
 109071.990    34.532     0.73    1.87
 109447.446    34.601     0.18    1.95
 109822.885    34.722     0.32    1.99
 110198.307    34.862     0.37    2.19
 110573.712    34.699    -0.43    2.02
 110949.099    34.839     0.37    2.28
 111324.470    34.118    -1.92    2.29
 111699.823    34.141     0.06    4.44
 112075.160    32.257    -5.02    5.50
 112450.479    29.921    -6.22    5.88
 112825.781    28.164    -4.68    5.76
 113201.066    26.351    -4.83    1.36
 113576.334    26.192    -0.42    1.30
 113951.585    26.373     0.48    1.65
 114326.819    26.578     0.55    1.79
 114702.036    27.282     1.88    2.27
 115077.236    27.896     1.64    2.53
 115452.419    29.071     3.13    3.13
 115827.584    30.305     3.29    3.32
 116202.733    31.351     2.79    3.33
 116577.865    32.396     2.79    3.06
 116952.979    33.397     2.67    2.98
 117328.077    35.001     4.28    3.85
 117703.158    37.048     5.46    3.68
 118078.221    38.699     4.40    3.15
 118453.268    39.536     2.23    2.83
 118828.297    40.304     2.05    2.34
 119203.310    40.214    -0.24    1.93
 119578.305    39.159    -2.81    2.33
 119953.284    38.583    -1.54    2.13
 120328.245    38.192    -1.04    1.90
 120703.190    38.351     0.42    1.97
 121078.117    38.652     0.80    1.71
 121453.028    38.510    -0.38    1.80
 121827.921    37.828    -1.82    1.74
 122202.798    36.908    -2.45    2.02
 122577.658    36.025    -2.36    2.03
 122952.500    35.328    -1.86    1.24
 123327.326    34.782    -1.46    1.53
 123702.135    34.579    -0.54    1.66
 124076.927    34.104    -1.27    1.73
