# NaN NaN NaN ;Mean Elev.(m), Avg Gradient(m/km), RMS Gradient(m/km) - SRTM1     
#   27.677  -1.126   6.764 ;Mean Elev.(m), Avg Gradient(m/km), RMS Gradient(m/km) - ASTER GDEM
#   39.627  -1.406   6.406 ;Mean Elev.(m), Avg Gradient(m/km), RMS Gradient(m/km) - GMTED2010 
  6    41.071 52438.09013406 29.88 302.544186 -30.102937 10.863
  6    41.398 52438.09013470 29.62 302.543296 -30.099657 10.863
  6    41.355 52438.09013535 31.30 302.542406 -30.096377 10.863
  6    41.193 52438.09013599 30.77 302.541517 -30.093100  7.176
  6    41.124 52438.09013664 29.75 302.540627 -30.089820  7.176
  6    41.476 52438.09013728 29.08 302.539737 -30.086540  7.176
  7    39.491 52473.09013536 47.78 302.546553 -30.096399 18.061
  7    40.003 52473.09013601 44.14 302.545663 -30.093119 18.061
  7    40.150 52473.09013665 45.00 302.544773 -30.089839 18.061
  7    40.260 52473.09013730 46.34 302.543883 -30.086569 18.061
  7    40.176 52473.09013794 45.43 302.542993 -30.083289 18.061
  8    40.616 52508.09010627 45.00 302.549599 -30.093747 15.154
  8    40.181 52508.09010692 52.76 302.548709 -30.090467 15.154
  8    40.533 52508.09010756 45.00 302.547819 -30.087197 15.154
  8    40.646 52508.09010821 44.21 302.546929 -30.083917 15.154
  8    40.858 52508.09010885 45.11 302.546039 -30.080637 15.154
  8    40.775 52508.09010949 47.79 302.545149 -30.077357 15.154
  9    44.812 52543.09009363 49.12 302.556020 -30.073587 22.833
  9    44.646 52543.09009427 48.80 302.555130 -30.070307 22.833
  9    44.736 52543.09009492 51.70 302.554240 -30.067037 22.833
  9    45.166 52543.09009556 46.23 302.553350 -30.063757 22.833
 11    42.701 52613.09010482 50.41 302.547073 -30.098625 16.425
 11    42.642 52613.09010546 49.29 302.546183 -30.095345 16.425
 11    42.939 52613.09010611 47.46 302.545293 -30.092065 16.425
 11    42.901 52613.09010675 48.57 302.544403 -30.088785 16.425
 11    42.739 52613.09010740 48.02 302.543513 -30.085505 16.425
 11    43.298 52613.09010804 47.96 302.542623 -30.082226  9.843
 12    40.273 52648.09009025 49.76 302.550999 -30.084172 11.678
 12    40.576 52648.09009089 48.22 302.550109 -30.080892 11.678
 12    40.528 52648.09009154 47.44 302.549222 -30.077614 11.795
 12    40.165 52648.09009218 49.81 302.548332 -30.074334 11.795
 12    39.823 52648.09009283 46.17 302.547442 -30.071054 11.795
 13    40.049 52683.09006615 49.56 302.552293 -30.079390 13.679
 13    40.339 52683.09006679 48.44 302.551403 -30.076110 13.679
 13    40.047 52683.09006744 45.49 302.550513 -30.072830 13.679
 13    39.841 52683.09006808 49.26 302.549623 -30.069550 13.679
 14    41.591 52718.09012042 45.35 302.549297 -30.094869 12.764
 14    41.348 52718.09012107 48.65 302.548407 -30.091589 12.764
 14    41.294 52718.09012171 47.81 302.547517 -30.088309 12.764
 14    41.537 52718.09012236 45.90 302.546637 -30.085029 12.764
 14    41.101 52718.09012300 49.49 302.545747 -30.081749 12.764
 14    40.835 52718.09012365 48.59 302.544857 -30.078469 12.764
 15    38.227 52753.09014208 47.81 302.540901 -30.110690 12.032
 15    38.069 52753.09014272 46.74 302.540011 -30.107410 12.032
 15    38.743 52753.09014337 43.85 302.539121 -30.104130 12.032
 15    38.698 52753.09014401 43.24 302.538231 -30.100860 12.032
 15    38.560 52753.09014465 42.30 302.537341 -30.097580 12.032
 16    39.710 52788.09009309 50.16 302.551009 -30.084686 14.217
 16    39.766 52788.09009373 49.25 302.550119 -30.081406 14.217
 16    39.667 52788.09009437 48.60 302.549229 -30.078126 14.217
 16    39.810 52788.09009502 49.50 302.548339 -30.074846 14.217
 16    39.143 52788.09009566 48.06 302.547449 -30.071566 14.217
 17    39.577 52823.09016519 49.35 302.550511 -30.082169 12.481
 17    39.353 52823.09016583 48.94 302.549621 -30.078889 12.481
 17    39.523 52823.09016648 50.15 302.548731 -30.075609 12.481
 17    39.319 52823.09016712 48.45 302.547841 -30.072329 12.481
 18    42.594 52858.09021193 25.95 302.552216 -30.081510  7.474
 18    42.593 52858.09021257 23.70 302.551326 -30.078230  7.474
 18    42.321 52858.09021322 23.17 302.550436 -30.074950  7.474
 18    41.898 52858.09021386 23.68 302.549546 -30.071670  7.474
 19    38.153 52893.09024060 44.73 302.548171 -30.097858 17.546
 19    38.022 52893.09024125 49.56 302.547281 -30.094578 17.546
 19    38.489 52893.09024189 47.50 302.546391 -30.091298 17.546
 19    38.071 52893.09024254 47.67 302.545501 -30.088018 17.546
 19    38.158 52893.09024318 46.54 302.544611 -30.084738 17.546
 19    38.284 52893.09024383 49.16 302.543717 -30.081461 15.057
 20    38.642 52928.09019140 50.33 302.545593 -30.099325 15.861
 20    38.578 52928.09019204 47.35 302.544703 -30.096045 15.861
 20    38.745 52928.09019269 46.84 302.543813 -30.092775 15.861
 20    39.032 52928.09019333 47.49 302.542923 -30.089495 15.861
 20    38.848 52928.09019398 51.74 302.542033 -30.086215 15.861
 20    38.838 52928.09019462 42.50 302.541143 -30.082935 15.861
 21    42.486 52963.09017197 22.21 302.555259 -30.077227  9.101
 21    41.499 52963.09017262 23.95 302.554369 -30.073947  9.101
 21    41.634 52963.09017326 21.62 302.553479 -30.070667  9.101
 21    41.365 52963.09017391 21.67 302.552589 -30.067387  9.101
 22    44.184 52998.09020732 35.82 302.547428 -30.097785  9.725
 22    44.583 52998.09020796 35.61 302.546538 -30.094505  9.725
 22    44.587 52998.09020861 37.77 302.545648 -30.091225  9.725
 22    44.314 52998.09020925 37.26 302.544761 -30.087947 12.741
 22    44.582 52998.09020990 33.61 302.543871 -30.084667 12.741
 22    44.563 52998.09021054 33.13 302.542981 -30.081387 12.741
 23    41.682 53033.09016319 28.02 302.546235 -30.097600 11.641
 23    41.570 53033.09016383 26.20 302.545345 -30.094320 11.641
 23    41.284 53033.09016447 24.85 302.544455 -30.091040 11.641
 23    41.044 53033.09016512 20.68 302.543565 -30.087760 11.641
 23    40.517 53033.09016576 20.70 302.542678 -30.084480  9.465
 23    39.326 53033.09016641 23.90 302.541788 -30.081200  9.465
 24    37.090 53068.09017851 37.56 302.550849 -30.084043 12.477
 24    40.223 53068.09017916 21.98 302.549959 -30.080763 12.477
 24    38.162 53068.09017980 44.63 302.549069 -30.077483 12.477
 24    37.839 53068.09018045 49.62 302.548179 -30.074213 12.477
 25    41.315 53103.09016443 29.05 302.545388 -30.100065  9.931
 25    43.877 53103.09016508 24.96 302.544498 -30.096785  9.931
 25    43.598 53103.09016572 23.57 302.543608 -30.093515  9.931
 25    43.190 53103.09016637 21.57 302.542718 -30.090235  9.931
 25    42.794 53103.09016701 20.25 302.541828 -30.086955  9.931
 25    40.892 53103.09016766 20.36 302.540938 -30.083675  9.931
 26    41.840 53138.09018328 15.67 302.551644 -30.079494  9.856
 26    39.997 53138.09018392 17.27 302.550754 -30.076214  9.856
 26    38.748 53138.09018457 18.57 302.549864 -30.072944  9.856
 26    38.324 53138.09018521 18.82 302.548974 -30.069664  9.856
 27    37.912 53173.09022428 37.73 302.549891 -30.094663 12.653
 27    38.046 53173.09022493 34.10 302.549001 -30.091383 12.653
 27    38.075 53173.09022557 30.64 302.548111 -30.088103 12.653
 27    38.036 53173.09022622 36.54 302.547221 -30.084823 12.653
 27    37.783 53173.09022686 33.21 302.546334 -30.081545 13.106
 27    38.394 53173.09022751 26.39 302.545444 -30.078265 13.106
 27    38.451 53173.09022815 30.17 302.544554 -30.074985 13.106
 28    39.989 53208.09023986 49.12 302.548036 -30.093933 21.100
 28    39.770 53208.09024051 47.30 302.547146 -30.090653 21.100
 28    39.561 53208.09024115 42.28 302.546256 -30.087373 21.100
 28    39.695 53208.09024180 33.36 302.545362 -30.084094 12.711
 28    40.078 53208.09024244 27.25 302.544482 -30.080814 12.711
 29    38.126 53243.09020790 46.68 302.550345 -30.089795 14.108
 29    38.055 53243.09020855 49.55 302.549455 -30.086515 14.108
 29    38.225 53243.09020919 48.97 302.548564 -30.083237 16.061
 29    38.180 53243.09020983 50.35 302.547674 -30.079957 16.061
 29    38.156 53243.09021048 49.09 302.546794 -30.076677 16.061
 29    37.639 53243.09021112 46.59 302.545904 -30.073397 16.061
 30    40.535 53278.09018501 16.45 302.551286 -30.083071 12.931
 30    40.536 53278.09018566 15.57 302.550396 -30.079791 12.931
 31    39.944 53313.09021352 46.71 302.549314 -30.094293 11.557
 31    39.934 53313.09021416 48.01 302.548424 -30.091013 11.557
 31    40.136 53313.09021480 45.56 302.547534 -30.087733 11.557
 31    39.873 53313.09021545 46.66 302.546644 -30.084453 11.557
 31    39.853 53313.09021609 48.27 302.545754 -30.081173 11.557
 31    39.877 53313.09021674 47.59 302.544869 -30.077894 10.571
 32    44.706 53348.09018003 25.07 302.550499 -30.089609  8.054
 32    43.592 53348.09018068 24.11 302.549609 -30.086329  8.054
 32    42.745 53348.09018132 23.36 302.548719 -30.083049  8.054
 32    41.429 53348.09018197 22.74 302.547829 -30.079769  8.054
 32    39.961 53348.09018261 23.26 302.546938 -30.076489  6.663
 32    39.277 53348.09018326 27.05 302.546048 -30.073209  6.663
 33    36.900 53383.09014932 44.31 302.551525 -30.081306 15.577
 33    38.245 53383.09014997 44.49 302.550635 -30.078026 15.577
 33    38.321 53383.09015061 47.47 302.549745 -30.074746 15.577
 33    38.130 53383.09015126 49.87 302.548855 -30.071476 15.577
 34    42.149 53418.09016156 29.59 302.553578 -30.077294  8.640
 34    41.837 53418.09016220 24.74 302.552698 -30.074014  8.640
 34    37.727 53418.09016285 26.46 302.551808 -30.070734  8.640
 34    37.078 53418.09016349 35.39 302.550918 -30.067454  8.640
 35    42.519 53453.09016425 23.82 302.552938 -30.077109  7.047
 35    41.928 53453.09016490 21.03 302.552048 -30.073829  7.047
 35    40.583 53453.09016554 20.55 302.551158 -30.070549  7.047
 36    39.921 53488.09024494 36.70 302.545613 -30.101908 20.917
 36    39.882 53488.09024559 36.54 302.544723 -30.098628 20.917
 36    40.046 53488.09024623 32.27 302.543833 -30.095348 20.917
 36    40.249 53488.09024688 27.83 302.542943 -30.092068 20.917
 36    40.142 53488.09024752 27.63 302.542053 -30.088788 20.917
 36    41.037 53488.09024817 25.11 302.541166 -30.085512  6.280
 37    42.489 53523.09023748 48.67 302.551284 -30.086941 14.996
 37    42.500 53523.09023813 48.61 302.550394 -30.083661 14.996
 37    42.620 53523.09023877 48.87 302.549510 -30.080383 12.184
 37    42.360 53523.09023941 49.93 302.548620 -30.077103 12.184
 37    42.340 53523.09024006 49.33 302.547730 -30.073823 12.184
 38    39.984 53558.09026006 45.85 302.545412 -30.104509 17.704
 38    39.964 53558.09026071 47.54 302.544522 -30.101239 17.704
 38    40.178 53558.09026135 47.67 302.543632 -30.097959 17.704
 38    40.298 53558.09026200 47.08 302.542742 -30.094679 17.704
 38    40.301 53558.09026264 46.71 302.541852 -30.091399 17.704
 38    40.380 53558.09026329 47.19 302.540962 -30.088119 17.704
 38    40.221 53558.09026393 44.33 302.540068 -30.084840  8.332
 39    38.463 53593.09020086 47.58 302.552122 -30.082383 14.617
 39    38.509 53593.09020151 47.67 302.551232 -30.079103 14.617
 39    38.353 53593.09020215 48.63 302.550342 -30.075823 14.617
 39    38.441 53593.09020280 50.75 302.549462 -30.072543 14.617
 40    41.242 53628.09018977 22.12 302.549234 -30.095567 12.344
 40    41.459 53628.09019041 19.07 302.548344 -30.092287 12.344
 40    41.195 53628.09019106 17.65 302.547454 -30.089007 12.344
 40    40.973 53628.09019170 16.34 302.546567 -30.085732 13.538
 40    40.877 53628.09019235 16.18 302.545677 -30.082452 13.538
 40    40.677 53628.09019299 25.39 302.544787 -30.079172 13.538
 41    41.730 53663.09021465 49.85 302.548591 -30.094717 18.622
 41    41.545 53663.09021529 50.04 302.547701 -30.091437 18.622
 41    41.745 53663.09021594 46.18 302.546811 -30.088157 18.622
 41    41.789 53663.09021658 48.33 302.545923 -30.084879 16.091
 41    41.898 53663.09021723 48.86 302.545033 -30.081599 16.091
 41    42.046 53663.09021787 45.78 302.544143 -30.078319 16.091
 42    41.084 53698.09017746 23.29 302.549331 -30.092406  6.725
 42    41.102 53698.09017810 21.28 302.548441 -30.089126  6.725
 42    41.285 53698.09017875 20.73 302.547551 -30.085846  6.725
 42    40.693 53698.09017939 20.73 302.546661 -30.082566  6.725
 42    40.205 53698.09018004 22.76 302.545771 -30.079286  6.725
 42    39.201 53698.09018068 29.00 302.544882 -30.076006  9.109
 43    37.803 53733.09010014 42.51 302.550758 -30.091610 11.027
 43    38.103 53733.09010078 47.32 302.549868 -30.088330 11.027
 43    38.321 53733.09010143 47.55 302.548978 -30.085050 11.027
 43    38.198 53733.09010207 48.22 302.548098 -30.081770 11.027
 43    37.892 53733.09010271 50.14 302.547208 -30.078490 11.027
 43    38.040 53733.09010336 48.56 302.546315 -30.075210  9.445
 44    40.659 53768.09008149 18.99 302.553719 -30.078467  5.297
 44    38.499 53768.09008213 19.99 302.552829 -30.075187  5.297
 44    38.657 53768.09008278 19.70 302.551939 -30.071907  5.297
 44    38.670 53768.09008342 19.51 302.551049 -30.068627  5.297
 45    37.336 53803.09007773 36.84 302.550972 -30.089065 10.392
 45    37.071 53803.09007837 23.31 302.550082 -30.085785 10.392
 45    37.693 53803.09007902 17.43 302.549192 -30.082505 10.392
 45    38.152 53803.09007966 17.62 302.548305 -30.079226  4.658
 45    38.341 53803.09008031 20.26 302.547415 -30.075946  4.658
 45    38.833 53803.09008095 21.19 302.546525 -30.072666  4.658
 46    36.999 53838.09009366 49.15 302.550858 -30.084171 13.486
 46    38.172 53838.09009430 48.79 302.549968 -30.080891 13.486
 46    38.208 53838.09009495 49.04 302.549078 -30.077611 13.486
 46    38.191 53838.09009559 49.66 302.548186 -30.074334  9.504
 47    37.398 53873.09014285 48.59 302.550591 -30.088493 14.718
 47    36.095 53873.09014349 47.19 302.549701 -30.085213 14.718
 47    37.770 53873.09014413 31.84 302.548814 -30.081936 11.746
 47    37.873 53873.09014478 43.93 302.547924 -30.078656 11.746
 47    37.451 53873.09014542 45.79 302.547034 -30.075376 11.746
 48    37.899 53908.09018354 47.29 302.547928 -30.096962 19.456
 48    37.994 53908.09018419 45.91 302.547038 -30.093692 19.456
 48    37.907 53908.09018483 48.77 302.546148 -30.090412 19.456
 48    38.251 53908.09018547 46.26 302.545258 -30.087132 19.456
 48    38.239 53908.09018612 48.04 302.544368 -30.083852 19.456
 48    37.648 53908.09018676 49.40 302.543478 -30.080572 19.456
 49    36.729 53943.09020737 35.30 302.544005 -30.106155 14.009
 49    40.380 53943.09020802 28.35 302.543115 -30.102875 14.009
 49    40.830 53943.09020866 19.55 302.542225 -30.099595 14.009
 49    40.594 53943.09020931 19.06 302.541335 -30.096315 14.009
 49    44.415 53943.09020995 16.72 302.540445 -30.093035 14.009
 49    45.876 53943.09021060 15.36 302.539555 -30.089755 14.009
 50    37.695 53978.09016048 51.63 302.546466 -30.096829 18.120
 50    38.161 53978.09016113 42.04 302.545576 -30.093549 18.120
 50    37.701 53978.09016177 41.75 302.544686 -30.090269 18.120
 50    37.719 53978.09016242 32.88 302.543796 -30.086989 18.120
 50    37.821 53978.09016306 26.17 302.542906 -30.083709 18.120
 51    42.881 54013.09017259  8.76 302.552983 -30.081245 11.755
 51    42.684 54013.09017324  9.00 302.552103 -30.077965 11.755
 51    42.378 54013.09017388  8.60 302.551213 -30.074685 11.755
 51    41.962 54013.09017453  8.34 302.550320 -30.071408  3.494
 52    37.957 54048.09018208 41.89 302.553546 -30.077523 14.282
 52    39.125 54048.09018273 26.76 302.552656 -30.074243 14.282
 52    40.662 54048.09018337 22.80 302.551766 -30.070963 14.282
 54    38.502 54118.09010132 48.81 302.547415 -30.096801 19.831
 54    38.325 54118.09010196 48.47 302.546535 -30.093521 19.831
 54    38.777 54118.09010261 48.68 302.545645 -30.090241 19.831
 54    38.094 54118.09010325 49.34 302.544755 -30.086961 19.831
 54    38.659 54118.09010390 49.36 302.543865 -30.083681 19.831
 54    38.262 54118.09010454 48.85 302.542975 -30.080411 19.831
 55    37.906 54153.09012577 44.69 302.549308 -30.093237 12.970
 55    37.850 54153.09012642 36.74 302.548418 -30.089967 12.970
 55    37.436 54153.09012706 25.87 302.547528 -30.086687 12.970
 55    42.107 54153.09012770 19.94 302.546638 -30.083407 12.970
 55    39.725 54153.09012835 20.14 302.545748 -30.080127 12.970
 55    38.205 54153.09012899 29.95 302.544858 -30.076847 12.970
 57    40.231 54223.09013553 46.47 302.550217 -30.091497 14.390
 57    39.888 54223.09013617 48.53 302.549328 -30.088222 16.418
 57    40.356 54223.09013682 49.33 302.548438 -30.084942 16.418
 57    40.085 54223.09013746 48.17 302.547548 -30.081662 16.418
 57    39.988 54223.09013811 53.02 302.546658 -30.078382 16.418
 57    39.824 54223.09013875 49.18 302.545768 -30.075102 16.418
 58    39.308 54258.09015754 42.98 302.550643 -30.094239 13.675
 58    39.381 54258.09015818 48.60 302.549756 -30.090962 18.026
 58    39.351 54258.09015883 48.70 302.548866 -30.087682 18.026
 58    39.369 54258.09015947 50.84 302.547976 -30.084402 18.026
 58    39.287 54258.09016012 48.89 302.547086 -30.081122 18.026
 58    39.214 54258.09016076 51.18 302.546196 -30.077842 18.026
 58    38.900 54258.09016141 48.97 302.545306 -30.074572 18.026
 59    38.898 54293.09016118 49.98 302.550489 -30.088295 14.407
 59    39.369 54293.09016182 47.48 302.549599 -30.085015 14.407
 59    39.279 54293.09016247 48.66 302.548709 -30.081735 14.407
 59    39.211 54293.09016311 49.18 302.547819 -30.078455 14.407
 59    39.448 54293.09016376 50.34 302.546929 -30.075175 14.407
 60    42.053 54328.09015603 23.89 302.550369 -30.088999 12.280
 60    41.939 54328.09015667 21.73 302.549477 -30.085721 10.550
 60    41.994 54328.09015731 19.78 302.548597 -30.082441 10.550
 60    40.663 54328.09015796 21.17 302.547707 -30.079161 10.550
 60    39.707 54328.09015860 22.26 302.546817 -30.075881 10.550
 61    38.703 54363.09010290 45.37 302.548297 -30.097865 13.202
 61    37.916 54363.09010354 50.18 302.547407 -30.094585 13.202
 61    38.936 54363.09010419 45.99 302.546517 -30.091305 13.202
 61    38.405 54363.09010483 43.12 302.545637 -30.088025 13.202
 61    38.492 54363.09010548 38.46 302.544742 -30.084746 12.847
 61    38.937 54363.09010612 42.56 302.543852 -30.081466 12.847
 62    42.220 54398.09009696 49.33 302.550475 -30.082958 14.046
 62    42.158 54398.09009761 49.43 302.549589 -30.079679 10.436
 62    42.313 54398.09009825 48.92 302.548699 -30.076399 10.436
 62    42.196 54398.09009890 47.62 302.547809 -30.073119 10.436
 63    39.886 54433.09005318 45.34 302.549647 -30.092462 11.859
 63    39.699 54433.09005382 47.56 302.548757 -30.089182 11.859
 63    39.634 54433.09005447 44.96 302.547867 -30.085902 11.859
 63    39.599 54433.09005511 42.33 302.546977 -30.082622 11.859
 63    40.220 54433.09005576 44.63 302.546087 -30.079342 11.859
 63    39.401 54433.09005640 42.21 302.545201 -30.076062  9.233
 64    42.738 54468.09007955 25.72 302.551801 -30.081520  8.281
 64    42.807 54468.09008019 24.79 302.550911 -30.078240  8.281
 64    42.383 54468.09008084 25.59 302.550021 -30.074960  8.281
 64    41.694 54468.09008148 23.47 302.549131 -30.071680  8.281
 66    36.875 54538.09009343 35.30 302.550979 -30.089184  8.593
 66    43.660 54538.09009408 19.19 302.550089 -30.085904  8.593
 66    43.106 54538.09009472 16.27 302.549199 -30.082624  8.593
 66    42.461 54538.09009537 18.09 302.548309 -30.079344  8.593
 66    40.525 54538.09009601 21.85 302.547419 -30.076064  8.593
 66    39.549 54538.09009666 22.50 302.546529 -30.072794  8.593
 67    38.413 54573.09007007 47.43 302.549269 -30.094399 15.650
 67    38.127 54573.09007072 52.23 302.548379 -30.091119 15.650
 67    38.527 54573.09007136 47.97 302.547489 -30.087839 15.650
 67    38.352 54573.09007201 49.27 302.546602 -30.084561 14.937
 67    38.478 54573.09007265 50.80 302.545712 -30.081281 14.937
 67    38.498 54573.09007330 49.02 302.544822 -30.078001 14.937
 68    38.196 54608.09008646 42.49 302.550850 -30.094075 13.049
 68    38.133 54608.09008710 49.40 302.549963 -30.090797 15.688
 68    38.164 54608.09008775 48.21 302.549073 -30.087517 15.688
 68    38.243 54608.09008839 49.28 302.548183 -30.084237 15.688
 68    38.156 54608.09008904 49.07 302.547293 -30.080957 15.688
 68    38.005 54608.09008968 51.65 302.546403 -30.077677 15.688
 68    37.691 54608.09009033 49.02 302.545513 -30.074407 15.688
 69    38.999 54643.09009491 47.95 302.549278 -30.092142 11.405
 69    38.918 54643.09009555 47.96 302.548393 -30.088863 16.930
 69    38.891 54643.09009620 49.39 302.547503 -30.085583 16.930
 69    39.174 54643.09009684 48.12 302.546613 -30.082303 16.930
 69    39.243 54643.09009749 48.44 302.545723 -30.079023 16.930
 69    38.050 54643.09009813 51.01 302.544833 -30.075743 16.930
 70    42.289 54678.09009624 32.67 302.549706 -30.094047  8.508
 70    42.488 54678.09009688 28.53 302.548816 -30.090767  8.508
 70    42.647 54678.09009753 27.98 302.547930 -30.087490 11.113
 70    42.534 54678.09009817 29.14 302.547040 -30.084210 11.113
 70    41.554 54678.09009882 27.16 302.546150 -30.080930 11.113
 70    41.042 54678.09009946 28.73 302.545260 -30.077650 11.113
 71    41.960 54713.09004956 20.13 302.549475 -30.094490 12.919
 71    41.294 54713.09005021 17.54 302.548585 -30.091210 12.919
 71    41.318 54713.09005085 16.98 302.547695 -30.087930 12.919
 71    42.835 54713.09005149 14.70 302.546809 -30.084651 13.369
 71    40.707 54713.09005214 18.68 302.545919 -30.081371 13.369
 71    39.344 54713.09005278 23.26 302.545029 -30.078091 13.369
 72    38.841 54748.09006619 32.89 302.550360 -30.091038 13.141
 72    38.668 54748.09006684 26.35 302.549480 -30.087758 13.141
 72    38.754 54748.09006748 20.19 302.548590 -30.084478 13.141
 72    38.658 54748.09006812 18.63 302.547700 -30.081198 13.141
 72    38.988 54748.09006877 21.76 302.546810 -30.077918 13.141
 72    39.226 54748.09006941 26.42 302.545920 -30.074638 13.141
 73    43.217 54783.09003599 41.32 302.550703 -30.092823 16.233
 73    43.294 54783.09003663 44.24 302.549813 -30.089543 16.233
 73    43.163 54783.09003728 37.84 302.548921 -30.086264 13.319
 73    43.063 54783.09003792 32.21 302.548041 -30.082984 13.319
 73    43.069 54783.09003856 29.79 302.547151 -30.079704 13.319
 73    43.392 54783.09003921 29.11 302.546261 -30.076424 13.319
 74    38.501 54818.09005899 48.38 302.550745 -30.087381  9.917
 74    38.868 54818.09005963 47.66 302.549855 -30.084101  9.917
 74    38.871 54818.09006028 46.27 302.548965 -30.080821  9.917
 74    38.825 54818.09006092 46.49 302.548075 -30.077541  9.917
 74    38.403 54818.09006157 44.13 302.547185 -30.074261  9.917
 75    42.188 54853.09003378 34.63 302.550259 -30.093711 10.637
 75    42.153 54853.09003442 29.87 302.549369 -30.090431 10.637
 75    42.093 54853.09003507 28.03 302.548477 -30.087151  7.447
 75    42.741 54853.09003571 26.58 302.547597 -30.083871  7.447
 75    42.266 54853.09003636 24.27 302.546707 -30.080591  7.447
 75    42.009 54853.09003700 24.46 302.545817 -30.077311  7.447
 76    38.285 54888.09006252 44.16 302.549482 -30.093448  9.964
 76    38.045 54888.09006317 42.67 302.548595 -30.090169  9.087
 76    37.810 54888.09006381 37.68 302.547705 -30.086889  9.087
 76    37.176 54888.09006445 30.45 302.546815 -30.083609  9.087
 76    41.285 54888.09006510 21.69 302.545925 -30.080329  9.087
 76    38.332 54888.09006574 27.00 302.545035 -30.077049  9.087
 77    36.440 54923.09003255 34.59 302.546368 -30.097292 15.472
 77    41.226 54923.09003319 24.11 302.545478 -30.094012 15.472
 77    41.398 54923.09003384 21.94 302.544588 -30.090732 15.472
 77    42.354 54923.09003448 20.21 302.543708 -30.087452 15.472
 77    41.650 54923.09003513 20.53 302.542814 -30.084174  8.831
 77    39.758 54923.09003577 21.52 302.541924 -30.080894  8.831
 78    37.352 54958.09005960 36.59 302.550999 -30.094180 13.562
 78    37.161 54958.09006025 46.81 302.550109 -30.090904 13.483
 78    37.350 54958.09006089 48.42 302.549219 -30.087624 13.483
 78    37.380 54958.09006154 49.58 302.548329 -30.084344 13.483
 78    37.424 54958.09006218 49.03 302.547439 -30.081064 13.483
 78    37.330 54958.09006283 50.14 302.546549 -30.077784 13.483
 78    36.869 54958.09006347 49.60 302.545659 -30.074514 13.483
 79    38.060 54993.09008217 47.48 302.548366 -30.095241 16.093
 79    37.739 54993.09008282 45.61 302.547479 -30.091962 11.832
 79    38.218 54993.09008346 42.68 302.546589 -30.088682 11.832
 79    38.425 54993.09008411 39.40 302.545699 -30.085402 11.832
 79    37.876 54993.09008475 40.13 302.544809 -30.082122 11.832
 79    38.510 54993.09008540 33.14 302.543919 -30.078852 11.832
 80    39.242 55028.09007248 45.33 302.549856 -30.092205 14.252
 80    38.959 55028.09007313 51.25 302.548963 -30.088927 18.624
 80    39.243 55028.09007377 50.34 302.548083 -30.085647 18.624
 80    39.256 55028.09007442 49.38 302.547193 -30.082367 18.624
 80    39.264 55028.09007506 49.17 302.546303 -30.079087 18.624
 80    39.292 55028.09007571 50.27 302.545413 -30.075807 18.624
 81    40.795 55063.09006522 22.43 302.550050 -30.091153 15.317
 81    40.610 55063.09006587 19.24 302.549166 -30.087876 13.830
 81    40.683 55063.09006651 16.75 302.548276 -30.084596 13.830
 81    40.859 55063.09006716 16.66 302.547386 -30.081316 13.830
 81    40.976 55063.09006780 18.14 302.546496 -30.078036 13.830
 81    41.146 55063.09006844 23.66 302.545606 -30.074756 13.830
 82    41.850 55098.09001061 32.50 302.547076 -30.099064 18.283
 82    41.822 55098.09001126 28.06 302.546186 -30.095784 18.283
 82    41.942 55098.09001190 26.22 302.545296 -30.092504 18.283
 82    42.326 55098.09001255 26.35 302.544416 -30.089224 18.283
 82    42.082 55098.09001319 27.63 302.543521 -30.085943 13.302
 82    42.663 55098.09001384 24.93 302.542631 -30.082663 13.302
 83    40.375 55133.09000830 40.75 302.551136 -30.092265 13.566
 83    40.533 55133.09000895 47.90 302.550247 -30.088987 16.971
 83    40.219 55133.09000959 50.52 302.549357 -30.085707 16.971
 83    40.440 55133.09001024 49.46 302.548467 -30.082427 16.971
 83    40.531 55133.09001088 48.07 302.547577 -30.079147 16.971
 83    40.592 55133.09001153 49.28 302.546687 -30.075867 16.971
 84    46.052 55168.08997337 38.06 302.550700 -30.092865 11.705
 84    45.851 55168.08997402 40.32 302.549810 -30.089585 11.705
 84    44.915 55168.08997466 37.52 302.548920 -30.086305 11.705
 84    45.744 55168.08997531 30.29 302.548031 -30.083027 11.113
 84    45.622 55168.08997595 28.25 302.547141 -30.079747 11.113
 84    45.932 55168.08997660 28.82 302.546251 -30.076467 11.113
 85    42.579 55203.09000120 30.98 302.550868 -30.092694 11.836
 85    42.545 55203.09000185 27.87 302.549979 -30.089416  9.770
 85    42.482 55203.09000249 29.34 302.549089 -30.086136  9.770
 85    42.299 55203.09000313 30.01 302.548199 -30.082856  9.770
 85    41.861 55203.09000378 27.62 302.547309 -30.079576  9.770
 85    42.006 55203.09000442 27.13 302.546419 -30.076296  9.770
 86    39.241 55238.08998066 48.11 302.548683 -30.096481 15.764
 86    39.076 55238.08998130 48.48 302.547793 -30.093201 15.764
 86    39.165 55238.08998195 45.40 302.546903 -30.089921 15.764
 86    38.818 55238.08998259 43.72 302.546013 -30.086640 12.259
 86    39.424 55238.08998324 41.44 302.545123 -30.083360 12.259
 86    39.303 55238.08998388 45.34 302.544243 -30.080080 12.259
 87    38.256 55273.08999425 44.96 302.549934 -30.092483 11.093
 87    38.312 55273.08999490 48.74 302.549044 -30.089203 11.093
 87    38.283 55273.08999554 48.53 302.548151 -30.085926 15.297
 87    38.426 55273.08999619 48.27 302.547271 -30.082646 15.297
 87    38.659 55273.08999683 46.73 302.546381 -30.079366 15.297
 87    38.228 55273.08999748 49.50 302.545491 -30.076086 15.297
 88    38.124 55308.08996342 48.08 302.549169 -30.096642 12.380
 88    38.025 55308.08996406 49.60 302.548279 -30.093362 12.380
 88    38.342 55308.08996471 46.34 302.547389 -30.090082 12.380
 88    38.053 55308.08996535 46.25 302.546503 -30.086805 14.759
 88    38.312 55308.08996600 40.19 302.545613 -30.083525 14.759
 88    38.389 55308.08996664 47.37 302.544723 -30.080245 14.759
 88    37.471 55308.08996729 45.13 302.543843 -30.076965 14.759
 89    42.966 55343.08996505 47.80 302.550776 -30.090110 14.033
 89    42.579 55343.08996569 48.53 302.549890 -30.086831 14.349
 89    42.911 55343.08996634 47.66 302.549000 -30.083551 14.349
 89    42.832 55343.08996698 48.29 302.548110 -30.080271 14.349
 89    42.751 55343.08996763 48.11 302.547220 -30.076991 14.349
 89    41.977 55343.08996827 48.68 302.546330 -30.073711 14.349
 90    39.648 55378.08995773 43.70 302.550200 -30.094860 10.471
 90    39.916 55378.08995838 46.85 302.549310 -30.091580 10.471
 90    39.388 55378.08995902 47.77 302.548428 -30.088301 18.633
 90    39.727 55378.08995967 48.42 302.547538 -30.085021 18.633
 90    39.407 55378.08996031 49.44 302.546648 -30.081741 18.633
 90    39.995 55378.08996096 50.07 302.545758 -30.078461 18.633
 90    39.641 55378.08996160 48.16 302.544868 -30.075191 18.633
 91    42.355 55413.08998374 23.27 302.550682 -30.086251 11.464
 91    42.454 55413.08998439 24.88 302.549792 -30.082971 11.464
 91    42.652 55413.08998503 22.37 302.548902 -30.079691 11.464
 91    42.068 55413.08998568 22.46 302.548012 -30.076411 11.464
 91    41.840 55413.08998632 24.84 302.547122 -30.073141 11.464
 92    40.356 55448.08997278 49.13 302.549961 -30.091193 12.128
 92    40.285 55448.08997342 48.09 302.549071 -30.087913 12.128
 92    40.290 55448.08997407 49.39 302.548179 -30.084634 17.120
 92    40.243 55448.08997471 47.78 302.547299 -30.081354 17.120
 92    39.979 55448.08997536 52.57 302.546409 -30.078074 17.120
 92    39.908 55448.08997600 49.30 302.545519 -30.074794 17.120
 93    39.695 55483.08990023 44.32 302.548240 -30.095668 14.702
 93    39.383 55483.08990087 42.93 302.547350 -30.092388 14.702
 93    39.702 55483.08990152 40.20 302.546460 -30.089108 14.702
 93    40.027 55483.08990216 37.30 302.545580 -30.085828 14.702
 93    39.883 55483.08990281 36.69 302.544687 -30.082547  7.165
 93    39.544 55483.08990345 38.95 302.543797 -30.079267  7.165
