# NaN NaN NaN ;Mean Elev.(m), Avg Gradient(m/km), RMS Gradient(m/km) - SRTM1     
#   61.428  -1.287   3.809 ;Mean Elev.(m), Avg Gradient(m/km), RMS Gradient(m/km) - ASTER GDEM
#   50.824  -0.940   5.911 ;Mean Elev.(m), Avg Gradient(m/km), RMS Gradient(m/km) - GMTED2010 
  7 303.671633 -28.930396    47.936    47.921  3 52470.08636821 49.157
  8 303.671935 -28.930637    50.569    51.445  3 52505.08635174 26.748
  9 303.679560 -28.921897    54.912    54.941  3 52540.08633587 50.870
 11 303.673076 -28.929611    50.912    50.794  3 52610.08634029 32.588
 12 303.674912 -28.926382    48.679    48.702  3 52645.08633100 51.958
 13 303.677488 -28.924433    46.998    46.923  3 52680.08630778 42.357
 15 303.663233 -28.935752    46.082    46.063  3 52750.08637980 37.155
 16 303.675967 -28.926695    46.722    46.708  4 52785.08632405 47.061
 17 303.675241 -28.926111    47.099    47.082  3 52820.08639944 43.714
 18 303.677261 -28.925840    46.978    46.961  4 52855.08644771 49.317
 20 303.669993 -28.929152    46.753    46.670  3 52925.08643357 32.260
 21 303.681393 -28.919604    47.443    47.432  4 52960.08640221 49.925
 22 303.675276 -28.927891    54.706    54.698  3 52995.08643479 49.104
 23 303.671799 -28.927670    46.704    46.686  3 53030.08639871 29.619
 24 303.678696 -28.924131    46.566    46.683  4 53065.08640650 41.728
 25 303.667813 -28.932379    45.919    45.919  2 53100.08641144 33.840
 26 303.679874 -28.921182    46.891    46.888  3 53135.08640733 52.849
 28 303.672921 -28.929610    47.861    47.904  3 53205.08647498 41.171
 29 303.676529 -28.925758    46.314    46.285  4 53240.08644328 39.600
 31 303.671613 -28.930130    48.651    48.700  3 53310.08645720 52.264
 32 303.673789 -28.929399    47.107    47.116  3 53345.08642331 41.379
 34 303.678309 -28.923067    46.261    46.132  3 53415.08640161 45.578
 35 303.678743 -28.922654    46.543    46.564  3 53450.08639513 51.061
 36 303.668936 -28.931880    60.975    60.975  2 53485.08647887 25.533
 37 303.675079 -28.926476    52.262    52.270  3 53520.08647609 48.547
 38 303.667781 -28.931852    49.459    49.459  2 53555.08649845 50.913
 39 303.677440 -28.923744    46.862    46.875  4 53590.08644268 46.799
 40 303.671666 -28.928085    50.934    51.261  3 53625.08642281 22.050
 41 303.673444 -28.927041    53.200    53.673  3 53660.08644932 31.044
 42 303.672080 -28.928213    47.010    46.997  3 53695.08642306 42.776
 43 303.674190 -28.927580    46.568    46.588  3 53730.08634606 37.591
 44 303.681110 -28.920450    47.091    47.056  4 53765.08631353 50.883
 45 303.675812 -28.927440    46.614    46.660  3 53800.08631735 45.463
 46 303.677914 -28.923890    46.618    46.683  3 53835.08631970 44.035
 47 303.674833 -28.929307    46.178    46.146  3 53870.08637902 42.902
 48 303.672389 -28.927732    46.328    46.367  3 53905.08641455 39.432
 49 303.665759 -28.933296    45.283    45.283  2 53940.08644652 26.338
 50 303.669836 -28.930644    46.333    46.333  2 53975.08640497 19.686
 51 303.678483 -28.923470    47.388    47.396  3 54010.08640284 50.655
 52 303.680302 -28.923089    49.604    47.145  3 54045.08642045 19.496
 53 303.673056 -28.929068    47.104    47.120  3 54080.08641227 40.439
 54 303.671011 -28.929405    46.828    46.866  3 54115.08634741 33.318
 56 303.671850 -28.930100    46.869    46.852  3 54185.08633816 43.006
 57 303.675055 -28.928677    50.040    50.010  3 54220.08636956 49.209
 58 303.674036 -28.928673    47.933    47.876  3 54255.08639418 47.952
 59 303.675605 -28.926609    55.571    54.180  4 54290.08639697 21.112
 60 303.675512 -28.926744    47.634    47.645  3 54325.08639410 38.647
 61 303.671813 -28.928355    46.481    46.506  3 54360.08634763 28.598
 62 303.676136 -28.927216    52.071    52.070  3 54395.08633407 34.410
 63 303.674021 -28.927167    48.630    48.630  3 54430.08629769 48.469
 64 303.676972 -28.925003    47.118    47.212  3 54465.08631428 35.635
 65 303.674721 -28.928517    46.517    46.517  3 54500.08630916 34.726
 66 303.675964 -28.926479    47.460    46.636  4 54535.08632839 33.053
 67 303.673300 -28.930052    51.240    51.149  3 54570.08631198 21.408
 68 303.674586 -28.927754    46.826    46.794  4 54605.08632317 44.913
 69 303.672932 -28.927037    47.202    47.266  3 54640.08633293 44.013
 70 303.673290 -28.928768    48.431    46.962  3 54675.08633484 28.317
 71 303.673905 -28.927260    47.156    47.194  3 54710.08629205 45.320
 72 303.675188 -28.928892    47.001    46.996  3 54745.08630222 41.799
 73 303.675042 -28.926863    53.365    53.351  3 54780.08627544 28.489
 74 303.675944 -28.926456    47.215    47.297  3 54815.08629531 45.181
 75 303.673885 -28.928817    51.914    51.915  3 54850.08627445 19.421
 76 303.674562 -28.928839    46.578    46.538  3 54885.08629885 39.874
 77 303.669503 -28.929407    46.101    46.152  3 54920.08627533 38.593
 78 303.674534 -28.927599    46.060    46.026  4 54955.08629461 26.507
 79 303.672705 -28.930419    46.743    46.745  3 54990.08631799 38.023
 80 303.674368 -28.926609    47.665    47.650  3 55025.08630947 45.545
 81 303.674435 -28.927809    50.888    50.810  4 55060.08630361 27.642
 82 303.671351 -28.930714    52.765    52.757  3 55095.08625520 50.583
 83 303.674610 -28.926534    49.945    49.780  3 55130.08624543 23.671
 84 303.674820 -28.928735    54.819    54.845  3 55165.08621664 44.935
 85 303.674718 -28.927507    47.106    47.081  4 55200.08623739 43.893
 86 303.672052 -28.928370    47.112    47.105  3 55235.08622267 43.894
 87 303.674447 -28.926133    47.040    47.087  3 55270.08623145 38.551
 88 303.672636 -28.928084    46.535    46.533  3 55305.08620367 21.048
 89 303.674679 -28.927472    53.423    53.518  3 55340.08620389 24.664
 90 303.674247 -28.927267    53.598    53.519  3 55375.08619547 21.056
 91 303.676336 -28.926252    51.791    51.916  4 55410.08621762 23.538
 92 303.674233 -28.926549    47.936    47.976  3 55445.08621247 49.553
 93 303.672020 -28.928090    48.084    48.114  3 55480.08614706 43.154
