# NaN NaN NaN ;Mean Elev.(m), Avg Gradient(m/km), RMS Gradient(m/km) - SRTM1     
#   27.677  -1.126   6.764 ;Mean Elev.(m), Avg Gradient(m/km), RMS Gradient(m/km) - ASTER GDEM
#   39.627  -1.406   6.406 ;Mean Elev.(m), Avg Gradient(m/km), RMS Gradient(m/km) - GMTED2010 
  6 302.541961 -30.094738    41.269    41.273  6 52438.09013567 30.132
  7 302.544773 -30.089844    40.016    40.131  5 52473.09013665 45.922
  8 302.547374 -30.085553    40.602    40.614  6 52508.09010788 47.912
  9 302.554685 -30.068672    44.840    44.774  4 52543.09009460 49.388
 11 302.544848 -30.090425    42.870    42.868  6 52613.09010643 48.735
 12 302.549221 -30.077613    40.273    40.370  5 52648.09009154 48.495
 13 302.550958 -30.074470    40.069    40.048  4 52683.09006711 48.450
 14 302.547077 -30.086669    41.284    41.220  6 52718.09012204 47.878
 15 302.539121 -30.104135    38.459    38.386  5 52753.09014337 45.313
 16 302.549229 -30.078126    39.619    39.670  5 52788.09009437 49.174
 17 302.549176 -30.077249    39.443    39.438  4 52823.09016616 49.268
 18 302.550881 -30.076590    42.351    42.457  4 52858.09021290 24.268
 19 302.545946 -30.089658    38.196    38.156  6 52893.09024221 47.809
 20 302.543368 -30.091131    38.781    38.770  6 52928.09019301 48.590
 21 302.553924 -30.072307    41.746    41.567  4 52963.09017294 22.472
 22 302.545205 -30.089586    44.469    44.576  6 52998.09020893 35.858
 23 302.544011 -30.089400    40.904    41.044  6 53033.09016480 24.858
 24 302.549514 -30.079125    38.328    38.001  4 53068.09017948 45.001
 25 302.543163 -30.091871    42.611    43.335  6 53103.09016604 24.529
 26 302.550309 -30.074579    39.727    39.373  4 53138.09018424 17.752
 27 302.547222 -30.084824    38.100    38.182  7 53173.09022622 34.038
 28 302.546257 -30.087373    39.819    39.733  5 53208.09024115 44.913
 29 302.548122 -30.081596    38.063    38.145  6 53243.09020951 48.757
 30 302.550841 -30.081431    40.535    40.535  2 53278.09018533 16.032
 31 302.547090 -30.086093    39.936    39.910  6 53313.09021513 47.229
 32 302.548274 -30.081409    41.952    41.975  6 53348.09018165 24.529
 33 302.550190 -30.076388    37.899    38.187  4 53383.09015029 47.160
 34 302.552251 -30.072374    39.698    39.782  4 53418.09016252 31.063
 35 302.552048 -30.073829    41.677    41.928  3 53453.09016490 22.053
 36 302.543388 -30.093708    40.213    40.157  6 53488.09024656 33.147
 37 302.549507 -30.080382    42.462    42.534  5 53523.09023877 49.111
 38 302.542742 -30.094679    40.190    40.222  7 53558.09026200 46.748
 39 302.550790 -30.077463    38.442    38.452  4 53593.09020183 48.859
 40 302.547010 -30.087370    41.071    41.108  6 53628.09019138 20.866
 41 302.546367 -30.086518    41.792    41.784  6 53663.09021626 48.470
 42 302.547106 -30.084206    40.595    40.654  6 53698.09017907 24.170
 43 302.548537 -30.083410    38.059    38.080  6 53733.09010175 47.902
 44 302.552384 -30.073547    39.122    38.664  4 53768.09008245 19.563
 45 302.548748 -30.080865    37.904    37.883  6 53803.09007934 29.539
 46 302.549522 -30.079252    37.893    38.182  4 53838.09009462 49.172
 47 302.548813 -30.081935    37.317    37.714  5 53873.09014413 45.771
 48 302.545703 -30.088772    37.990    38.111  6 53908.09018515 47.793
 49 302.541780 -30.097955    41.471    41.670  6 53943.09020898 28.578
 50 302.544686 -30.090269    37.819    37.758  5 53978.09016177 45.535
 51 302.551655 -30.076326    42.476    42.531  4 54013.09017356  8.682
 52 302.552656 -30.074243    39.248    39.125  3 54048.09018273 37.302
 54 302.545198 -30.088601    38.436    38.382  6 54118.09010293 48.931
 55 302.547083 -30.085047    38.872    38.056  6 54153.09012738 37.750
 57 302.547993 -30.083302    40.062    40.079  6 54223.09013714 49.624
 58 302.547975 -30.084402    39.259    39.298  7 54258.09015947 49.148
 59 302.548709 -30.081735    39.241    39.279  5 54293.09016247 49.242
 60 302.548594 -30.082441    41.271    41.300  5 54328.09015731 21.976
 61 302.546075 -30.089665    38.565    38.571  6 54363.09010451 45.720
 62 302.549143 -30.078039    42.221    42.208  4 54398.09009793 48.882
 63 302.547423 -30.084262    39.740    39.644  6 54433.09005479 44.898
 64 302.550466 -30.076600    42.406    42.561  4 54468.09008052 24.980
 66 302.548754 -30.080984    41.029    42.119  6 54538.09009505 28.139
 67 302.547045 -30.086200    38.399    38.454  6 54573.09007169 49.775
 68 302.548182 -30.084237    38.084    38.082  7 54608.09008839 49.050
 69 302.547057 -30.083943    38.879    38.863  6 54643.09009652 48.964
 70 302.547484 -30.085849    42.092    42.021  6 54678.09009785 29.442
 71 302.547252 -30.086290    41.243    41.156  6 54713.09005117 19.419
 72 302.548143 -30.082838    38.856    38.828  6 54748.09006780 27.192
 73 302.548482 -30.084624    43.200    43.149  6 54783.09003760 39.174
 74 302.548965 -30.080821    38.694    38.846  5 54818.09006028 46.813
 75 302.548038 -30.085511    42.242    42.101  6 54853.09003539 29.631
 76 302.547260 -30.085249    38.489    38.152  6 54888.09006413 39.393
 77 302.544146 -30.089093    40.471    41.438  6 54923.09003416 27.843
 78 302.548329 -30.084344    37.267    37.339  7 54958.09006154 48.427
 79 302.546144 -30.087042    38.138    38.266  6 54993.09008378 43.423
 80 302.547636 -30.084007    39.209    39.250  6 55028.09007409 49.633
 81 302.547830 -30.082956    40.845    40.797  6 55063.09006683 20.348
 82 302.544853 -30.090864    42.114    42.138  6 55098.09001222 28.408
 83 302.548912 -30.084067    40.448    40.472  6 55133.09000992 48.486
 84 302.548476 -30.084666    45.686    45.770  6 55168.08997498 36.252
 85 302.548644 -30.084496    42.295    42.343  6 55203.09000281 29.050
 86 302.546460 -30.088280    39.171    39.189  6 55238.08998227 46.048
 87 302.547712 -30.084285    38.361    38.398  6 55273.08999586 48.025
 88 302.546503 -30.086804    38.102    38.265  7 55308.08996535 46.842
 89 302.548554 -30.081911    42.669    42.832  6 55343.08996666 48.194
 90 302.547536 -30.085021    39.674    39.645  7 55378.08995967 48.141
 91 302.548902 -30.079691    42.274    42.261  5 55413.08998503 23.705
 92 302.547740 -30.082994    40.177    40.144  6 55448.08997439 49.692
 93 302.546019 -30.087468    39.706    39.705  6 55483.08990184 40.971
