# NaN NaN NaN ;Mean Elev.(m), Avg Gradient(m/km), RMS Gradient(m/km) - SRTM1     
#   45.652  -1.772   5.600 ;Mean Elev.(m), Avg Gradient(m/km), RMS Gradient(m/km) - ASTER GDEM
#   52.560  -1.456   5.125 ;Mean Elev.(m), Avg Gradient(m/km), RMS Gradient(m/km) - GMTED2010 
  7 303.840379 -28.735251    56.168    56.066  4 52476.55967499 27.495
  8 303.863746 -28.700694    54.341    54.323  7 52511.55961732 47.732
  9 303.845794 -28.727296    56.170    56.138  7 52546.55964907 26.660
 10 303.848426 -28.722846    55.852    55.871  7 52581.55966599 51.065
 11 303.847322 -28.724539    55.936    55.835  7 52616.55963713 27.598
 12 303.858527 -28.706787    50.746    50.736  6 52651.55960956 43.005
 13 303.858915 -28.705898    56.000    55.893  6 52686.55960180 24.063
 14 303.847676 -28.723328    55.550    55.627  7 52721.55965480 25.178
 16 303.845885 -28.726670    51.458    51.315  7 52791.55962809 40.446
 17 303.851806 -28.716101    55.659    55.648  8 52826.55969484 26.142
 18 303.855232 -28.710963    49.807    48.979  6 52861.55973932 40.780
 19 303.847555 -28.723933    55.121    55.035  7 52896.55977210 22.315
 20 303.850610 -28.718072    56.066    55.863  7 52931.55971854 27.708
 21 303.849109 -28.721142    54.869    54.895  8 52966.55971843 24.329
 23 303.849601 -28.719897    55.894    55.892  7 53036.55969616 24.553
 24 303.848502 -28.721861    55.717    55.652  7 53071.55971940 23.697
 25 303.851189 -28.717193    48.151    48.142  8 53106.55969629 50.107
 26 303.847579 -28.723897    50.175    50.217  7 53141.55972709 52.394
 27 303.850697 -28.718261    54.281    54.290  8 53176.55975418 18.554
 28 303.846884 -28.724745    54.607    54.644  7 53211.55977490 18.189
 29 303.854962 -28.711789    48.715    48.750  7 53246.55974028 50.075
 30 303.840307 -28.734812    52.857    52.849  3 53281.55973168 38.198
 31 303.851047 -28.717644    54.923    55.035  8 53316.55973760 29.534
 32 303.859416 -28.706206    49.567    49.556  6 53351.55970084 40.569
 33 303.842895 -28.732985    55.802    55.645  7 53386.55969329 19.565
 34 303.862134 -28.702831    48.168    48.144  6 53421.55968997 44.880
 35 303.851156 -28.716807    55.407    54.598  7 53456.55969820 20.859
 37 303.857282 -28.708444    53.061    52.820  6 53526.55976337 42.200
 38 303.840491 -28.734427    55.920    55.731  4 53561.55979766 27.117
 39 303.861495 -28.703775    55.208    55.249  6 53596.55973006 19.383
 41 303.841159 -28.735255    55.683    55.711  5 53666.55975411 28.306
 42 303.858427 -28.706460    55.048    55.067  6 53701.55969759 20.912
 43 303.865996 -28.695830    51.787    52.363  5 53736.55960551 31.888
 44 303.858820 -28.705220    48.365    48.378  6 53771.55961332 47.548
 45 303.861122 -28.703223    48.596    48.475  6 53806.55960329 45.140
 47 303.852662 -28.715381    55.275    55.603  7 53876.55967369 23.881
 50 303.851817 -28.716791    49.256    49.293  7 53981.55968568 43.747
 51 303.847852 -28.723860    52.420    52.959  7 54016.55971033 31.722
 52 303.862537 -28.701480    50.538    50.592  7 54051.55970453 42.459
 53 303.854780 -28.711807    49.181    49.168  7 54086.55969831 50.888
 54 303.859666 -28.705055    49.577    49.514  7 54121.55962179 37.442
 55 303.849541 -28.719781    49.065    49.083  7 54156.55966024 42.526
 56 303.857792 -28.706690    49.330    49.424  6 54191.55962057 47.038
 57 303.848322 -28.722987    50.724    50.717  7 54226.55967144 51.105
 58 303.851160 -28.717225    50.110    50.124  7 54261.55969038 42.760
 59 303.852695 -28.715071    52.294    52.294  7 54296.55969480 52.608
 60 303.856763 -28.708569    55.030    55.080  6 54331.55968430 21.336
 61 303.857089 -28.708672    59.847    60.247  6 54366.55962695 26.085
 62 303.853420 -28.714212    54.267    54.044  7 54401.55962811 35.805
 63 303.854975 -28.711361    55.298    55.389  7 54436.55958464 19.103
 64 303.852840 -28.713754    53.608    52.569  6 54471.55961259 37.111
 65 303.856757 -28.708970    55.448    55.433  6 54506.55959664 20.409
 66 303.854148 -28.712927    55.382    55.631  7 54541.55962677 19.014
 67 303.857826 -28.706676    51.003    50.915  6 54576.55959741 49.874
 68 303.852705 -28.715327    49.199    49.300  7 54611.55961903 44.156
 69 303.850609 -28.718275    51.395    51.404  7 54646.55962689 49.230
 70 303.852338 -28.715774    56.040    56.055  7 54681.55962696 26.164
 71 303.858865 -28.706027    54.475    55.054  6 54716.55957420 28.276
 72 303.847805 -28.723521    50.181    50.205  7 54751.55960093 44.039
 73 303.855290 -28.710970    55.742    55.791  7 54786.55956500 27.381
 74 303.850201 -28.718614    49.642    49.624  7 54821.55959295 39.321
 75 303.855880 -28.710731    57.474    57.250  6 54856.55956138 26.099
 76 303.849560 -28.720309    48.522    48.520  7 54891.55959721 50.355
 77 303.855310 -28.711037    55.152    54.888  7 54926.55955899 18.590
 78 303.848359 -28.721722    54.037    54.085  7 54961.55959551 15.816
 79 303.846826 -28.725562    53.777    53.855  7 54996.55961810 18.381
 80 303.851058 -28.717472    52.589    52.589  7 55031.55960571 41.938
 81 303.855632 -28.710266    53.328    53.291  7 55066.55959362 50.246
 82 303.855486 -28.710502    55.816    55.772  7 55101.55953519 27.978
 83 303.850022 -28.719209    50.842    50.851  7 55136.55954189 45.226
 84 303.856796 -28.708239    55.558    55.562  6 55171.55950146 43.868
 85 303.849063 -28.721081    56.450    56.552  7 55206.55953608 31.843
 86 303.855550 -28.709498    53.537    52.580  5 55241.55950775 34.221
 87 303.852875 -28.714126    51.289    49.786  7 55276.55952792 40.264
 88 303.857119 -28.708442    54.305    54.308  6 55311.55949135 51.757
 89 303.853539 -28.714364    55.949    55.938  7 55346.55949807 29.699
 90 303.854119 -28.712232    55.523    55.572  7 55381.55948946 24.317
 91 303.849649 -28.720450    51.397    51.424  7 55416.55951803 48.010
 92 303.856596 -28.708954    51.791    52.123  6 55451.55949953 35.405
 93 303.859867 -28.704966    55.539    55.534  7 55486.55942223 21.420
