# NaN NaN NaN ;Mean Elev.(m), Avg Gradient(m/km), RMS Gradient(m/km) - SRTM1     
#    9.781   0.223   0.880 ;Mean Elev.(m), Avg Gradient(m/km), RMS Gradient(m/km) - ASTER GDEM
#    0.049  -0.072   2.522 ;Mean Elev.(m), Avg Gradient(m/km), RMS Gradient(m/km) - GMTED2010 
  6     2.075 52441.09358113 25.26 301.881734 -32.900333 36.847
  6     2.246 52441.09358178 27.18 301.880804 -32.897063 36.847
  6     2.651 52441.09358242 28.88 301.879874 -32.893793 36.847
  7     1.699 52476.09357851 17.67 301.885600 -32.897190 20.629
  7     1.604 52476.09357915 17.95 301.884670 -32.893920 20.629
  7     1.795 52476.09357980 19.17 301.883740 -32.890650 20.629
  7     1.835 52476.09358044 26.24 301.882810 -32.887370 20.629
  7     1.912 52476.09358109 28.49 301.881890 -32.884100 20.629
  7     1.930 52476.09358173 34.79 301.880960 -32.880830 20.629
  7     1.876 52476.09358366 33.53 301.878170 -32.871000 20.629
  7     1.789 52476.09358431 27.14 301.877240 -32.867730 20.629
  7     1.715 52476.09358495 26.62 301.876310 -32.864460 20.629
  7     1.851 52476.09358560 29.89 301.875380 -32.861180 20.629
  8     2.238 52511.09353276 21.28 301.891224 -32.886775  8.001
  8     2.343 52511.09353341 24.71 301.890294 -32.883505  8.001
  8     2.367 52511.09353405 21.71 301.889364 -32.880225  8.001
  8     2.265 52511.09353470 20.72 301.888434 -32.876955  8.001
  8     2.086 52511.09353534 20.34 301.887504 -32.873685  8.001
  8     2.017 52511.09353599 20.88 301.886574 -32.870405  8.001
  8     2.035 52511.09353663 19.93 301.885654 -32.867135  8.001
  8     1.976 52511.09353728 18.77 301.884724 -32.863855  8.001
  8     1.966 52511.09353792 18.44 301.883794 -32.860585  8.001
  8     1.928 52511.09353857 18.76 301.882864 -32.857315  8.001
  9     4.132 52546.09355484 35.06 301.889900 -32.876712 40.405
  9     4.184 52546.09355548 32.01 301.888970 -32.873432 40.405
  9     4.174 52546.09355613 28.77 301.888040 -32.870162 40.405
  9     4.101 52546.09355677 29.53 301.887110 -32.866892 40.405
  9     4.088 52546.09355742 26.77 301.886180 -32.863612 40.405
  9     4.021 52546.09355806 27.25 301.885250 -32.860342 40.405
  9     4.032 52546.09355870 27.16 301.884323 -32.857067 14.197
 10     4.382 52581.09357434 51.66 301.889862 -32.892476 51.500
 10     4.407 52581.09357498 53.42 301.888932 -32.889196 51.500
 10     4.423 52581.09357563 51.36 301.888002 -32.885926 51.500
 10     4.432 52581.09357627 52.47 301.887072 -32.882646 51.500
 10     4.453 52581.09357692 52.14 301.886142 -32.879376 51.500
 10     4.476 52581.09357756 52.36 301.885212 -32.876106 51.500
 10     4.493 52581.09357821 52.48 301.884282 -32.872826 51.500
 10     4.516 52581.09357885 51.47 301.883362 -32.869556 51.500
 10     4.541 52581.09357950 50.12 301.882432 -32.866286 51.500
 10     4.558 52581.09358014 48.01 301.881502 -32.863006 51.500
 10     4.580 52581.09358078 50.84 301.880572 -32.859736 51.500
 11     4.506 52616.09354290 28.87 301.884560 -32.899817 18.168
 11     4.254 52616.09354355 30.35 301.883630 -32.896547 18.168
 11     4.329 52616.09354419 31.34 301.882700 -32.893267 18.168
 11     4.452 52616.09354484 32.96 301.881770 -32.889997 18.168
 11     4.785 52616.09354548 34.28 301.880840 -32.886717 18.168
 12     2.533 52651.09352597 28.03 301.889732 -32.867109 28.331
 12     2.480 52651.09352662 26.49 301.888802 -32.863839 28.331
 12     2.407 52651.09352726 24.85 301.887872 -32.860559 28.331
 12     2.312 52651.09352791 24.39 301.886942 -32.857289 28.331
 13     1.589 52686.09351176 23.90 301.890054 -32.890023 10.125
 13     1.644 52686.09351240 23.26 301.889124 -32.886743 10.125
 13     1.906 52686.09351305 21.03 301.888194 -32.883473 10.125
 13     1.983 52686.09351369 20.57 301.887264 -32.880203 10.125
 13     1.906 52686.09351434 21.04 301.886334 -32.876923 10.125
 13     1.871 52686.09351498 22.14 301.885414 -32.873653 10.125
 13     1.773 52686.09351563 21.20 301.884484 -32.870373 10.125
 13     1.711 52686.09351627 19.89 301.883554 -32.867103 10.125
 13     1.637 52686.09351692 18.38 301.882624 -32.863833 10.125
 13     1.422 52686.09351756 20.54 301.881694 -32.860553 10.125
 14     3.029 52721.09356122 35.75 301.889231 -32.893986 11.214
 14     2.856 52721.09356187 25.29 301.888301 -32.890706 11.214
 14     2.692 52721.09356251 25.01 301.887371 -32.887436 11.214
 14     2.734 52721.09356315 25.41 301.886441 -32.884166 11.214
 14     2.775 52721.09356380 27.12 301.885521 -32.880886 11.214
 14     2.718 52721.09356444 27.90 301.884591 -32.877616 11.214
 14     2.612 52721.09356509 26.67 301.883661 -32.874346 11.214
 14     2.610 52721.09356573 25.41 301.882731 -32.871066 11.214
 14     2.534 52721.09356638 24.79 301.881801 -32.867796 11.214
 14     2.527 52721.09356702 24.06 301.880871 -32.864516 11.214
 14     2.591 52721.09356767 24.42 301.879941 -32.861246 11.214
 14     2.629 52721.09356831 24.46 301.879011 -32.857976 11.214
 15     2.263 52756.09358285 22.18 301.877751 -32.902363 23.170
 15     2.320 52756.09358349 22.04 301.876821 -32.899093 23.170
 15     2.394 52756.09358414 23.65 301.875891 -32.895813 23.170
 15     2.569 52756.09358478 24.79 301.874961 -32.892543 23.170
 16     2.917 52791.09353773 51.95 301.889544 -32.874694 35.840
 16     2.877 52791.09353837 54.15 301.888614 -32.871414 35.840
 16     2.884 52791.09353902 49.66 301.887684 -32.868144 35.840
 16     2.878 52791.09353966 37.20 301.886754 -32.864874 35.840
 16     2.777 52791.09354031 27.47 301.885824 -32.861594 35.840
 16     2.726 52791.09354095 26.14 301.884894 -32.858324 35.840
 17     1.900 52826.09360802 50.19 301.888736 -32.868532 39.189
 17     1.922 52826.09360867 46.83 301.887806 -32.865262 39.189
 17     1.950 52826.09360931 49.41 301.886876 -32.861982 39.189
 17     1.970 52826.09360996 50.39 301.885946 -32.858712 39.189
 18     2.445 52861.09365444 54.87 301.888893 -32.864424 41.664
 18     2.424 52861.09365508 50.71 301.887963 -32.861144 41.664
 18     2.436 52861.09365573 47.52 301.887033 -32.857874 41.664
 19     2.431 52896.09367851 23.51 301.887598 -32.897242 13.791
 19     2.018 52896.09367916 22.30 301.886668 -32.893962 13.791
 19     2.023 52896.09367980 21.56 301.885738 -32.890692 13.791
 19     2.242 52896.09368045 24.41 301.884808 -32.887412 13.791
 19     2.242 52896.09368109 25.91 301.883878 -32.884142 13.791
 19     2.227 52896.09368174 27.60 301.882958 -32.880872 13.791
 19     2.262 52896.09368238 27.83 301.882028 -32.877592 13.791
 19     2.256 52896.09368303 27.82 301.881098 -32.874322 13.791
 19     2.209 52896.09368367 28.11 301.880168 -32.871052 13.791
 19     2.204 52896.09368431 24.85 301.879238 -32.867772 13.791
 19     2.207 52896.09368496 25.36 301.878308 -32.864502 13.791
 19     2.204 52896.09368560 25.66 301.877378 -32.861222 13.791
 20     1.414 52931.09362624 20.90 301.884055 -32.899049 33.382
 20     1.281 52931.09362689 20.24 301.883125 -32.895779 33.382
 20     1.489 52931.09362753 21.29 301.882195 -32.892499 33.382
 20     1.585 52931.09362818 33.86 301.881265 -32.889229 33.382
 21     2.330 52966.09362774 24.87 301.889552 -32.870705 20.009
 21     2.357 52966.09362839 25.09 301.888632 -32.867435 20.009
 21     2.340 52966.09362903 23.00 301.887702 -32.864165 20.009
 21     2.269 52966.09362968 22.68 301.886772 -32.860885 20.009
 21     2.046 52966.09363032 22.93 301.885842 -32.857615 20.009
 22     3.408 53001.09365301 25.93 301.883920 -32.898547 37.253
 22     3.536 53001.09365365 27.69 301.882990 -32.895267 37.253
 22     3.839 53001.09365430 28.03 301.882060 -32.891997 37.253
 22     4.016 53001.09365494 33.50 301.881130 -32.888727 37.253
 23     2.271 53036.09360258 22.83 301.884776 -32.899190 37.019
 23     2.473 53036.09360322 20.81 301.883846 -32.895910 37.019
 23     2.638 53036.09360387 24.68 301.882916 -32.892640 37.019
 23     2.736 53036.09360451 35.01 301.881986 -32.889360 37.019
 23     2.768 53036.09360516 45.59 301.881056 -32.886090 37.019
 24     0.846 53071.09362517 18.15 301.889145 -32.891754  7.370
 24     0.875 53071.09362582 19.94 301.888215 -32.888484  7.370
 24     0.913 53071.09362646 19.51 301.887295 -32.885204  7.370
 24     0.862 53071.09362711 20.07 301.886365 -32.881934  7.370
 24     0.835 53071.09362775 19.83 301.885435 -32.878664  7.370
 24     0.929 53071.09362840 18.29 301.884505 -32.875384  7.370
 24     0.834 53071.09362904 17.05 301.883575 -32.872114  7.370
 24     0.787 53071.09362968 15.75 301.882645 -32.868834  7.370
 24     0.720 53071.09363033 18.12 301.881715 -32.865564  7.370
 24     0.855 53071.09363097 17.54 301.880785 -32.862294  7.370
 24     0.828 53071.09363162 19.28 301.879855 -32.859014  7.370
 25     1.192 53106.09360303 20.92 301.883846 -32.901002 31.052
 25     1.182 53106.09360367 21.16 301.882916 -32.897732 31.052
 25     1.361 53106.09360432 20.15 301.881986 -32.894452 31.052
 25     1.768 53106.09360496 22.29 301.881056 -32.891182 31.052
 26     1.835 53141.09363286 46.33 301.891537 -32.890071 45.468
 26     1.821 53141.09363351 50.14 301.890607 -32.886791 45.468
 26     1.806 53141.09363415 48.31 301.889687 -32.883521 45.468
 26     1.794 53141.09363480 46.96 301.888757 -32.880251 45.468
 26     1.782 53141.09363544 44.38 301.887827 -32.876971 45.468
 26     1.780 53141.09363609 33.51 301.886897 -32.873701 45.468
 26     1.733 53141.09363673 39.75 301.885967 -32.870431 45.468
 26     1.720 53141.09363737 35.68 301.885037 -32.867151 45.468
 26     1.882 53141.09363802 35.73 301.884107 -32.863881 45.468
 26     1.898 53141.09363866 42.73 301.883177 -32.860601 45.468
 26     1.882 53141.09363931 42.66 301.882247 -32.857331 45.468
 27     0.886 53176.09366285 21.65 301.890030 -32.891410  7.903
 27     0.958 53176.09366350 20.86 301.889100 -32.888130  7.903
 27     1.400 53176.09366414 21.60 301.888170 -32.884860  7.903
 27     1.700 53176.09366479 21.93 301.887240 -32.881590  7.903
 27     1.836 53176.09366543 20.01 301.886310 -32.878310  7.903
 27     1.715 53176.09366607 20.68 301.885390 -32.875040  7.903
 27     1.636 53176.09366672 19.75 301.884460 -32.871760  7.903
 27     1.551 53176.09366736 19.06 301.883530 -32.868490  7.903
 27     1.300 53176.09366801 19.29 301.882600 -32.865220  7.903
 27     0.948 53176.09366865 19.22 301.881670 -32.861940  7.903
 27     1.025 53176.09366930 19.83 301.880740 -32.858670  7.903
 28     1.361 53211.09368067 18.39 301.888026 -32.896610  9.942
 28     0.988 53211.09368132 17.92 301.887096 -32.893340  9.942
 28     1.284 53211.09368196 18.08 301.886166 -32.890070  9.942
 28     1.232 53211.09368261 22.59 301.885236 -32.886790  9.942
 28     1.202 53211.09368325 22.14 301.884306 -32.883520  9.942
 28     1.210 53211.09368389 22.39 301.883386 -32.880240  9.942
 28     1.239 53211.09368454 25.11 301.882456 -32.876970  9.942
 28     1.186 53211.09368518 23.30 301.881526 -32.873700  9.942
 28     1.126 53211.09368583 23.87 301.880596 -32.870420  9.942
 28     1.096 53211.09368647 21.75 301.879666 -32.867150  9.942
 28     1.205 53211.09368712 19.51 301.878736 -32.863870  9.942
 28     1.289 53211.09368776 19.10 301.877806 -32.860600  9.942
 29     1.374 53246.09364927 52.26 301.888883 -32.892584 27.312
 29     1.365 53246.09364992 50.38 301.887953 -32.889304 27.312
 29     1.455 53246.09365056 47.71 301.887023 -32.886034 27.312
 29     1.464 53246.09365121 43.98 301.886093 -32.882764 27.312
 29     1.328 53246.09365185 40.28 301.885163 -32.879484 27.312
 29     1.166 53246.09365250 38.97 301.884243 -32.876214 27.312
 29     1.195 53246.09365314 36.58 301.883313 -32.872944 27.312
 29     1.130 53246.09365378 34.94 301.882383 -32.869664 27.312
 29     1.017 53246.09365443 35.46 301.881453 -32.866394 27.312
 29     1.089 53246.09365507 37.08 301.880523 -32.863114 27.312
 29     1.088 53246.09365572 41.38 301.879593 -32.859844 27.312
 30     1.701 53281.09363487 15.41 301.890275 -32.890350  7.580
 30     1.781 53281.09363551 17.10 301.889355 -32.887070  7.580
 30     1.855 53281.09363616 18.93 301.888425 -32.883800  7.580
 30     1.661 53281.09363680 19.88 301.887495 -32.880530  7.580
 30     1.529 53281.09363745 20.01 301.886565 -32.877250  7.580
 30     1.508 53281.09363809 19.33 301.885635 -32.873980  7.580
 30     1.480 53281.09363874 19.20 301.884705 -32.870710  7.580
 30     1.511 53281.09363938 17.60 301.883775 -32.867430  7.580
 30     1.484 53281.09364003 18.49 301.882845 -32.864160  7.580
 30     1.507 53281.09364067 17.34 301.881915 -32.860880  7.580
 30     1.539 53281.09364131 16.52 301.880985 -32.857610  7.580
 31     2.840 53316.09364695 24.86 301.890923 -32.890346 10.861
 31     2.825 53316.09364760 25.77 301.889993 -32.887076 10.861
 31     2.937 53316.09364824 25.42 301.889063 -32.883796 10.861
 31     2.904 53316.09364889 27.04 301.888133 -32.880526 10.861
 31     2.795 53316.09364953 26.43 301.887203 -32.877256 10.861
 31     2.708 53316.09365018 27.21 301.886283 -32.873976 10.861
 31     2.699 53316.09365082 26.17 301.885353 -32.870706 10.861
 31     2.621 53316.09365147 26.14 301.884423 -32.867426 10.861
 31     2.582 53316.09365211 25.04 301.883493 -32.864156 10.861
 31     2.595 53316.09365276 24.45 301.882563 -32.860886 10.861
 31     2.495 53316.09365340 24.78 301.881633 -32.857606 10.861
 32     1.294 53351.09361270 39.93 301.891126 -32.889677 11.139
 32     1.270 53351.09361335 28.62 301.890196 -32.886407 11.139
 32     1.158 53351.09361399 29.87 301.889266 -32.883127 11.139
 32     1.203 53351.09361463 29.50 301.888336 -32.879857 11.139
 32     1.306 53351.09361528 24.79 301.887416 -32.876587 11.139
 32     1.293 53351.09361592 23.98 301.886486 -32.873307 11.139
 32     1.213 53351.09361657 22.74 301.885556 -32.870037 11.139
 32     1.191 53351.09361721 21.39 301.884626 -32.866767 11.139
 32     1.120 53351.09361786 22.37 301.883696 -32.863487 11.139
 32     1.020 53351.09361850 20.81 301.882766 -32.860217 11.139
 33     1.874 53386.09359746 21.61 301.891414 -32.888031  4.400
 33     1.801 53386.09359811 19.62 301.890474 -32.884751  4.400
 33     1.747 53386.09359875 18.58 301.889544 -32.881481  4.400
 33     1.682 53386.09359940 17.47 301.888624 -32.878211  4.400
 33     1.617 53386.09360004 18.03 301.887694 -32.874931  4.400
 33     1.572 53386.09360069 18.21 301.886764 -32.871661  4.400
 33     1.521 53386.09360133 17.95 301.885834 -32.868391  4.400
 33     1.593 53386.09360198 17.68 301.884904 -32.865111  4.400
 33     1.591 53386.09360262 18.42 301.883974 -32.861841  4.400
 33     1.546 53386.09360327 18.91 301.883044 -32.858561  4.400
 34     1.297 53421.09360524 37.65 301.889414 -32.865855 17.257
 34     1.167 53421.09360588 28.62 301.888484 -32.862575 17.257
 34     1.236 53421.09360653 23.00 301.887554 -32.859305 17.257
 34     1.220 53421.09360717 23.80 301.886624 -32.856035 17.257
 35     1.333 53456.09361108 52.17 301.889377 -32.863680 31.716
 35     1.334 53456.09361173 52.42 301.888447 -32.860400 31.716
 35     1.305 53456.09361237 51.45 301.887517 -32.857130 31.716
 36     1.762 53491.09368985 24.82 301.884494 -32.898543 41.091
 36     1.934 53491.09369050 34.72 301.883564 -32.895273 41.091
 36     1.968 53491.09369114 43.52 301.882634 -32.891993 41.091
 36     1.868 53491.09369179 52.92 301.881704 -32.888723 41.091
 37     3.346 53526.09367516 49.70 301.892024 -32.887228 38.144
 37     3.337 53526.09367581 49.47 301.891094 -32.883958 38.144
 37     3.306 53526.09367645 48.47 301.890174 -32.880688 38.144
 37     3.188 53526.09367710 46.52 301.889234 -32.877408 38.144
 37     3.200 53526.09367774 45.94 301.888314 -32.874138 38.144
 37     3.241 53526.09367839 47.03 301.887384 -32.870868 38.144
 37     3.288 53526.09367903 45.75 301.886454 -32.867588 38.144
 37     3.342 53526.09367968 47.39 301.885524 -32.864318 38.144
 37     3.378 53526.09368032 48.11 301.884594 -32.861038 38.144
 37     3.389 53526.09368097 47.32 301.883664 -32.857768 38.144
 38     2.198 53561.09370094 45.28 301.883680 -32.900803 50.334
 38     2.164 53561.09370159 38.31 301.882750 -32.897523 50.334
 38     2.153 53561.09370223 38.21 301.881820 -32.894253 50.334
 38     2.129 53561.09370287 48.81 301.880890 -32.890973 50.334
 39     1.188 53596.09364122 45.85 301.891230 -32.889496 21.076
 39     1.133 53596.09364186 39.45 301.890300 -32.886226 21.076
 39     1.301 53596.09364251 23.80 301.889370 -32.882956 21.076
 39     1.188 53596.09364315 27.13 301.888440 -32.879676 21.076
 39     1.581 53596.09364380 26.39 301.887520 -32.876406 21.076
 39     1.813 53596.09364444 22.17 301.886590 -32.873136 21.076
 39     1.694 53596.09364509 22.53 301.885660 -32.869856 21.076
 39     1.646 53596.09364573 22.04 301.884730 -32.866586 21.076
 39     1.350 53596.09364638 22.37 301.883800 -32.863306 21.076
 39     1.178 53596.09364702 22.83 301.882870 -32.860036 21.076
 40     1.876 53631.09363496 20.36 301.889216 -32.892681  9.954
 40     1.900 53631.09363561 21.78 301.888296 -32.889401  9.954
 40     1.856 53631.09363625 23.35 301.887366 -32.886131  9.954
 40     1.874 53631.09363689 24.20 301.886426 -32.882851  9.954
 40     1.867 53631.09363754 23.77 301.885496 -32.879581  9.954
 40     1.887 53631.09363818 24.64 301.884576 -32.876311  9.954
 40     1.845 53631.09363883 23.85 301.883646 -32.873031  9.954
 40     1.795 53631.09363947 23.72 301.882716 -32.869761  9.954
 40     1.644 53631.09364012 23.13 301.881786 -32.866491  9.954
 40     1.683 53631.09364076 21.61 301.880856 -32.863211  9.954
 40     1.698 53631.09364141 21.50 301.879926 -32.859941  9.954
 41     2.444 53666.09365741 22.27 301.886730 -32.895555 16.054
 41     2.689 53666.09365806 26.50 301.885800 -32.892285 16.054
 41     2.728 53666.09365870 23.44 301.884870 -32.889005 16.054
 41     2.952 53666.09365934 24.81 301.883940 -32.885735 16.054
 41     2.929 53666.09365999 27.46 301.883020 -32.882465 16.054
 41     2.955 53666.09366063 28.06 301.882090 -32.879185 16.054
 41     3.070 53666.09366128 30.35 301.881160 -32.875915 16.054
 41     3.043 53666.09366192 31.53 301.880230 -32.872635 16.054
 41     2.959 53666.09366257 29.22 301.879300 -32.869365 16.054
 41     2.840 53666.09366321 26.29 301.878370 -32.866095 16.054
 41     2.931 53666.09366386 25.67 301.877440 -32.862815 16.054
 41     2.987 53666.09366450 26.91 301.876510 -32.859545 16.054
 42     1.207 53701.09360953 20.15 301.890282 -32.889166  6.428
 42     1.244 53701.09361017 20.50 301.889352 -32.885896  6.428
 42     1.327 53701.09361082 20.12 301.888422 -32.882626  6.428
 42     1.509 53701.09361146 19.81 301.887492 -32.879346  6.428
 42     1.615 53701.09361211 18.75 301.886572 -32.876076  6.428
 42     1.596 53701.09361275 19.19 301.885642 -32.872796  6.428
 42     1.518 53701.09361340 18.70 301.884712 -32.869526  6.428
 42     1.444 53701.09361404 18.22 301.883782 -32.866256  6.428
 42     1.294 53701.09361469 18.94 301.882852 -32.862976  6.428
 42     1.156 53701.09361533 18.94 301.881922 -32.859706  6.428
 43     1.341 53736.09351947 52.67 301.889514 -32.891625 23.716
 43     1.389 53736.09352011 45.42 301.888584 -32.888345 23.716
 43     1.472 53736.09352076 34.21 301.887654 -32.885075 23.716
 43     1.444 53736.09352140 28.25 301.886724 -32.881795 23.716
 43     1.484 53736.09352205 40.87 301.885794 -32.878525 23.716
 43     1.437 53736.09352269 30.41 301.884874 -32.875255 23.716
 43     1.113 53736.09352333 20.47 301.883944 -32.871975 23.716
 43     1.097 53736.09352398 19.84 301.883014 -32.868705 23.716
 43     1.062 53736.09352462 20.51 301.882084 -32.865425 23.716
 43     0.973 53736.09352527 20.21 301.881154 -32.862155 23.716
 43     1.022 53736.09352591 20.27 301.880224 -32.858885 23.716
 44     1.921 53771.09352802 13.89 301.889458 -32.866183  9.887
 44     1.584 53771.09352866 14.01 301.888538 -32.862913  9.887
 44     1.567 53771.09352931 14.22 301.887608 -32.859633  9.887
 44     1.529 53771.09352995 14.36 301.886678 -32.856363  9.887
 45     1.629 53806.09351439 17.00 301.890719 -32.893035  5.621
 45     1.567 53806.09351504 18.84 301.889789 -32.889765  5.621
 45     1.484 53806.09351568 18.42 301.888859 -32.886495  5.621
 45     1.639 53806.09351633 18.84 301.887929 -32.883215  5.621
 45     1.667 53806.09351697 19.32 301.887009 -32.879945  5.621
 45     1.642 53806.09351762 20.33 301.886079 -32.876665  5.621
 45     1.605 53806.09351826 20.40 301.885149 -32.873395  5.621
 45     1.461 53806.09351891 21.56 301.884219 -32.870125  5.621
 45     1.369 53806.09351955 19.26 301.883289 -32.866845  5.621
 45     1.316 53806.09352020 19.00 301.882359 -32.863575  5.621
 45     1.257 53806.09352084 20.06 301.881429 -32.860295  5.621
 47     2.018 53876.09358366 50.77 301.891020 -32.884864 26.053
 47     2.213 53876.09358430 50.74 301.890090 -32.881594 26.053
 47     2.098 53876.09358495 49.10 301.889160 -32.878314 26.053
 47     2.152 53876.09358559 45.53 301.888240 -32.875044 26.053
 47     2.092 53876.09358624 36.84 301.887310 -32.871774 26.053
 47     1.998 53876.09358688 29.69 301.886380 -32.868494 26.053
 47     1.736 53876.09358753 22.70 301.885450 -32.865224 26.053
 47     1.736 53876.09358817 18.62 301.884520 -32.861944 26.053
 47     1.745 53876.09358882 21.51 301.883590 -32.858674 26.053
 48     1.201 53911.09363034 24.09 301.885872 -32.896372 12.663
 48     1.429 53911.09363099 22.80 301.884942 -32.893102 12.663
 48     1.448 53911.09363163 22.95 301.884012 -32.889822 12.663
 48     1.527 53911.09363228 28.54 301.883082 -32.886552 12.663
 48     1.554 53911.09363292 26.07 301.882152 -32.883282 12.663
 48     1.608 53911.09363356 37.00 301.881222 -32.880002 12.663
 48     1.578 53911.09363550 29.03 301.878432 -32.870182 12.663
 48     1.497 53911.09363614 23.58 301.877512 -32.866912 12.663
 48     1.580 53911.09363679 21.81 301.876582 -32.863642 12.663
 48     1.602 53911.09363743 22.56 301.875652 -32.860362 12.663
 49     1.650 53946.09364851 20.27 301.881663 -32.899476 40.602
 49     2.062 53946.09364915 23.20 301.880733 -32.896206 40.602
 49     2.002 53946.09364980 37.93 301.879803 -32.892926 40.602
 50     2.642 53981.09359390 21.76 301.886560 -32.897122 15.973
 50     2.425 53981.09359455 21.96 301.885636 -32.893844 44.104
 50     2.543 53981.09359519 24.87 301.884706 -32.890574 44.104
 50     2.563 53981.09359584 26.89 301.883776 -32.887294 44.104
 50     2.616 53981.09359648 37.69 301.882846 -32.884024 44.104
 50     2.650 53981.09359713 47.83 301.881916 -32.880754 44.104
 50     2.650 53981.09359777 51.27 301.880986 -32.877474 44.104
 50     2.742 53981.09359842 50.52 301.880056 -32.874204 44.104
 50     2.803 53981.09359906 47.48 301.879126 -32.870924 44.104
 50     2.787 53981.09359970 44.48 301.878196 -32.867654 44.104
 50     2.766 53981.09360035 45.69 301.877276 -32.864384 44.104
 50     2.726 53981.09360099 49.45 301.876346 -32.861104 44.104
 51     1.228 54016.09362036 48.03 301.889598 -32.871643 36.062
 51     1.221 54016.09362100 53.46 301.888668 -32.868363 36.062
 51     1.168 54016.09362165 51.56 301.887748 -32.865093 36.062
 51     1.282 54016.09362229 50.57 301.886818 -32.861823 36.062
 51     1.286 54016.09362294 51.07 301.885888 -32.858543 36.062
 52     2.208 54051.09362135 21.77 301.889939 -32.864188  9.211
 52     2.172 54051.09362199 21.79 301.889009 -32.860908  9.211
 52     2.141 54051.09362264 21.31 301.888079 -32.857638  9.211
 53     1.641 54086.09360754 44.38 301.889495 -32.893135 45.686
 53     1.636 54086.09360818 45.93 301.888565 -32.889865 45.686
 53     1.610 54086.09360883 45.93 301.887635 -32.886585 45.686
 53     1.633 54086.09360947 45.79 301.886705 -32.883315 45.686
 53     1.625 54086.09361012 40.38 301.885775 -32.880045 45.686
 53     1.618 54086.09361076 37.10 301.884845 -32.876765 45.686
 53     1.597 54086.09361141 38.66 301.883915 -32.873495 45.686
 53     1.577 54086.09361205 41.31 301.882985 -32.870215 45.686
 53     1.553 54086.09361269 43.76 301.882055 -32.866945 45.686
 53     1.613 54086.09361334 46.88 301.881135 -32.863675 45.686
 53     1.657 54086.09361398 49.08 301.880205 -32.860395 45.686
 54     1.675 54121.09353285 25.15 301.885514 -32.897786 21.387
 54     1.666 54121.09353350 26.33 301.884584 -32.894516 21.387
 54     1.621 54121.09353414 26.31 301.883659 -32.891238 18.235
 54     1.794 54121.09353479 27.50 301.882729 -32.887968 18.235
 54     1.862 54121.09353543 29.15 301.881799 -32.884688 18.235
 54     1.750 54121.09353865 26.26 301.877159 -32.868318 18.235
 54     1.782 54121.09353930 27.61 301.876229 -32.865048 18.235
 54     1.817 54121.09353994 23.09 301.875299 -32.861778 18.235
 55     1.516 54156.09356730 46.36 301.889253 -32.893125 16.988
 55     1.320 54156.09356795 27.99 301.888323 -32.889855 16.988
 55     1.359 54156.09356859 32.09 301.887393 -32.886585 16.988
 55     1.370 54156.09356924 32.90 301.886463 -32.883305 16.988
 55     1.454 54156.09356988 24.47 301.885533 -32.880035 16.988
 55     1.271 54156.09357053 22.51 301.884603 -32.876755 16.988
 55     1.186 54156.09357117 21.66 301.883673 -32.873485 16.988
 55     1.169 54156.09357181 21.13 301.882743 -32.870215 16.988
 55     1.061 54156.09357246 21.74 301.881823 -32.866935 16.988
 55     1.062 54156.09357310 20.67 301.880893 -32.863665 16.988
 55     0.821 54156.09357375 22.52 301.879963 -32.860395 16.988
 56     2.959 54191.09353087 26.30 301.886605 -32.894838 15.758
 56     2.961 54191.09353151 28.15 301.885675 -32.891558 15.758
 56     2.913 54191.09353216 28.73 301.884745 -32.888288 15.758
 56     3.229 54191.09353280 28.08 301.883815 -32.885018 15.758
 56     3.225 54191.09353344 30.37 301.882885 -32.881738 15.758
 56     3.232 54191.09353409 29.58 301.881955 -32.878468 15.758
 56     3.223 54191.09353473 29.18 301.881035 -32.875188 15.758
 56     3.203 54191.09353538 29.19 301.880105 -32.871918 15.758
 56     3.214 54191.09353602 25.68 301.879175 -32.868648 15.758
 56     3.166 54191.09353667 26.11 301.878245 -32.865368 15.758
 56     3.177 54191.09353731 25.22 301.877315 -32.862098 15.758
 56     3.201 54191.09353796 25.24 301.876385 -32.858818 15.758
 57     2.487 54226.09357818 22.42 301.890153 -32.892992  7.284
 57     2.418 54226.09357882 17.85 301.889223 -32.889712  7.284
 57     2.318 54226.09357947 17.32 301.888303 -32.886442  7.284
 57     2.274 54226.09358011 16.53 301.887373 -32.883172  7.284
 57     2.213 54226.09358076 14.20 301.886443 -32.879892  7.284
 57     2.036 54226.09358140 13.76 301.885513 -32.876622  7.284
 57     2.199 54226.09358205 11.16 301.884583 -32.873352  7.284
 57     2.361 54226.09358269 10.63 301.883653 -32.870072  7.284
 57     2.300 54226.09358334 10.51 301.882723 -32.866802  7.284
 57     2.295 54226.09358398 10.71 301.881793 -32.863522  7.284
 57     1.957 54226.09358462 10.83 301.880863 -32.860252  7.284
 58     1.753 54261.09359921 22.13 301.889981 -32.890731  9.853
 58     1.732 54261.09359985 22.05 301.889051 -32.887461  9.853
 58     1.812 54261.09360050 21.73 301.888121 -32.884191  9.853
 58     1.815 54261.09360114 20.88 301.887191 -32.880911  9.853
 58     1.922 54261.09360179 19.71 301.886271 -32.877641  9.853
 58     1.801 54261.09360243 21.16 301.885341 -32.874371  9.853
 58     1.698 54261.09360308 19.88 301.884411 -32.871091  9.853
 58     1.744 54261.09360372 18.79 301.883481 -32.867821  9.853
 58     1.728 54261.09360437 17.71 301.882551 -32.864541  9.853
 58     1.270 54261.09360501 22.45 301.881621 -32.861271  9.853
 58     1.278 54261.09360565 26.66 301.880691 -32.858001  9.853
 59     1.414 54296.09360303 19.67 301.890117 -32.891618  6.813
 59     1.477 54296.09360368 20.75 301.889187 -32.888338  6.813
 59     1.539 54296.09360432 21.49 301.888267 -32.885068  6.813
 59     1.522 54296.09360497 22.31 301.887327 -32.881788  6.813
 59     1.667 54296.09360561 21.56 301.886407 -32.878518  6.813
 59     1.499 54296.09360626 22.14 301.885477 -32.875248  6.813
 59     1.425 54296.09360690 22.62 301.884547 -32.871968  6.813
 59     1.325 54296.09360755 23.33 301.883617 -32.868698  6.813
 59     1.425 54296.09360819 24.48 301.882687 -32.865418  6.813
 59     1.470 54296.09360883 24.64 301.881757 -32.862148  6.813
 59     1.451 54296.09360948 24.04 301.880827 -32.858878  6.813
 60     1.863 54331.09359464 24.51 301.889532 -32.890925 10.589
 60     2.089 54331.09359528 22.05 301.888602 -32.887645 10.589
 60     2.133 54331.09359593 22.73 301.887672 -32.884375 10.589
 60     2.146 54331.09359657 22.89 301.886742 -32.881105 10.589
 60     2.066 54331.09359722 23.61 301.885812 -32.877825 10.589
 60     2.098 54331.09359786 22.68 301.884892 -32.874555 10.589
 60     2.054 54331.09359851 21.69 301.883962 -32.871285 10.589
 60     1.998 54331.09359915 19.71 301.883032 -32.868005 10.589
 60     1.994 54331.09359980 20.35 301.882102 -32.864735 10.589
 60     2.073 54331.09360044 20.80 301.881172 -32.861455 10.589
 60     2.112 54331.09360109 19.41 301.880242 -32.858185 10.589
 61     1.555 54366.09353690 18.39 301.887491 -32.898001  7.398
 61     1.301 54366.09353755 19.07 301.886561 -32.894731  7.398
 61     1.290 54366.09353819 18.89 301.885631 -32.891451  7.398
 61     1.383 54366.09353884 19.28 301.884701 -32.888181  7.398
 61     1.505 54366.09353948 20.54 301.883771 -32.884911  7.398
 61     1.431 54366.09354013 23.26 301.882841 -32.881631  7.398
 61     1.523 54366.09354077 22.91 301.881921 -32.878361  7.398
 61     1.400 54366.09354142 23.90 301.880991 -32.875081  7.398
 61     1.446 54366.09354206 24.50 301.880061 -32.871811  7.398
 61     1.486 54366.09354271 22.51 301.879131 -32.868541  7.398
 61     1.465 54366.09354335 24.17 301.878201 -32.865261  7.398
 61     1.544 54366.09354400 20.10 301.877271 -32.861991  7.398
 61     1.567 54366.09354464 22.03 301.876341 -32.858711  7.398
 62     2.719 54401.09353677 48.00 301.890497 -32.890427 16.855
 62     2.748 54401.09353741 36.90 301.889567 -32.887157 16.855
 62     2.708 54401.09353806 32.83 301.888637 -32.883887 16.855
 62     2.686 54401.09353870 25.66 301.887707 -32.880607 16.855
 62     2.511 54401.09353934 23.90 301.886777 -32.877337 16.855
 62     2.438 54401.09353999 22.74 301.885847 -32.874057 16.855
 62     2.460 54401.09354063 23.12 301.884917 -32.870787 16.855
 62     2.380 54401.09354128 23.85 301.883987 -32.867517 16.855
 62     2.353 54401.09354192 23.29 301.883067 -32.864237 16.855
 62     2.360 54401.09354257 22.51 301.882137 -32.860967 16.855
 62     2.367 54401.09354321 21.84 301.881207 -32.857697 16.855
 63     1.956 54436.09349271 17.87 301.888299 -32.896821  7.092
 63     1.751 54436.09349335 18.66 301.887369 -32.893551  7.092
 63     1.661 54436.09349400 18.46 301.886439 -32.890271  7.092
 63     1.584 54436.09349464 22.09 301.885509 -32.887001  7.092
 63     1.653 54436.09349529 25.24 301.884579 -32.883731  7.092
 63     1.687 54436.09349593 22.65 301.883649 -32.880451  7.092
 63     1.710 54436.09349658 21.59 301.882719 -32.877181  7.092
 63     1.697 54436.09349722 21.41 301.881789 -32.873901  7.092
 63     1.677 54436.09349787 22.84 301.880859 -32.870631  7.092
 63     1.672 54436.09349851 20.98 301.879939 -32.867361  7.092
 63     1.647 54436.09349916 20.57 301.879009 -32.864081  7.092
 63     1.577 54436.09349980 18.56 301.878079 -32.860811  7.092
 64     2.001 54471.09352393 18.28 301.889546 -32.875317  9.078
 64     1.682 54471.09352457 19.17 301.888616 -32.872047  9.078
 64     1.676 54471.09352522 18.12 301.887686 -32.868777  9.078
 64     1.627 54471.09352586 18.60 301.886756 -32.865497  9.078
 64     1.639 54471.09352651 17.57 301.885836 -32.862227  9.078
 64     1.624 54471.09352715 17.87 301.884906 -32.858957  9.078
 65     1.305 54506.09350634 23.23 301.887413 -32.893615 15.993
 65     1.367 54506.09350699 23.62 301.886483 -32.890345 15.993
 65     1.359 54506.09350763 26.95 301.885553 -32.887075 15.993
 65     1.399 54506.09350828 31.86 301.884623 -32.883795 15.993
 65     1.404 54506.09350892 33.47 301.883703 -32.880525 15.993
 65     1.493 54506.09350957 31.62 301.882773 -32.877245 15.993
 65     1.505 54506.09351021 25.99 301.881843 -32.873975 15.993
 65     1.446 54506.09351086 23.38 301.880913 -32.870705 15.993
 65     1.457 54506.09351150 20.95 301.879983 -32.867425 15.993
 65     1.301 54506.09351215 20.54 301.879053 -32.864155 15.993
 65     1.341 54506.09351279 19.79 301.878123 -32.860875 15.993
 66     1.397 54541.09353576 49.22 301.890556 -32.889440 18.414
 66     1.293 54541.09353640 33.34 301.889636 -32.886160 18.414
 66     1.223 54541.09353705 40.51 301.888706 -32.882890 18.414
 66     1.222 54541.09353769 37.29 301.887776 -32.879620 18.414
 66     1.232 54541.09353834 32.02 301.886846 -32.876340 18.414
 66     1.091 54541.09353898 23.64 301.885916 -32.873070 18.414
 66     1.061 54541.09353963 21.63 301.884986 -32.869790 18.414
 66     1.142 54541.09354027 23.55 301.884056 -32.866520 18.414
 66     1.002 54541.09354092 22.62 301.883126 -32.863250 18.414
 66     0.974 54541.09354156 22.50 301.882196 -32.859970 18.414
 67     1.429 54576.09350736 15.10 301.888073 -32.896917  7.388
 67     1.279 54576.09350800 15.68 301.887143 -32.893647  7.388
 67     1.122 54576.09350865 20.07 301.886213 -32.890367  7.388
 67     1.202 54576.09350929 22.06 301.885283 -32.887097  7.388
 67     1.159 54576.09350994 21.58 301.884353 -32.883817  7.388
 67     1.362 54576.09351058 22.66 301.883433 -32.880547  7.388
 67     1.379 54576.09351123 19.82 301.882503 -32.877277  7.388
 67     1.375 54576.09351187 19.82 301.881573 -32.873997  7.388
 67     1.311 54576.09351252 21.82 301.880643 -32.870727  7.388
 67     1.373 54576.09351316 19.95 301.879713 -32.867447  7.388
 67     1.288 54576.09351381 19.30 301.878783 -32.864177  7.388
 67     1.265 54576.09351445 18.15 301.877853 -32.860907  7.388
 68     0.996 54611.09352801 22.31 301.889748 -32.891097  6.100
 68     0.916 54611.09352866 23.15 301.888828 -32.887817  6.100
 68     1.115 54611.09352930 18.88 301.887898 -32.884547  6.100
 68     0.935 54611.09352995 19.66 301.886968 -32.881277  6.100
 68     0.908 54611.09353059 19.17 301.886038 -32.877997  6.100
 68     1.014 54611.09353123 16.42 301.885108 -32.874727  6.100
 68     1.053 54611.09353188 16.75 301.884178 -32.871447  6.100
 68     1.092 54611.09353252 16.48 301.883248 -32.868177  6.100
 68     1.074 54611.09353317 16.47 301.882318 -32.864907  6.100
 68     0.986 54611.09353381 15.81 301.881388 -32.861627  6.100
 68     0.810 54611.09353446 21.61 301.880458 -32.858357  6.100
 69     1.173 54646.09353458 45.84 301.889358 -32.892717 22.900
 69     1.327 54646.09353522 44.81 301.888428 -32.889447 22.900
 69     1.246 54646.09353587 44.18 301.887498 -32.886167 22.900
 69     1.168 54646.09353651 39.32 301.886578 -32.882897 22.900
 69     1.107 54646.09353716 32.07 301.885648 -32.879627 22.900
 69     1.225 54646.09353780 29.86 301.884718 -32.876347 22.900
 69     1.190 54646.09353845 29.39 301.883788 -32.873077 22.900
 69     1.147 54646.09353909 29.63 301.882858 -32.869797 22.900
 69     1.225 54646.09353974 29.08 301.881928 -32.866527 22.900
 69     1.168 54646.09354038 28.18 301.880998 -32.863257 22.900
 69     1.053 54646.09354103 26.17 301.880068 -32.859977 22.900
 70     2.155 54681.09353530 19.74 301.889385 -32.894685  9.317
 70     1.775 54681.09353594 20.11 301.888455 -32.891415  9.317
 70     1.981 54681.09353659 19.42 301.887525 -32.888145  9.317
 70     1.978 54681.09353723 20.42 301.886595 -32.884865  9.317
 70     2.003 54681.09353788 22.10 301.885675 -32.881595  9.317
 70     2.005 54681.09353852 21.47 301.884745 -32.878325  9.317
 70     2.065 54681.09353917 21.68 301.883815 -32.875045  9.317
 70     2.034 54681.09353981 22.57 301.882885 -32.871775  9.317
 70     1.963 54681.09354046 21.26 301.881955 -32.868495  9.317
 70     1.938 54681.09354110 20.08 301.881025 -32.865225  9.317
 70     2.013 54681.09354175 19.99 301.880095 -32.861955  9.317
 70     2.034 54681.09354239 19.90 301.879165 -32.858675  9.317
 71     2.164 54716.09348479 21.51 301.888259 -32.896641  5.877
 71     1.819 54716.09348544 20.01 301.887329 -32.893371  5.877
 71     1.619 54716.09348608 25.12 301.886399 -32.890091  5.877
 71     1.788 54716.09348673 24.71 301.885479 -32.886821  5.877
 71     1.753 54716.09348737 24.33 301.884549 -32.883541  5.877
 71     1.995 54716.09348802 23.30 301.883619 -32.880271  5.877
 71     2.016 54716.09348866 23.80 301.882689 -32.877001  5.877
 71     2.061 54716.09348931 23.25 301.881759 -32.873721  5.877
 71     1.998 54716.09348995 20.97 301.880829 -32.870451  5.877
 71     1.989 54716.09349060 19.62 301.879899 -32.867171  5.877
 71     1.964 54716.09349124 20.31 301.878969 -32.863901  5.877
 71     1.972 54716.09349188 20.47 301.878049 -32.860631  5.877
 72     1.235 54751.09350733 49.09 301.890536 -32.891560 36.993
 72     1.222 54751.09350797 37.96 301.889596 -32.888280 36.993
 72     1.178 54751.09350862 43.30 301.888666 -32.885010 36.993
 72     1.187 54751.09350926 50.64 301.887746 -32.881740 36.993
 72     1.193 54751.09350991 52.06 301.886816 -32.878460 36.993
 72     1.221 54751.09351055 52.59 301.885886 -32.875190 36.993
 72     1.239 54751.09351120 53.20 301.884956 -32.871910 36.993
 72     1.266 54751.09351184 51.75 301.884026 -32.868640 36.993
 72     1.281 54751.09351249 44.59 301.883096 -32.865370 36.993
 72     0.961 54751.09351313 21.42 301.882166 -32.862090 36.993
 72     0.847 54751.09351378 22.23 301.881236 -32.858820 36.993
 73     3.350 54786.09347398 31.03 301.888258 -32.893285 22.681
 73     3.126 54786.09347462 31.66 301.887328 -32.890015 22.681
 73     3.112 54786.09347527 31.16 301.886398 -32.886745 22.681
 73     3.215 54786.09347591 31.60 301.885468 -32.883465 22.681
 73     3.264 54786.09347656 31.15 301.884548 -32.880195 22.681
 73     3.283 54786.09347720 30.84 301.883618 -32.876925 22.681
 73     3.230 54786.09347785 30.15 301.882688 -32.873645 22.681
 73     3.151 54786.09347849 30.51 301.881758 -32.870375 22.681
 73     3.290 54786.09347914 28.50 301.880828 -32.867095 22.681
 73     3.327 54786.09347978 28.72 301.879898 -32.863825 22.681
 73     3.342 54786.09348043 28.96 301.878968 -32.860555 22.681
 74     1.781 54821.09350064 17.38 301.891563 -32.890058  5.706
 74     1.800 54821.09350128 18.06 301.890633 -32.886778  5.706
 74     1.789 54821.09350193 19.08 301.889703 -32.883508  5.706
 74     1.797 54821.09350257 17.41 301.888783 -32.880238  5.706
 74     1.790 54821.09350322 17.45 301.887853 -32.876958  5.706
 74     1.771 54821.09350386 17.33 301.886923 -32.873688  5.706
 74     1.778 54821.09350451 17.28 301.885993 -32.870408  5.706
 74     1.660 54821.09350515 18.56 301.885063 -32.867138  5.706
 74     1.323 54821.09350580 19.89 301.884133 -32.863868  5.706
 74     1.228 54821.09350644 20.65 301.883203 -32.860588  5.706
 74     1.409 54821.09350709 18.53 301.882273 -32.857318  5.706
 75     1.370 54856.09347069 45.94 301.889375 -32.894770 41.251
 75     1.323 54856.09347133 43.93 301.888445 -32.891500 41.251
 75     1.257 54856.09347197 41.94 301.887525 -32.888230 41.251
 75     1.229 54856.09347262 45.94 301.886595 -32.884950 41.251
 75     1.196 54856.09347326 43.69 301.885665 -32.881680 41.251
 75     1.199 54856.09347391 41.87 301.884735 -32.878410 41.251
 75     1.202 54856.09347455 47.13 301.883805 -32.875130 41.251
 75     1.220 54856.09347520 45.18 301.882875 -32.871860 41.251
 75     1.222 54856.09347584 33.44 301.881945 -32.868580 41.251
 75     0.924 54856.09347649 26.75 301.881015 -32.865310 41.251
 75     0.921 54856.09347713 21.91 301.880085 -32.862040 41.251
 75     1.064 54856.09347778 18.98 301.879165 -32.858760 41.251
 76     1.197 54891.09350361 31.55 301.888206 -32.893931  7.692
 76     1.169 54891.09350426 24.65 301.887276 -32.890661  7.692
 76     0.968 54891.09350490 24.96 301.886356 -32.887381  7.692
 76     1.077 54891.09350555 24.45 301.885426 -32.884111  7.692
 76     1.072 54891.09350619 25.71 301.884496 -32.880841  7.692
 76     1.035 54891.09350684 23.71 301.883566 -32.877561  7.692
 76     0.998 54891.09350748 22.49 301.882636 -32.874291  7.692
 76     0.929 54891.09350813 22.00 301.881706 -32.871011  7.692
 76     0.899 54891.09350877 21.49 301.880776 -32.867741  7.692
 76     0.902 54891.09350942 20.89 301.879846 -32.864471  7.692
 76     0.638 54891.09351006 21.18 301.878916 -32.861191  7.692
 77     1.159 54926.09346797 16.82 301.886134 -32.898479 19.633
 77     1.155 54926.09346861 17.57 301.885204 -32.895209 19.633
 77     1.219 54926.09346926 18.78 301.884274 -32.891929 19.633
 77     1.231 54926.09346990 23.65 301.883344 -32.888659 19.633
 77     1.179 54926.09347055 25.06 301.882414 -32.885389 19.633
 77     1.150 54926.09347119 27.66 301.881494 -32.882109 19.633
 77     1.173 54926.09347377 28.63 301.877774 -32.869019 19.633
 77     1.151 54926.09347441 27.60 301.876844 -32.865739 19.633
 77     1.145 54926.09347506 23.53 301.875914 -32.862469 19.633
 77     1.061 54926.09347570 19.63 301.874994 -32.859199 19.633
 78     1.325 54961.09350321 51.58 301.889351 -32.890899 38.921
 78     1.207 54961.09350385 52.20 301.888421 -32.887619 38.921
 78     1.317 54961.09350449 50.99 301.887491 -32.884349 38.921
 78     1.155 54961.09350514 52.44 301.886571 -32.881079 38.921
 78     1.195 54961.09350578 52.26 301.885641 -32.877799 38.921
 78     1.287 54961.09350643 50.88 301.884711 -32.874529 38.921
 78     1.283 54961.09350707 51.73 301.883781 -32.871249 38.921
 78     1.196 54961.09350772 52.36 301.882851 -32.867979 38.921
 78     1.130 54961.09350836 52.76 301.881921 -32.864709 38.921
 78     1.130 54961.09350901 52.70 301.880991 -32.861429 38.921
 78     1.144 54961.09350965 52.55 301.880061 -32.858159 38.921
 79     0.943 54996.09352386 23.76 301.887819 -32.895342  7.496
 79     0.830 54996.09352450 22.07 301.886889 -32.892072  7.496
 79     0.868 54996.09352515 22.60 301.885969 -32.888792  7.496
 79     0.858 54996.09352579 24.61 301.885039 -32.885522  7.496
 79     0.905 54996.09352644 23.28 301.884109 -32.882252  7.496
 79     0.949 54996.09352708 23.48 301.883179 -32.878972  7.496
 79     0.865 54996.09352773 21.16 301.882249 -32.875702  7.496
 79     0.884 54996.09352837 20.42 301.881319 -32.872422  7.496
 79     0.828 54996.09352902 19.32 301.880389 -32.869152  7.496
 79     0.797 54996.09352966 19.57 301.879459 -32.865882  7.496
 79     1.012 54996.09353031 19.85 301.878529 -32.862602  7.496
 79     1.059 54996.09353095 20.40 301.877599 -32.859332  7.496
 80     1.794 55031.09351340 21.38 301.889040 -32.893071  5.441
 80     1.782 55031.09351405 22.35 301.888110 -32.889801  5.441
 80     1.684 55031.09351469 23.66 301.887190 -32.886521  5.441
 80     1.658 55031.09351534 23.29 301.886260 -32.883251  5.441
 80     1.703 55031.09351598 21.61 301.885330 -32.879981  5.441
 80     1.711 55031.09351663 20.08 301.884400 -32.876701  5.441
 80     1.683 55031.09351727 21.13 301.883470 -32.873431  5.441
 80     1.680 55031.09351792 20.21 301.882540 -32.870151  5.441
 80     1.645 55031.09351856 19.60 301.881610 -32.866881  5.441
 80     1.633 55031.09351921 19.86 301.880680 -32.863611  5.441
 80     1.635 55031.09351985 20.53 301.879750 -32.860331  5.441
 81     2.050 55066.09350389 53.45 301.889004 -32.892011 34.872
 81     2.108 55066.09350454 50.42 301.888084 -32.888741 34.872
 81     2.179 55066.09350518 50.90 301.887154 -32.885461 34.872
 81     2.201 55066.09350583 51.39 301.886224 -32.882191 34.872
 81     2.157 55066.09350647 50.30 301.885294 -32.878911 34.872
 81     2.141 55066.09350712 43.54 301.884364 -32.875641 34.872
 81     1.987 55066.09350776 27.22 301.883434 -32.872371 34.872
 81     1.828 55066.09350841 22.33 301.882504 -32.869091 34.872
 81     1.659 55066.09350905 22.38 301.881574 -32.865821 34.872
 81     1.734 55066.09350970 21.73 301.880644 -32.862551 34.872
 81     1.900 55066.09351034 24.54 301.879714 -32.859271 34.872
 82     2.643 55101.09344482 25.67 301.885082 -32.897059 28.756
 82     2.621 55101.09344546 25.58 301.884152 -32.893779 28.756
 82     2.954 55101.09344611 25.06 301.883222 -32.890509 28.756
 82     3.005 55101.09344675 31.04 301.882292 -32.887239 28.756
 82     3.167 55101.09344740 35.39 301.881372 -32.883959 28.756
 82     3.211 55101.09345062 33.40 301.876722 -32.867589 28.756
 82     3.133 55101.09345127 29.84 301.875792 -32.864319 28.756
 82     3.169 55101.09345191 29.12 301.874872 -32.861049 28.756
 83     2.507 55136.09344894 26.33 301.891076 -32.892179 12.641
 83     2.240 55136.09344959 22.73 301.890136 -32.888909 12.641
 83     2.462 55136.09345023 21.09 301.889216 -32.885629 12.641
 83     2.486 55136.09345087 20.88 301.888286 -32.882359 12.641
 83     2.251 55136.09345152 22.55 301.887356 -32.879089 12.641
 83     2.056 55136.09345216 23.51 301.886426 -32.875809 12.641
 83     2.098 55136.09345281 23.27 301.885496 -32.872539 12.641
 83     2.083 55136.09345345 22.96 301.884566 -32.869259 12.641
 83     2.040 55136.09345410 22.39 301.883636 -32.865989 12.641
 83     2.004 55136.09345474 22.02 301.882706 -32.862719 12.641
 83     2.020 55136.09345539 21.65 301.881776 -32.859439 12.641
 84     5.873 55171.09341140 30.08 301.888053 -32.893531 10.362
 84     5.668 55171.09341205 30.57 301.887123 -32.890251 10.362
 84     5.496 55171.09341269 29.68 301.886193 -32.886981 10.362
 84     5.696 55171.09341334 28.55 301.885273 -32.883701 10.362
 84     5.841 55171.09341398 28.68 301.884343 -32.880431 10.362
 84     5.857 55171.09341463 28.34 301.883413 -32.877161 10.362
 84     5.753 55171.09341527 28.48 301.882483 -32.873881 10.362
 84     5.706 55171.09341592 28.62 301.881553 -32.870611 10.362
 84     5.640 55171.09341656 26.91 301.880623 -32.867331 10.362
 84     5.608 55171.09341721 27.11 301.879693 -32.864061 10.362
 84     5.702 55171.09341785 27.74 301.878763 -32.860791 10.362
 85     2.746 55206.09344313 32.42 301.890874 -32.891610 25.198
 85     2.671 55206.09344377 27.53 301.889934 -32.888330 25.198
 85     2.589 55206.09344442 27.17 301.889014 -32.885060 25.198
 85     2.787 55206.09344506 25.19 301.888084 -32.881790 25.198
 85     2.680 55206.09344571 26.39 301.887154 -32.878510 25.198
 85     2.704 55206.09344635 27.59 301.886224 -32.875240 25.198
 85     2.575 55206.09344700 28.00 301.885294 -32.871960 25.198
 85     2.466 55206.09344764 28.16 301.884364 -32.868690 25.198
 85     2.429 55206.09344829 27.05 301.883434 -32.865420 25.198
 85     2.381 55206.09344893 26.49 301.882504 -32.862140 25.198
 85     2.302 55206.09344958 27.25 301.881574 -32.858870 25.198
 86     3.073 55241.09341673 30.40 301.886984 -32.896633 21.014
 86     2.996 55241.09341738 31.03 301.886054 -32.893353 21.014
 86     3.119 55241.09341802 28.09 301.885124 -32.890083 21.014
 86     3.335 55241.09341867 29.90 301.884194 -32.886813 21.014
 86     3.400 55241.09341931 29.43 301.883264 -32.883533 21.014
 86     3.357 55241.09341996 30.84 301.882344 -32.880263 21.014
 86     3.412 55241.09342060 32.59 301.881414 -32.876993 21.014
 86     3.421 55241.09342125 31.19 301.880484 -32.873713 21.014
 86     3.435 55241.09342189 29.84 301.879554 -32.870443 21.014
 86     3.386 55241.09342254 29.50 301.878624 -32.867163 21.014
 86     3.341 55241.09342318 28.52 301.877694 -32.863893 21.014
 86     3.331 55241.09342383 29.80 301.876764 -32.860623 21.014
 87     2.378 55276.09343561 29.24 301.889268 -32.895403 16.666
 87     2.196 55276.09343625 27.12 301.888338 -32.892133 16.666
 87     2.199 55276.09343690 26.18 301.887408 -32.888863 16.666
 87     2.134 55276.09343754 25.35 301.886488 -32.885583 16.666
 87     2.148 55276.09343819 26.47 301.885558 -32.882313 16.666
 87     2.126 55276.09343883 26.21 301.884628 -32.879043 16.666
 87     2.130 55276.09343948 26.58 301.883698 -32.875763 16.666
 87     2.112 55276.09344012 26.53 301.882768 -32.872493 16.666
 87     2.015 55276.09344077 26.46 301.881838 -32.869213 16.666
 87     1.995 55276.09344141 25.64 301.880908 -32.865943 16.666
 87     1.886 55276.09344206 25.19 301.879978 -32.862673 16.666
 87     1.873 55276.09344270 25.42 301.879048 -32.859393 16.666
 88     1.807 55311.09340195 20.79 301.887293 -32.893959 17.514
 88     1.917 55311.09340259 19.30 301.886363 -32.890679 17.514
 88     1.970 55311.09340323 19.91 301.885433 -32.887409 17.514
 88     2.118 55311.09340388 21.88 301.884503 -32.884129 17.514
 88     2.094 55311.09340452 22.65 301.883583 -32.880859 17.514
 88     2.126 55311.09340517 23.10 301.882653 -32.877589 17.514
 88     2.151 55311.09340581 23.52 301.881723 -32.874309 17.514
 88     2.107 55311.09340646 22.33 301.880793 -32.871039 17.514
 88     2.038 55311.09340710 21.28 301.879863 -32.867769 17.514
 88     1.999 55311.09340775 21.45 301.878933 -32.864489 17.514
 88     1.940 55311.09340839 20.95 301.878003 -32.861219 17.514
 89     2.767 55346.09340640 30.65 301.890274 -32.892583 25.661
 89     2.644 55346.09340705 29.57 301.889344 -32.889303 25.661
 89     2.631 55346.09340769 28.12 301.888414 -32.886033 25.661
 89     2.705 55346.09340834 28.24 301.887484 -32.882753 25.661
 89     2.630 55346.09340898 28.64 301.886554 -32.879483 25.661
 89     2.599 55346.09340962 28.81 301.885624 -32.876213 25.661
 89     2.604 55346.09341027 27.74 301.884694 -32.872933 25.661
 89     2.567 55346.09341091 27.58 301.883764 -32.869663 25.661
 89     2.502 55346.09341156 27.70 301.882834 -32.866393 25.661
 89     2.432 55346.09341220 26.97 301.881904 -32.863113 25.661
 89     2.374 55346.09341285 26.63 301.880974 -32.859843 25.661
 90     1.470 55381.09339844 23.50 301.888306 -32.892360 17.113
 90     1.460 55381.09339909 24.49 301.887386 -32.889090 17.113
 90     1.620 55381.09339973 23.53 301.886446 -32.885810 17.113
 90     1.816 55381.09340038 23.08 301.885526 -32.882540 17.113
 90     1.788 55381.09340102 24.73 301.884596 -32.879270 17.113
 90     1.751 55381.09340167 25.31 301.883666 -32.875990 17.113
 90     1.739 55381.09340231 24.28 301.882736 -32.872720 17.113
 90     1.685 55381.09340295 23.83 301.881806 -32.869440 17.113
 90     1.629 55381.09340360 23.50 301.880876 -32.866170 17.113
 90     1.561 55381.09340424 21.16 301.879946 -32.862900 17.113
 90     1.647 55381.09340489 21.14 301.879016 -32.859620 17.113
 91     2.282 55416.09342572 26.58 301.891441 -32.890347 23.404
 91     2.228 55416.09342637 24.71 301.890501 -32.887067 23.404
 91     2.313 55416.09342701 25.07 301.889571 -32.883797 23.404
 91     2.458 55416.09342766 25.24 301.888651 -32.880527 23.404
 91     2.384 55416.09342830 25.13 301.887721 -32.877247 23.404
 91     2.227 55416.09342895 26.28 301.886791 -32.873977 23.404
 91     2.228 55416.09342959 26.77 301.885861 -32.870697 23.404
 91     2.210 55416.09343024 25.78 301.884931 -32.867427 23.404
 91     2.148 55416.09343088 25.86 301.884001 -32.864157 23.404
 91     2.044 55416.09343153 25.76 301.883071 -32.860877 23.404
 91     1.961 55416.09343217 25.41 301.882141 -32.857607 23.404
 92     1.962 55451.09340948 26.50 301.889386 -32.895143 17.655
 92     1.829 55451.09341013 24.11 301.888456 -32.891873 17.655
 92     1.829 55451.09341077 21.95 301.887526 -32.888603 17.655
 92     1.804 55451.09341142 23.95 301.886596 -32.885323 17.655
 92     1.861 55451.09341206 24.11 301.885676 -32.882053 17.655
 92     1.952 55451.09341270 24.06 301.884746 -32.878773 17.655
 92     1.879 55451.09341335 25.92 301.883816 -32.875503 17.655
 92     1.789 55451.09341399 26.00 301.882886 -32.872233 17.655
 92     1.837 55451.09341464 25.24 301.881956 -32.868953 17.655
 92     1.762 55451.09341528 24.66 301.881026 -32.865683 17.655
 92     1.694 55451.09341593 24.37 301.880096 -32.862413 17.655
 92     1.670 55451.09341657 24.63 301.879166 -32.859133 17.655
 93     1.497 55486.09333314 25.35 301.887123 -32.894820 11.102
 93     1.468 55486.09333378 26.57 301.886193 -32.891540 11.102
 93     1.809 55486.09333443 25.70 301.885263 -32.888270 11.102
 93     1.761 55486.09333507 27.11 301.884343 -32.885000 11.102
 93     1.916 55486.09333572 26.17 301.883413 -32.881720 11.102
 93     2.016 55486.09333636 24.92 301.882483 -32.878450 11.102
 93     2.032 55486.09333701 25.01 301.881553 -32.875180 11.102
 93     2.041 55486.09333765 24.19 301.880623 -32.871900 11.102
 93     2.018 55486.09333830 23.48 301.879693 -32.868630 11.102
 93     1.975 55486.09333894 23.65 301.878763 -32.865350 11.102
 93     1.968 55486.09333959 23.70 301.877843 -32.862080 11.102
 93     2.010 55486.09334023 22.90 301.876913 -32.858810 11.102
