-262817.061    -0.249     0.00    0.00
-262441.783    -0.249     0.00    0.00
-262066.526    -0.249     0.00    0.00
-261691.292    -0.249     0.00    0.00
-261316.079    -0.249     0.00    0.00
-260940.889    -0.249     0.00    0.00
-260565.721    -0.249     0.00    0.00
-260190.574    -0.249     0.00    0.00
-259815.450    -0.249     0.00    0.00
-259440.348    -0.249     0.00    0.00
-259065.268    -0.249     0.00    0.00
-258690.210    -0.249     0.00    0.00
-258315.174    -0.249     0.00    0.00
-257940.160    -0.249     0.00    0.00
-257565.168    -0.249     0.00    0.00
-257190.198    -0.249     0.00    0.00
-256815.250    -0.249     0.00    0.00
-256440.324    -0.249     0.00    0.00
-256065.420    -0.249     0.00    0.00
-255690.538    -0.249     0.00    0.00
-255315.678    -0.249     0.00    0.00
-254940.839    -0.249     0.00    0.00
-254566.023    -0.249     0.00    0.00
-254191.229    -0.249     0.00    0.00
-253816.457    -0.249     0.00    0.00
-253441.706    -0.249     0.00    0.00
-253066.978    -0.249     0.00    0.00
-252692.272    -0.249     0.00    0.00
-252317.587    -0.249     0.00    0.00
-251942.925    -0.249     0.00    0.00
-251568.284    -0.249     0.00    0.00
-251193.665    -0.249     0.00    0.00
-250819.068    -0.249     0.00    0.00
-250444.493    -0.249     0.00    0.00
-250069.940    -0.249     0.00    0.00
-249695.409    -0.249     0.00    0.00
-249320.900    -0.249     0.00    0.00
-248946.412    -0.249     0.00    0.00
-248571.947    -0.249     0.00    0.00
-248197.503    -0.249     0.00    0.00
-247823.081    -0.249     0.00    0.00
-247448.682    -0.249     0.00    0.00
-247074.303    -0.249     0.00    0.00
-246699.947    -0.249     0.00    0.00
-246325.613    -0.249     0.00    0.00
-245951.300    -0.249     0.00    0.00
-245577.009    -0.249     0.00    0.00
-245202.740    -0.249     0.00    0.00
-244828.493    -0.249     0.00    0.00
-244454.268    -0.249     0.00    0.00
-244080.064    -0.249     0.00    0.00
-243705.883    -0.249     0.00    0.00
-243331.723    -0.249     0.00    0.00
-242957.585    -0.249     0.00    0.00
-242583.468    -0.249     0.00    0.00
-242209.374    -0.249     0.00    0.00
-241835.301    -0.249     0.00    0.00
-241461.250    -0.249     0.00    0.00
-241087.221    -0.249     0.00    0.00
-240713.213    -0.249     0.00    0.00
-240339.227    -0.249     0.00    0.00
-239965.263    -0.249     0.00    0.00
-239591.321    -0.249     0.00    0.00
-239217.400    -0.249     0.00    0.00
-238843.501    -0.249     0.00    0.00
-238469.624    -0.249     0.00    0.00
-238095.769    -0.249     0.00    0.00
-237721.935    -0.249     0.00    0.00
-237348.123    -0.249     0.00    0.00
-236974.333    -0.249     0.00    0.00
-236600.564    -0.249     0.00    0.00
-236226.817    -0.249     0.00    0.00
-235853.092    -0.249     0.00    0.00
-235479.388    -0.249     0.00    0.00
-235105.706    -0.249     0.00    0.00
-234732.046    -0.249     0.00    0.00
-234358.407    -0.249     0.00    0.00
-233984.790    -0.249     0.00    0.00
-233611.195    -0.249     0.00    0.00
-233237.621    -0.249     0.00    0.00
-232864.069    -0.249     0.00    0.00
-232490.538    -0.249     0.00    0.00
-232117.030    -0.249     0.00    0.00
-231743.542    -0.249     0.00    0.00
-231370.077    -0.249     0.00    0.00
-230996.633    -0.249     0.00    0.00
-230623.210    -0.249     0.00    0.00
-230249.810    -0.249     0.00    0.00
-229876.430    -0.249     0.00    0.00
-229503.073    -0.249     0.00    0.00
-229129.737    -0.249     0.00    0.00
-228756.422    -0.249     0.00    0.00
-228383.129    -0.249     0.00    0.00
-228009.858    -0.249     0.00    0.00
-227636.608    -0.249     0.00    0.00
-227263.380    -0.249     0.00    0.00
-226890.173    -0.249     0.00    0.00
-226516.988    -0.249     0.00    0.00
-226143.824    -0.249     0.00    0.00
-225770.682    -0.249     0.00    0.00
-225397.561    -0.249     0.00    0.00
-225024.462    -0.249     0.00    0.00
-224651.385    -0.249     0.00    0.00
-224278.329    -0.249     0.00    0.00
-223905.294    -0.249     0.00    0.00
-223532.281    -0.249     0.00    0.00
-223159.289    -0.249     0.00    0.00
-222786.319    -0.249     0.00    0.00
-222413.370    -0.249     0.00    0.00
-222040.443    -0.249     0.00    0.00
-221667.537    -0.249     0.00    0.00
-221294.653    -0.249     0.00    0.00
-220921.790    -0.249     0.00    0.00
-220545.435    -0.249     0.00    0.00
-220168.268    -0.249     0.00    0.00
-219791.122    -0.249     0.00    0.00
-219413.999    -0.249     0.00    0.00
-219036.898    -0.249     0.00    0.00
-218659.818    -0.249     0.00    0.00
-218282.761    -0.249     0.00    0.00
-217905.726    -0.249     0.00    0.00
-217528.712    -0.249     0.00    0.00
-217151.721    -0.249     0.00    0.00
-216774.751    -0.249     0.00    0.00
-216397.803    -0.249     0.00    0.00
-216020.877    -0.249     0.00    0.00
-215643.973    -0.249     0.00    0.00
-215267.091    -0.249     0.00    0.00
-214890.231    -0.249     0.00    0.00
-214513.393    -0.249     0.00    0.00
-214136.577    -0.249     0.00    0.00
-213759.782    -0.249     0.00    0.00
-213383.010    -0.249     0.00    0.00
-213006.259    -0.249     0.00    0.00
-212629.530    -0.249     0.00    0.00
-212252.823    -0.249     0.00    0.00
-211876.138    -0.249     0.00    0.00
-211499.475    -0.249     0.00    0.00
-211122.833    -0.249     0.00    0.00
-210746.214    -0.249     0.00    0.00
-210369.616    -0.249     0.00    0.00
-209993.040    -0.249     0.00    0.00
-209616.486    -0.249     0.00    0.00
-209239.953    -0.249     0.00    0.00
-208863.443    -0.249     0.00    0.00
-208486.954    -0.249     0.00    0.00
-208110.487    -0.249     0.00    0.00
-207734.042    -0.249     0.00    0.00
-207357.619    -0.249     0.00    0.00
-206981.217    -0.249     0.00    0.00
-206604.837    -0.249     0.00    0.00
-206228.479    -0.249     0.00    0.00
-205852.143    -0.249     0.00    0.00
-205475.828    -0.249     0.00    0.00
-205099.536    -0.249     0.00    0.00
-204723.265    -0.249     0.00    0.00
-204347.015    -0.249     0.00    0.00
-203970.788    -0.249     0.00    0.00
-203594.582    -0.249     0.00    0.00
-203218.398    -0.249     0.00    0.00
-202842.235    -0.249     0.00    0.00
-202466.095    -0.249     0.00    0.00
-202089.976    -0.249     0.00    0.00
-201713.878    -0.249     0.00    0.00
-201337.803    -0.249     0.00    0.00
-200961.749    -0.249     0.00    0.00
-200585.716    -0.049     0.53    0.99
-200209.706     0.751     2.13    2.17
-199833.717     3.882     8.33    5.87
-199457.750     9.689    15.45    8.61
-199081.804    16.410    17.88    8.81
-198705.880    24.836    22.42    8.75
-198329.978    30.512    15.10    7.83
-197954.097    33.496     7.94    6.14
-197578.238    34.164     1.78    5.26
-197202.401    33.333    -2.21    6.13
-196826.585    32.251    -2.88    6.65
-196450.791    31.797    -1.21    7.51
-196075.018    31.860     0.17    7.55
-195699.267    30.618    -3.31    6.70
-195323.538    28.624    -5.31    6.24
-194947.830    27.285    -3.56    5.17
-194572.144    26.728    -1.48    4.97
-194196.480    29.570     7.57    7.13
-193820.837    33.683    10.95    7.27
-193445.215    37.618    10.48    7.91
-193069.615    42.198    12.20    7.30
-192694.037    45.592     9.04    5.96
-192318.480    49.686    10.90    5.30
-191942.945    53.394     9.88    5.23
-191567.432    57.643    11.32    5.18
-191191.939    61.092     9.19    4.78
-190816.469    62.196     2.94    4.26
-190441.020    62.071    -0.33    4.73
-190065.592    62.164     0.25    5.23
-189690.186    62.689     1.40    4.80
-189314.802    64.410     4.59    4.51
-188939.439    66.092     4.48    4.56
-188564.097    65.929    -0.43    4.83
-188188.777    66.329     1.07    5.61
-187813.479    66.751     1.13    5.95
-187438.202    67.433     1.82    5.70
-187062.946    68.577     3.05    5.85
-186687.712    69.865     3.43    5.09
-186312.500    71.326     3.89    5.61
-185937.309    74.382     8.15    6.13
-185562.139    76.858     6.60    5.91
-185186.991    80.317     9.22    6.10
-184811.864    82.092     4.73    6.36
-184436.759    83.969     5.00    5.09
-184061.675    85.310     3.58    3.14
-183686.612    84.121    -3.17    3.65
-183311.571    81.418    -7.21    4.66
-182936.551    78.285    -8.36    5.21
-182561.553    75.599    -7.16    5.20
-182186.576    73.775    -4.87    5.01
-181811.621    71.618    -5.75    5.15
-181436.687    69.183    -6.50    5.27
-181061.774    67.143    -5.44    5.01
-180686.883    63.985    -8.42    5.45
-180312.013    62.295    -4.51    5.57
-179937.164    59.581    -7.24    5.98
-179562.337    57.229    -6.28    5.55
-179187.531    54.512    -7.25    6.60
-178812.747    49.151   -14.31    6.93
-178437.984    44.929   -11.27    6.43
-178063.242    42.085    -7.59    5.97
-177688.522    42.360     0.73    6.14
-177313.822    45.964     9.62    7.56
-176939.145    51.365    14.42    6.85
-176564.488    56.028    12.45    6.57
-176189.853    56.491     1.23    6.01
-175815.239    54.164    -6.21    6.17
-175440.647    51.707    -6.56    6.36
-175066.076    51.218    -1.31    6.31
-174691.526    55.882    12.45    9.69
-174316.997    62.333    17.23    9.11
-173942.490    67.251    13.14    7.00
-173568.004    69.730     6.62    3.90
-173193.539    67.836    -5.06    5.03
-172819.095    63.904   -10.51    5.63
-172444.673    59.985   -10.47    6.37
-172070.272    56.115   -10.34    5.53
-171695.892    54.204    -5.11    4.99
-171321.534    52.974    -3.29    5.04
-170947.196    52.519    -1.22    5.49
-170572.880    50.640    -5.02    6.25
-170198.585    46.596   -10.81    5.92
-169824.312    42.797   -10.15    7.01
-169450.059    39.469    -8.89    6.80
-169075.828    35.632   -10.25    7.24
-168701.618    32.751    -7.70    7.36
-168327.429    31.479    -3.40    7.26
-167953.262    32.817     3.58    8.19
-167579.115    37.368    12.17   10.21
-167204.990    44.404    18.81    9.73
-166830.886    48.539    11.05    8.10
-166456.803    51.729     8.53    8.28
-166082.741    54.469     7.33    9.40
-165708.701    57.329     7.65    9.25
-165334.681    61.329    10.70    7.87
-164960.683    63.107     4.75    6.85
-164586.706    65.297     5.86    6.19
-164212.750    67.496     5.88    7.58
-163838.815    69.070     4.21    7.16
-163464.902    71.445     6.35    6.20
-163091.009    73.251     4.83    5.89
-162717.138    74.177     2.48    5.41
-162343.287    76.183     5.37    4.79
-161969.458    78.174     5.33    5.71
-161595.650    80.534     6.32    5.58
-161221.863    81.933     3.74    6.12
-160848.097    84.751     7.54    4.98
-160474.352    85.129     1.01    4.73
-160100.628    85.943     2.18    4.37
-159726.925    85.947     0.01    4.66
-159353.244    84.432    -4.05    4.40
-158979.583    83.056    -3.68    4.92
-158605.944    81.933    -3.00    4.64
-158232.325    79.240    -7.21    4.85
-157858.728    75.825    -9.14    5.19
-157485.151    71.662   -11.14    5.30
-157111.596    68.797    -7.67    4.33
-156738.062    68.640    -0.42    4.65
-156364.548    70.062     3.81    5.22
-155991.056    72.030     5.27    4.81
-155617.585    72.285     0.68    4.88
-155244.134    70.204    -5.57    6.12
-154870.705    67.479    -7.30    5.87
-154497.297    63.904    -9.58    6.14
-154123.910    62.729    -3.15    5.82
-153750.543    63.177     1.20    6.25
-153377.198    63.996     2.19    6.29
-153003.874    66.943     7.90    7.16
-152630.570    70.821    10.39    7.88
-152257.288    71.556     1.97    7.45
-151884.026    74.751     8.56    6.96
-151510.786    75.925     3.15    7.47
-151137.566    77.577     4.43    7.45
-150764.368    80.947     9.03    7.74
-150391.190    84.241     8.83    7.00
-150018.033    87.206     7.95    5.94
-149644.898    89.283     5.57    5.46
-149271.783    90.107     2.21    4.80
-148898.689    90.121     0.04    5.33
-148525.616    89.618    -1.35    6.17
-148152.564    88.307    -3.52    6.50
-147779.532    85.795    -6.74    6.82
-147406.522    84.295    -4.02    5.86
-147033.533    82.793    -4.03    4.92
-146660.564    82.683    -0.29    4.39
-146287.616    83.007     0.87    4.36
-145913.596    84.512     4.03    4.48
-145536.469    85.686     3.11    4.60
-145159.364    86.817     3.00    4.94
-144782.279    88.894     5.51    4.95
-144405.216    91.643     7.29    4.49
-144028.175    93.638     5.29    4.42
-143651.155    95.751     5.61    4.76
-143274.156    97.774     5.36    4.73
-142897.178    99.706     5.13    4.90
-142520.222   102.151     6.49    4.55
-142143.287   103.275     2.98    3.79
-141766.374   102.529    -1.98    4.87
-141389.481   100.388    -5.68    5.67
-141012.610    97.862    -6.70    4.76
-140635.761    96.512    -3.58    4.63
-140258.932    95.865    -1.72    4.62
-139882.125    95.295    -1.51    4.31
-139505.340    94.299    -2.64    4.41
-139128.575    92.773    -4.05    4.18
-138751.832    92.404    -0.98    4.09
-138375.110    92.904     1.33    4.78
-137998.409    93.198     0.78    5.47
-137621.730    94.047     2.25    5.01
-137245.072    95.219     3.11    5.03
-136868.435    96.577     3.61    4.95
-136491.819    99.251     7.10    4.97
-136115.225   101.818     6.82    3.92
-135738.651   102.547     1.94    3.45
-135362.099   101.925    -1.65    3.90
-134985.569   101.342    -1.55    4.18
-134609.059    99.688    -4.40    4.37
-134232.571    98.404    -3.41    5.03
-133856.103    95.156    -8.63    6.17
-133479.657    90.840   -11.46    6.47
-133103.233    88.100    -7.28    5.74
-132726.829    85.462    -7.01    5.93
-132350.447    82.565    -7.70    6.44
-131974.085    78.285   -11.38    6.95
-131597.745    75.085    -8.50    6.17
-131221.427    73.479    -4.27    6.84
-130845.129    74.285     2.14    8.19
-130468.852    75.751     3.90    8.77
-130092.597    75.151    -1.59    8.26
-129716.362    72.879    -6.04    7.57
-129340.149    69.929    -7.84    7.41
-128963.957    66.751    -8.45    7.14
-128587.786    63.707    -8.09    7.17
-128211.637    60.230    -9.25    6.13
-127835.508    58.024    -5.86    4.39
-127459.400    58.285     0.69    4.16
-127083.314    58.418     0.35    4.01
-126707.249    61.274     7.60    5.15
-126331.204    64.815     9.42    6.23
-125955.181    68.274     9.20    7.13
-125579.179    74.418    16.34    7.71
-125203.198    79.099    12.45    6.43
-124827.238    82.012     7.75    5.50
-124451.299    84.174     5.75    4.87
-124075.381    82.984    -3.17    5.57
-123699.485    82.686    -0.79    5.03
-123323.609    82.479    -0.55    4.63
-122947.754    81.156    -3.52    3.52
-122571.920    80.547    -1.62    3.71
-122196.108    78.664    -5.01    4.19
-121820.316    77.374    -3.44    4.69
-121444.546    76.193    -3.14    4.62
-121068.796    78.479     6.08    6.01
-120693.068    80.547     5.51    5.53
-120317.360    80.707     0.43    4.78
-119941.674    79.440    -3.37    4.16
-119566.008    77.729    -4.56    4.44
-119190.363    75.860    -4.97    5.02
-118814.740    74.922    -2.50    5.77
-118439.137    71.774    -8.38    6.22
-118063.556    69.160    -6.96    6.74
-117687.995    66.077    -8.21    6.89
-117312.455    62.602    -9.25    7.57
-116936.937    59.251    -8.92    7.18
-116561.439    55.836    -9.10    5.74
-116185.962    53.070    -7.37    5.25
-115810.506    50.491    -6.87    4.17
-115435.071    48.297    -5.84    3.41
-115059.657    47.974    -0.86    3.65
-114684.264    51.251     8.73    7.45
-114308.892    54.991     9.96    8.40
-113933.540    56.876     5.02    8.88
-113558.210    59.115     5.97    8.36
-113182.901    57.904    -3.23    6.90
-112807.612    60.382     6.60    7.82
-112432.344    64.077     9.85    8.62
-112057.098    68.685    12.28    8.52
-111681.872    73.240    12.14    6.11
-111306.667    74.708     3.91    4.41
-110931.482    73.888    -2.19    5.32
-110556.319    70.964    -7.79    6.59
-110181.177    66.529   -11.82    6.05
-109806.055    63.049    -9.28    5.88
-109430.954    60.491    -6.82    5.67
-109055.874    58.592    -5.06    5.56
-108680.815    60.047     3.88    7.11
-108305.777    61.728     4.48    7.58
-107930.760    62.425     1.86    6.76
-107555.763    64.107     4.48    5.56
-107180.787    64.507     1.07    5.68
-106805.832    67.440     7.82    5.65
-106430.898    70.656     8.58    6.01
-106055.985    73.206     6.80    6.28
-105681.092    75.797     6.91    5.69
-105306.220    76.596     2.13    5.04
-104931.369    73.860    -7.30    6.07
-104556.539    69.462   -11.73    5.91
-104181.730    65.664   -10.13    5.70
-103806.941    62.797    -7.65    5.49
-103432.173    59.904    -7.72    6.05
-103057.426    57.180    -7.27    6.03
-102682.700    53.040   -11.05    5.95
-102307.994    50.056    -7.97    5.49
-101933.309    48.904    -3.08    5.32
-101558.645    48.338    -1.51    5.41
-101184.001    46.979    -3.63    5.40
-100809.379    45.647    -3.55    5.05
-100434.777    45.708     0.16    4.43
-100060.195    48.295     6.91    7.18
 -99685.635    55.240    18.54   10.22
 -99311.095    60.910    15.14    8.87
 -98936.576    64.900    10.65    7.04
 -98562.077    66.865     5.25    7.40
 -98187.599    64.793    -5.53    8.60
 -97813.142    62.469    -6.21    8.30
 -97438.706    60.113    -6.29    7.34
 -97064.290    59.885    -0.61    6.18
 -96689.895    60.297     1.10    5.19
 -96315.520    63.485     8.52    6.03
 -95941.166    66.085     6.95    6.13
 -95566.833    66.969     2.36    5.79
 -95192.521    69.183     5.92    6.30
 -94818.229    73.295    10.99    7.89
 -94443.958    78.685    14.40    7.99
 -94069.707    82.485    10.15    6.50
 -93695.477    85.274     7.45    4.12
 -93321.268    85.109    -0.44    4.89
 -92947.079    83.574    -4.10    5.13
 -92572.911    81.449    -5.68    5.15
 -92198.763    79.751    -4.54    6.07
 -91824.636    77.929    -4.87    5.58
 -91450.530    76.297    -4.36    5.69
 -91076.444    75.507    -2.11    5.39
 -90702.379    75.226    -0.75    4.44
 -90328.334    73.410    -4.86    4.20
 -89954.310    71.229    -5.83    4.65
 -89580.307    69.885    -3.59    4.52
 -89206.324    67.273    -6.98    3.72
 -88832.362    65.638    -4.37    3.98
 -88458.420    62.496    -8.40    4.55
 -88084.499    59.077    -9.14    5.05
 -87710.598    56.599    -6.63    4.53
 -87336.718    55.156    -3.86    4.01
 -86962.858    57.129     5.28    6.02
 -86589.019    60.491     8.99    6.82
 -86215.200    63.643     8.43    6.38
 -85841.402    65.708     5.53    5.35
 -85467.624    68.501     7.47    5.53
 -85093.867    69.454     2.55    4.90
 -84720.131    70.556     2.95    4.83
 -84346.415    71.317     2.04    5.53
 -83972.719    73.485     5.80    6.87
 -83599.044    77.433    10.57    7.25
 -83225.389    80.991     9.52    6.08
 -82851.755    82.085     2.93    5.15
 -82478.141    80.022    -5.52    6.36
 -82104.548    76.991    -8.12    8.41
 -81730.975    73.795    -8.55    8.26
 -81357.423    72.410    -3.71    7.99
 -80983.891    72.501     0.24    7.14
 -80610.379    72.107    -1.06    6.42
 -80236.888    70.751    -3.63    7.17
 -79863.417    68.012    -7.33    7.08
 -79489.967    64.910    -8.31    5.73
 -79116.537    64.624    -0.77    6.21
 -78743.128    65.882     3.37    7.28
 -78369.739    65.645    -0.63    7.64
 -77996.370    64.574    -2.87    8.93
 -77623.022    62.216    -6.31    9.24
 -77249.694    58.462   -10.06    7.42
 -76876.387    55.632    -7.58    7.07
 -76503.100    52.469    -8.48    6.27
 -76129.833    49.660    -7.52    5.30
 -75756.587    48.077    -4.24    4.71
 -75383.361    46.640    -3.85    4.81
 -75010.156    44.685    -5.24    4.24
 -74636.970    42.024    -7.13    4.58
 -74263.806    39.728    -6.15    4.84
 -73890.661    36.796    -7.86    4.73
 -73517.537    34.426    -6.35    3.91
 -73144.433    33.418    -2.70    4.28
 -72771.350    31.596    -4.88    3.89
 -72398.286    30.592    -2.69    3.94
 -72025.244    30.951     0.96    5.22
 -71652.221    31.704     2.02    6.40
 -71279.219    33.297     4.27    6.83
 -70903.334    34.310     2.69    7.16
 -70526.262    37.351     8.07    8.89
 -70149.211    41.360    10.63   10.07
 -69772.181    44.774     9.05   10.16
 -69395.171    49.922    13.66   11.28
 -69018.183    52.489     6.81    9.84
 -68641.215    55.240     7.30    8.24
 -68264.268    56.472     3.27    6.50
 -67887.341    55.570    -2.40    6.02
 -67510.435    54.012    -4.13    6.74
 -67133.550    51.820    -5.82    7.67
 -66756.686    50.599    -3.24    8.14
 -66379.843    48.534    -5.48    8.59
 -66003.020    47.425    -2.94    8.73
 -65626.218    47.574     0.39    8.39
 -65249.436    48.070     1.32    8.75
 -64872.676    45.599    -6.56   10.27
 -64495.935    40.183   -14.38   10.55
 -64119.216    34.454   -15.21   10.81
 -63742.517    28.686   -15.31    9.47
 -63365.839    23.879   -12.76    6.87
 -62989.182    18.240   -14.97    8.20
 -62612.546    13.403   -12.85    8.11
 -62235.930     8.012   -14.31    6.81
 -61859.334     4.347    -9.73    4.38
 -61482.760     3.262    -2.88    3.40
 -61106.205     6.685     9.09    7.49
 -60729.672    11.310    12.28   11.79
 -60353.159    13.574     6.01   13.68
 -59976.667    14.418     2.24   14.15
 -59600.196    11.979    -6.48   12.29
 -59223.745     8.018   -10.52    9.51
 -58847.314     5.107    -7.73    5.83
 -58470.905     4.143    -2.56    4.09
 -58094.516     5.596     3.86    6.41
 -57718.147     7.925     6.19    8.54
 -57341.799     9.347     3.78    9.68
 -56965.472    10.262     2.43    9.90
 -56589.165     9.285    -2.60    8.59
 -56212.879     8.925    -0.96    8.46
 -55836.613     7.974    -2.53    7.74
 -55460.368     7.160    -2.16    6.75
 -55084.144     5.647    -4.02    5.45
 -54707.940     4.440    -3.21    3.96
 -54331.757     4.129    -0.83    3.71
 -53955.594     3.996    -0.35    3.26
 -53579.452     3.956    -0.11    3.46
 -53203.330     4.645     1.83    3.63
 -52827.229     5.479     2.22    3.68
 -52451.148     5.360    -0.32    3.46
 -52075.088     5.099    -0.69    3.41
 -51699.048     5.317     0.58    3.64
 -51323.029     5.307    -0.03    3.27
 -50947.030     6.180     2.32    2.98
 -50571.052     6.621     1.17    2.97
 -50195.094     5.910    -1.89    3.07
 -49819.157     6.077     0.44    3.04
 -49443.240     6.001    -0.20    3.46
 -49067.344     7.107     2.94    4.63
 -48691.468     7.933     2.20    6.25
 -48315.613     8.323     1.04    6.66
 -47939.778     7.592    -1.94    6.02
 -47563.964     8.007     1.10    4.89
 -47188.170    10.507     6.65    4.54
 -46812.396    12.329     4.85    4.62
 -46436.643    13.320     2.64    4.29
 -46060.911    13.507     0.50    3.96
 -45685.198    13.276    -0.61    3.54
 -45309.507    15.062     4.75    5.04
 -44933.835    17.517     6.53    5.32
 -44558.184    19.529     5.36    6.04
 -44182.554    20.795     3.37    6.10
 -43806.944    21.143     0.93    5.87
 -43431.354    20.295    -2.26    5.01
 -43055.784    19.774    -1.39    4.26
 -42680.235    20.640     2.31    4.00
 -42304.707    23.729     8.22    5.26
 -41929.199    26.092     6.29    4.42
 -41553.711    26.773     1.81    4.07
 -41178.243    26.115    -1.75    4.77
 -40802.796    22.643    -9.25    5.55
 -40427.369    20.186    -6.54    4.94
 -40051.963    18.947    -3.30    4.66
 -39676.577    16.062    -7.68    4.41
 -39301.211    14.592    -3.92    4.85
 -38925.865    11.368    -8.59    5.76
 -38550.540     8.388    -7.94    5.87
 -38175.236     5.262    -8.33    5.32
 -37799.951     3.860    -3.74    4.19
 -37424.687     2.688    -3.12    2.45
 -37049.443     2.183    -1.34    1.37
 -36674.220     2.100    -0.22    1.11
 -36299.016     1.574    -1.40    1.42
 -35923.833     1.347    -0.61    1.50
 -35548.671     0.943    -1.08    1.56
 -35173.528     0.570    -1.00    1.54
 -34798.406     0.174    -1.06    1.18
 -34423.304     0.174     0.00    1.29
 -34048.223     0.496     0.86    1.57
 -33673.161     0.910     1.11    1.85
 -33298.120     1.166     0.68    1.99
 -32923.100     1.240     0.20    1.95
 -32548.099     1.174    -0.18    1.91
 -32173.119     1.440     0.71    1.99
 -31798.159     1.618     0.47    1.83
 -31423.219     1.799     0.48    1.74
 -31048.299     1.501    -0.79    1.59
 -30673.400     1.403    -0.26    1.40
 -30298.520     1.501     0.26    1.57
 -29923.661     1.556     0.14    1.95
 -29548.823     1.501    -0.14    2.06
 -29174.004     1.186    -0.84    2.04
 -28799.206     1.160    -0.07    1.72
 -28424.427     1.230     0.18    1.99
 -28049.669     1.180    -0.13    2.05
 -27674.931     1.351     0.46    2.19
 -27300.214     1.751     1.07    2.14
 -26925.516     1.404    -0.93    1.91
 -26550.839     1.295    -0.29    1.92
 -26176.182     1.342     0.13    1.88
 -25801.545     1.577     0.63    2.08
 -25426.928     1.729     0.40    2.14
 -25052.331     1.707    -0.06    2.15
 -24677.754     1.596    -0.30    1.99
 -24303.198     1.615     0.05    2.01
 -23928.661     1.305    -0.83    1.99
 -23554.145     1.070    -0.63    2.08
 -23179.649     0.840    -0.61    2.07
 -22805.173     0.512    -0.88    1.68
 -22430.717     0.462    -0.13    1.63
 -22056.281     0.329    -0.36    1.20
 -21681.865     0.524     0.52    1.68
 -21307.470     1.034     1.36    2.20
 -20933.094     1.410     1.01    2.51
 -20558.739     1.794     1.02    2.63
 -20184.403     1.491    -0.81    2.51
 -19810.088     1.382    -0.29    2.43
 -19435.793     0.914    -1.25    1.96
 -19061.517     0.865    -0.13    1.93
 -18687.262     0.862    -0.01    1.99
 -18313.027     0.942     0.21    2.05
 -17938.812     1.077     0.36    2.07
 -17564.617     0.933    -0.39    1.98
 -17190.442     1.012     0.21    1.65
 -16816.287     1.196     0.49    2.01
 -16442.152     1.240     0.12    2.03
 -16068.037     1.138    -0.27    1.91
 -15693.942     1.020    -0.32    1.75
 -15319.867     1.351     0.89    2.06
 -14945.812     1.984     1.69    2.51
 -14571.777     2.329     0.92    2.62
 -14197.763     2.707     1.01    2.97
 -13823.768     3.635     2.48    3.49
 -13449.793     3.396    -0.64    3.60
 -13075.838     3.228    -0.45    3.67
 -12701.903     2.751    -1.27    3.59
 -12327.988     1.868    -2.36    2.79
 -11954.093     1.638    -0.61    2.41
 -11580.217     1.774     0.36    2.30
 -11206.362     2.251     1.28    2.55
 -10832.527     2.440     0.51    2.64
 -10458.712     2.825     1.03    2.61
 -10084.916     2.529    -0.79    2.50
  -9711.141     2.356    -0.46    2.28
  -9337.385     1.951    -1.08    1.88
  -8963.650     1.751    -0.54    1.73
  -8589.934     1.664    -0.23    1.66
  -8216.239     1.577    -0.23    1.72
  -7842.563     1.449    -0.34    1.82
  -7468.907     1.382    -0.18    1.74
  -7095.271     1.228    -0.41    1.74
  -6721.655     1.485     0.69    1.98
  -6348.058     1.643     0.42    1.98
  -5974.482     1.664     0.06    1.86
  -5600.925     1.907     0.65    1.77
  -5227.389     2.047     0.37    1.81
  -4853.872     1.925    -0.33    1.58
  -4480.375     2.001     0.20    1.71
  -4106.898     2.218     0.58    1.67
  -3733.441     2.485     0.71    1.76
  -3360.003     3.297     2.17    1.93
  -2986.586     3.574     0.74    1.84
  -2613.188     3.925     0.94    2.23
  -2239.810     3.404    -1.40    2.46
  -1866.452     2.433    -2.60    2.59
  -1493.114     2.240    -0.52    2.56
  -1119.796     1.797    -1.19    2.41
   -746.497     1.774    -0.06    2.59
   -373.218     1.574    -0.54    2.60
      0.041     1.685     0.30    2.69
    373.280     1.773     0.24    2.54
    746.499     1.933     0.43    2.42
   1119.699     1.885    -0.13    2.46
   1492.879     2.077     0.52    2.26
   1866.039     2.040    -0.10    2.16
   2239.179     2.218     0.48    2.40
   2612.299     2.263     0.12    2.44
   2985.400     2.012    -0.67    2.48
   3358.481     2.070     0.15    2.61
   3732.154     2.411     0.91    2.85
   4109.191     2.577     0.44    2.86
   4486.209     2.556    -0.06    3.03
   4863.206     2.662     0.28    3.12
   5240.183     2.561    -0.27    3.05
   5617.140     2.396    -0.44    3.09
   5994.077     2.347    -0.13    3.00
   6370.993     1.640    -1.87    2.35
   6747.890     1.796     0.41    2.15
   7124.766     2.138     0.91    2.13
   7501.622     2.285     0.39    2.19
   7878.458     1.799    -1.29    1.82
   8255.274     1.683    -0.31    1.55
   8632.069     1.798     0.30    1.45
   9008.845     1.996     0.53    1.93
   9385.600     2.329     0.88    2.03
   9762.335     2.251    -0.21    2.16
  10139.051     2.338     0.23    2.26
  10515.746     2.323    -0.04    2.04
  10892.421     2.151    -0.46    1.97
  11269.076     2.230     0.21    1.91
  11645.710     1.882    -0.92    1.63
  12022.325     1.751    -0.35    1.84
  12398.920     1.615    -0.36    1.64
  12775.494     1.817     0.54    1.51
  13152.048     1.933     0.31    1.72
  13528.583     1.796    -0.36    1.57
  13905.097     1.485    -0.83    1.67
  14281.591     1.317    -0.45    1.70
  14658.066     1.273    -0.12    1.87
  15034.520     1.774     1.33    2.18
  15410.954     2.512     1.96    2.81
  15787.368     2.160    -0.93    2.53
  16163.762     2.320     0.42    2.18
  16540.136     2.491     0.45    2.31
  16916.490     2.449    -0.11    2.23
  17292.824     2.208    -0.64    2.38
  17669.138     2.012    -0.52    2.52
  18045.432     2.360     0.92    2.56
  18421.706     2.479     0.32    2.90
  18797.960     2.728     0.66    2.93
  19174.194     2.285    -1.18    2.68
  19550.407     2.044    -0.64    2.55
  19926.601     2.085     0.11    2.42
  20302.775     2.024    -0.16    2.15
  20678.929     1.729    -0.79    2.30
  21055.064     1.307    -1.12    1.96
  21431.178     1.821     1.37    2.75
  21807.272     1.842     0.06    2.80
  22183.346     2.370     1.40    3.31
  22559.400     3.070     1.86    3.52
  22935.435     4.351     3.41    4.02
  23311.449     6.501     5.72    4.66
  23687.443     8.929     6.46    4.84
  24063.418    12.076     8.37    5.03
  24439.372    13.888     4.82    3.94
  24815.307    14.660     2.06    3.76
  25191.222    13.891    -2.05    4.10
  25567.117    11.491    -6.39    4.51
  25942.992    10.040    -3.86    4.83
  26318.847     7.860    -5.80    5.24
  26694.682     6.989    -2.32    5.62
  27070.497     4.818    -5.78    4.91
  27446.293     2.774    -5.44    3.07
  27822.068     2.479    -0.79    2.85
  28197.824     3.240     2.03    4.20
  28573.560     5.070     4.87    4.85
  28949.276     5.602     1.42    4.40
  29324.972     6.596     2.64    4.49
  29700.648     6.085    -1.36    3.77
  30076.304     5.640    -1.18    3.35
  30451.941     5.251    -1.04    2.90
  30827.558     5.860     1.62    3.11
  31203.154     6.956     2.92    3.92
  31578.731     8.996     5.43    4.13
  31954.289    11.382     6.35    4.66
  32329.826    13.551     5.78    4.36
  32705.344    14.996     3.85    3.66
  33080.842    16.077     2.88    3.99
  33456.320    17.577     4.00    4.49
  33831.778    20.147     6.84    5.21
  34207.216    22.374     5.93    5.44
  34582.635    24.425     5.46    5.22
  34958.034    26.121     4.52    4.92
  35333.413    26.574     1.21    3.98
  35708.772    26.704     0.35    3.67
  36084.112    27.374     1.78    3.78
  36459.432    28.609     3.29    3.95
  36834.732    30.374     4.70    4.16
  37210.012    31.524     3.07    3.78
  37585.272    31.229    -0.79    4.00
  37960.513    28.683    -6.78    5.06
  38335.734    25.489    -8.51    4.88
  38710.936    21.751    -9.96    4.62
  39086.117    19.966    -4.76    4.37
  39461.279    19.374    -1.58    4.28
  39836.421    18.929    -1.18    4.41
  40211.544    18.496    -1.16    3.92
  40586.647    15.685    -7.49    4.68
  40961.730    13.976    -4.55    3.82
  41336.793    12.820    -3.08    2.92
  41711.837    12.658    -0.43    3.32
  42086.861    13.706     2.79    3.87
  42461.865    15.729     5.40    4.31
  42836.850    17.910     5.82    4.24
  43211.815    20.056     5.72    4.18
  43586.760    20.166     0.29    4.36
  43961.686    21.418     3.34    5.00
  44336.592    22.479     2.83    5.12
  44711.478    24.379     5.07    5.71
  45086.345    27.599     8.59    5.78
  45461.192    29.773     5.80    4.69
  45836.020    30.338     1.51    4.40
  46210.828    30.984     1.72    4.35
  46585.616    32.151     3.11    5.16
  46960.384    33.956     4.81    4.75
  47335.133    35.683     4.61    4.03
  47709.863    36.034     0.94    4.04
  48084.572    35.491    -1.45    4.86
  48459.263    34.707    -2.09    4.66
  48833.933    33.507    -3.20    4.94
  49208.584    33.751     0.65    5.61
  49583.216    34.070     0.85    5.36
  49957.827    34.820     2.00    5.48
  50332.420    35.925     2.95    5.12
  50706.992    36.751     2.21    5.10
  51081.545    38.240     3.97    4.99
  51456.079    39.817     4.21    5.05
  51830.593    42.447     7.02    4.56
  52205.087    44.001     4.15    3.76
  52579.562    44.797     2.12    3.36
  52954.018    44.996     0.53    3.65
  53328.454    44.612    -1.03    3.68
  53702.870    44.404    -0.56    3.35
  54077.267    43.034    -3.66    3.78
  54451.644    40.018    -8.06    4.93
  54826.002    37.070    -7.88    4.68
  55200.340    34.570    -6.68    4.23
  55574.659    32.240    -6.22    4.35
  55948.958    31.703    -1.44    4.76
  56323.238    31.512    -0.51    5.21
  56697.498    30.862    -1.74    5.60
  57071.739    30.774    -0.24    5.48
  57445.960    29.865    -2.43    5.24
  57820.162    28.882    -2.63    4.85
  58194.344    27.592    -3.45    4.13
  58568.507    26.076    -4.05    3.74
  58942.650    23.396    -7.16    4.48
  59316.774    20.347    -8.15    3.94
  59690.879    18.551    -4.80    2.78
  60064.964    18.618     0.18    3.05
  60439.030    20.251     4.37    4.24
  60813.076    22.729     6.62    4.52
  61187.102    25.299     6.87    4.47
  61561.110    28.524     8.62    4.67
  61935.098    31.918     9.07    4.91
  62309.066    33.929     5.38    4.81
  62683.015    37.396     9.27    5.45
  63056.945    39.775     6.36    5.11
  63430.855    40.574     2.14    4.04
  63804.746    40.926     0.94    3.42
  64178.618    39.956    -2.60    3.64
  64552.470    38.680    -3.41    3.35
  64926.302    37.440    -3.32    3.67
  65300.116    35.001    -6.52    4.69
  65673.910    32.160    -7.60    4.01
  66047.684    30.018    -5.73    2.27
  66421.440    30.532     1.37    3.02
  66795.175    32.433     5.09    4.31
  67168.892    35.656     8.62    4.85
  67542.589    39.001     8.95    5.23
  67916.267    43.240    11.34    5.13
  68289.926    45.365     5.69    3.71
  68663.565    45.317    -0.13    3.90
  69037.185    43.918    -3.74    4.02
  69410.785    42.491    -3.82    4.04
  69784.366    41.061    -3.83    3.97
  70157.928    39.351    -4.58    4.23
  70531.471    36.382    -7.95    4.64
  70904.994    34.342    -5.46    4.13
  71278.498    32.129    -5.92    2.81
  71651.983    31.865    -0.71    2.94
  72025.448    33.751     5.05    4.95
  72398.894    35.942     5.87    5.33
  72772.321    36.307     0.98    4.98
  73145.729    36.570     0.70    5.15
  73519.117    35.683    -2.37    4.16
  73892.486    37.174     3.99    4.49
  74265.836    40.425     8.71    5.44
  74639.166    44.273    10.31    5.29
  75012.478    47.821     9.50    4.89
  75385.770    48.974     3.09    4.31
  75759.042    48.472    -1.34    3.78
  76132.296    47.151    -3.54    4.44
  76505.530    44.285    -7.68    5.56
  76878.745    41.295    -8.01    4.63
  77251.941    39.729    -4.20    3.95
  77625.118    39.388    -0.91    4.79
  77998.275    40.708     3.54    5.08
  78371.414    43.138     6.51    5.27
  78746.858    45.307     5.78    5.51
  79123.840    48.862     9.43    5.03
  79500.802    50.751     5.01    3.57
  79877.745    49.838    -2.42    4.60
  80254.668    46.996    -7.54    5.43
  80631.571    44.885    -5.60    4.45
  81008.455    45.729     2.24    4.96
  81385.319    47.123     3.70    4.90
  81762.163    49.099     5.24    4.03
  82138.988    50.037     2.49    4.07
  82515.794    50.396     0.95    3.47
  82892.580    49.512    -2.34    3.62
  83269.346    48.062    -3.85    4.32
  83646.093    46.485    -4.19    4.42
  84022.820    45.347    -3.02    4.53
  84399.528    46.551     3.20    4.75
  84776.216    47.394     2.24    3.67
  85152.884    46.018    -3.65    3.96
  85529.533    43.638    -6.32    3.86
  85906.163    42.479    -3.08    3.85
  86282.773    41.547    -2.47    4.40
  86659.363    42.526     2.60    4.50
  87035.934    45.070     6.75    4.22
  87412.485    46.333     3.35    4.15
  87789.017    49.507     8.43    4.54
  88165.529    51.840     6.20    4.59
  88542.022    53.775     5.14    4.28
  88918.496    53.229    -1.45    4.26
  89294.949    53.507     0.74    4.12
  89671.384    54.342     2.22    3.93
  90047.799    54.229    -0.30    3.51
  90424.194    55.001     2.05    3.01
  90800.570    54.404    -1.59    3.26
  91176.926    52.799    -4.26    4.05
  91553.263    51.840    -2.55    4.37
  91929.581    52.472     1.68    4.96
  92305.879    51.820    -1.73    5.56
  92682.158    50.040    -4.73    6.90
  93058.417    45.556   -11.92    7.91
  93434.657    40.273   -14.04    5.29
  93810.877    38.310    -5.22    3.92
  94187.078    38.107    -0.54    4.66
  94563.260    40.365     6.00    5.97
  94939.422    41.729     3.62    5.72
  95315.564    42.574     2.25    5.02
  95691.688    40.888    -4.48    5.62
  96067.792    37.040   -10.23    5.16
  96443.876    36.062    -2.60    4.43
  96819.941    36.433     0.99    5.10
  97195.987    37.840     3.74    5.33
  97572.013    39.001     3.09    4.66
  97948.020    41.121     5.64    4.57
  98324.008    41.638     1.37    4.36
  98699.976    42.374     1.96    4.18
  99075.925    41.056    -3.51    4.99
  99451.854    37.229   -10.18    5.32
  99827.764    33.320   -10.40    5.24
 100203.655    30.323    -7.97    3.40
 100579.527    28.512    -4.82    1.93
 100955.379    27.910    -1.60    1.51
 101331.211    28.818     2.41    2.55
 101707.025    30.979     5.75    4.35
 102082.819    33.297     6.17    5.05
 102458.594    36.092     7.44    5.39
 102834.349    36.901     2.15    5.15
 103210.085    36.418    -1.29    5.59
 103585.802    34.612    -4.81    5.07
 103961.500    34.683     0.19    4.98
 104337.178    33.840    -2.24    5.65
 104712.837    33.609    -0.62    5.41
 105088.477    32.365    -3.31    4.17
 105464.097    31.501    -2.30    2.77
 105839.699    31.618     0.31    2.20
 106215.280    31.426    -0.51    1.81
 106590.843    31.529     0.28    1.76
 106966.386    32.138     1.62    2.63
 107341.911    33.704     4.17    3.92
 107717.415    35.456     4.67    4.89
 108092.901    36.561     2.94    4.78
 108468.367    37.160     1.60    4.45
 108843.815    37.479     0.85    4.41
 109219.243    38.910     3.81    5.49
 109594.651    38.307    -1.61    4.31
 109970.041    37.922    -1.03    3.47
 110345.411    37.638    -0.76    2.75
 110720.762    38.609     2.59    3.63
 111096.094    40.342     4.62    4.60
 111471.406    44.295    10.53    5.57
 111846.700    47.707     9.09    5.32
 112221.974    49.295     4.23    4.80
 112597.229    51.370     5.53    4.26
 112972.465    53.462     5.57    5.03
 113347.682    54.775     3.50    5.04
 113722.879    56.615     4.90    4.55
 114098.058    59.196     6.88    3.90
 114473.217    61.164     5.25    3.50
 114848.357    62.547     3.68    2.89
 115223.478    63.844     3.46    1.62
 115598.580    63.862     0.05    1.50
 115973.662    63.240    -1.66    2.13
 116348.726    62.979    -0.70    2.61
 116723.770    63.240     0.70    2.56
 117098.795    63.662     1.13    2.93
 117473.801    64.440     2.07    2.30
 117848.788    63.907    -1.42    2.35
 118223.756    62.618    -3.44    3.01
 118598.705    60.085    -6.76    3.91
 118973.635    58.433    -4.40    3.79
 119348.545    57.491    -2.51    3.47
 119723.437    57.797     0.82    3.80
 120098.309    58.862     2.84    3.61
 120473.162    60.664     4.81    3.34
 120847.996    61.329     1.77    2.94
 121222.811    61.485     0.41    2.97
 121597.607    60.565    -2.45    3.55
 121972.384    59.295    -3.39    3.74
 122347.142    59.394     0.27    3.94
 122721.881    60.485     2.91    3.77
 123096.601    60.469    -0.04    3.66
 123471.302    59.040    -3.81    4.02
 123845.984    58.365    -1.80    3.83
 124220.646    59.682     3.51    4.12
 124595.290    61.751     5.52    3.83
 124969.914    62.132     1.02    3.49
 125344.520    61.491    -1.71    3.27
 125719.107    61.206    -0.76    3.08
 126093.674    61.974     2.05    3.02
 126468.223    62.865     2.38    2.45
 126842.752    62.037    -2.21    2.88
 127217.263    59.001    -8.10    4.39
 127591.754    56.922    -5.55    3.88
 127966.227    57.151     0.61    3.85
 128340.681    56.297    -2.28    3.91
 128715.115    55.138    -3.10    4.35
 129089.531    54.251    -2.37    4.26
 129463.928    53.704    -1.46    4.00
 129838.305    55.138     3.83    4.48
 130212.664    56.826     4.51    3.79
 130587.004    58.240     3.78    3.60
 130961.325    59.615     3.67    3.83
 131335.627    61.024     3.76    3.58
 131709.909    63.040     5.39    2.24
 132084.174    64.215     3.14    2.60
 132458.419    64.547     0.89    2.72
 132832.645    65.337     2.11    2.39
 133206.852    65.462     0.34    2.16
 133581.040    64.240    -3.27    2.68
 133955.210    63.274    -2.58    2.75
 134329.360    63.774     1.34    3.30
 134703.492    65.556     4.76    3.35
 135077.604    66.660     2.95    2.53
 135451.698    66.581    -0.21    2.45
 135825.773    66.410    -0.45    2.85
 136199.829    66.592     0.49    3.04
 136573.866    68.092     4.01    2.58
 136947.885    69.240     3.07    1.71
 137321.884    69.442     0.54    1.62
 137695.865    69.070    -1.00    1.79
 138069.826    68.703    -0.98    1.66
 138443.769    67.979    -1.94    1.85
 138817.693    67.751    -0.61    1.89
 139191.598    67.706    -0.12    1.89
 139565.484    67.085    -1.66    2.04
 139939.352    67.156     0.19    1.90
 140313.200    66.865    -0.78    1.87
 140687.030    67.239     1.00    2.11
 141060.841    68.138     2.40    1.90
 141434.633    68.683     1.46    1.47
 141808.407    68.842     0.43    1.36
 142182.161    68.329    -1.37    1.74
 142555.897    67.513    -2.18    1.92
 142929.614    67.556     0.11    1.83
 143303.312    67.870     0.84    1.90
 143676.991    68.524     1.75    1.57
 144050.652    69.092     1.52    1.08
 144424.294    69.024    -0.18    1.04
 144797.917    68.574    -1.21    1.32
 145171.521    68.092    -1.29    1.57
 145545.106    67.838    -0.68    1.50
 145918.673    67.532    -0.82    1.56
 146292.221    67.707     0.47    1.35
 146665.750    67.729     0.06    1.47
 147039.261    67.705    -0.06    1.54
 147412.752    67.547    -0.42    1.41
 147786.225    67.618     0.19    1.29
 148159.679    67.730     0.30    1.16
 148533.115    67.823     0.25    1.35
 148906.532    67.485    -0.91    1.42
 149279.930    67.216    -0.72    1.53
 149653.309    67.001    -0.58    1.75
 150026.670    66.374    -1.68    1.66
 150400.012    66.251    -0.33    1.60
 150773.335    65.751    -1.34    1.78
 151146.639    65.061    -1.85    1.58
 151519.925    64.485    -1.54    1.60
 151893.192    64.030    -1.22    2.05
 152266.441    63.307    -1.94    2.28
 152639.671    62.274    -2.77    2.31
 153012.882    61.643    -1.69    1.99
 153386.233    61.183    -1.23    1.47
 153763.183    60.910    -0.72    1.76
 154140.113    61.012     0.27    2.04
 154517.024    60.682    -0.88    2.07
 154893.917    60.274    -1.08    1.87
 155270.790    60.107    -0.44    1.54
 155647.644    60.933     2.19    2.20
 156024.479    61.596     1.76    2.50
 156401.296    62.295     1.85    2.68
 156778.093    62.388     0.25    2.62
 157154.871    62.462     0.20    2.61
 157531.630    62.216    -0.65    2.39
 157908.370    62.077    -0.37    2.26
 158285.091    61.570    -1.35    1.81
 158661.793    61.818     0.66    1.84
 159038.476    61.956     0.37    1.96
 159415.140    62.183     0.60    1.97
 159791.785    62.707     1.39    2.02
 160168.411    63.370     1.76    2.27
 160545.018    64.425     2.80    2.64
 160921.606    65.456     2.74    2.17
 161298.175    65.907     1.20    1.95
 161674.725    66.323     1.10    1.95
 162051.257    66.410     0.23    1.85
 162427.769    66.797     1.03    1.94
 162804.262    66.976     0.48    1.80
 163180.737    67.018     0.11    1.60
 163557.192    67.456     1.16    1.66
 163933.628    68.115     1.75    1.73
 164310.046    68.774     1.75    1.55
 164686.445    69.361     1.56    1.38
 165062.824    69.729     0.98    1.09
 165439.185    69.704    -0.07    1.03
 165815.527    69.574    -0.35    1.27
 166191.850    69.440    -0.35    1.49
 166568.154    69.589     0.39    1.23
 166944.439    69.660     0.19    0.98
 167320.705    69.376    -0.75    1.03
 167696.953    69.160    -0.57    1.02
 168073.181    68.774    -1.03    1.13
 168449.391    68.160    -1.63    1.11
 168825.581    67.774    -1.03    1.31
 169201.753    67.728    -0.12    1.35
 169577.906    67.115    -1.63    1.46
 169954.040    66.581    -1.42    1.64
 170330.155    66.433    -0.39    1.76
 170706.252    66.615     0.48    1.85
 171082.329    66.570    -0.12    1.93
 171458.388    66.796     0.60    1.31
 171834.428    66.561    -0.62    1.06
 172210.449    66.040    -1.38    1.44
 172586.451    64.868    -3.12    1.89
 172962.435    64.320    -1.46    2.06
 173338.399    63.440    -2.34    2.31
 173714.345    62.795    -1.72    2.38
 174090.272    62.229    -1.51    2.73
 174466.180    62.100    -0.34    2.67
 174842.069    62.329     0.61    2.67
 175217.940    62.479     0.40    2.44
 175593.792    62.842     0.97    1.51
 175969.625    62.615    -0.60    1.30
 176345.439    62.001    -1.63    1.46
 176721.234    61.160    -2.24    1.67
 177097.011    60.092    -2.84    2.22
 177472.769    58.774    -3.51    2.42
 177848.508    57.329    -3.84    2.44
 178224.228    56.501    -2.20    1.91
 178599.930    55.842    -1.75    1.70
 178975.613    55.638    -0.54    1.60
 179351.277    55.796     0.42    1.64
 179726.922    55.683    -0.30    2.00
 180102.549    55.388    -0.79    1.93
 180478.157    55.440     0.14    1.81
 180853.746    55.347    -0.25    1.87
 181229.316    55.621     0.73    2.02
 181604.868    56.040     1.12    2.39
 181980.401    56.174     0.35    2.59
 182355.915    55.933    -0.64    2.97
 182731.411    56.001     0.18    2.70
 183106.888    55.218    -2.09    2.40
 183482.346    54.680    -1.43    1.90
 183857.786    54.317    -0.97    1.38
 184233.207    53.485    -2.22    1.59
 184608.609    53.024    -1.23    1.63
 184983.992    52.204    -2.18    1.52
 185359.357    52.077    -0.34    1.34
 185734.703    52.115     0.10    1.38
 186110.031    51.678    -1.16    1.46
 186485.340    51.151    -1.40    1.30
 186860.630    51.638     1.30    2.23
 187235.902    53.683     5.45    4.08
 187611.155    57.138     9.20    4.77
 187986.389    60.044     7.74    3.72
 188361.605    61.774     4.61    1.98
 188736.802    62.394     1.65    1.90
 189111.980    63.151     2.02    1.62
 189487.140    63.456     0.81    1.59
 189862.281    63.638     0.48    1.70
 190237.404    63.524    -0.30    2.00
 190612.508    63.276    -0.66    2.76
 190987.593    62.342    -2.49    3.76
 191362.660    61.632    -1.89    3.85
 191737.708    61.507    -0.33    3.28
 192112.738    61.418    -0.24    2.87
 192487.749    62.054     1.69    3.17
 192862.741    63.388     3.56    3.06
 193237.715    64.776     3.70    3.48
 193612.671    65.601     2.20    3.45
 193987.607    66.823     3.26    2.97
