# NaN NaN NaN ;Mean Elev.(m), Avg Gradient(m/km), RMS Gradient(m/km) - SRTM1     
#   45.652  -1.772   5.600 ;Mean Elev.(m), Avg Gradient(m/km), RMS Gradient(m/km) - ASTER GDEM
#   52.560  -1.456   5.125 ;Mean Elev.(m), Avg Gradient(m/km), RMS Gradient(m/km) - GMTED2010 
  7    56.627 52476.55967402 26.92 303.841684 -28.730324 23.003
  7    56.209 52476.55967467 27.76 303.840818 -28.733613 11.095
  7    55.912 52476.55967531 27.39 303.839948 -28.736893 11.095
  7    55.923 52476.55967596 27.85 303.839068 -28.740173 11.095
  8    54.560 52511.55961539 44.30 303.866364 -28.690854 28.922
  8    54.507 52511.55961603 47.08 303.865494 -28.694134 28.922
  8    54.372 52511.55961668 50.17 303.864614 -28.697414 28.922
  8    54.363 52511.55961732 49.88 303.863744 -28.700694 28.922
  8    54.159 52511.55961797 49.62 303.862874 -28.703984 28.922
  8    54.340 52511.55961861 44.13 303.862001 -28.707256 16.080
  8    54.084 52511.55961926 42.67 303.861131 -28.710546 16.080
  9    55.935 52546.55964713 26.71 303.848414 -28.717452 22.641
  9    56.310 52546.55964778 19.50 303.847544 -28.720732 22.641
  9    56.083 52546.55964842 21.32 303.846664 -28.724012 22.641
  9    56.070 52546.55964907 22.82 303.845794 -28.727292 22.641
  9    56.302 52546.55964971 25.85 303.844924 -28.730572 22.641
  9    56.247 52546.55965035 28.05 303.844044 -28.733862 22.641
  9    56.243 52546.55965100 31.26 303.843174 -28.737142 22.641
 10    56.028 52581.55966405 48.73 303.851042 -28.713006 43.790
 10    55.874 52581.55966470 52.64 303.850172 -28.716286 43.790
 10    55.976 52581.55966534 50.68 303.849302 -28.719566 43.790
 10    55.805 52581.55966599 51.04 303.848422 -28.722846 43.790
 10    55.828 52581.55966663 50.58 303.847552 -28.726126 43.790
 10    55.739 52581.55966728 51.64 303.846682 -28.729406 43.790
 10    55.715 52581.55966792 51.21 303.845812 -28.732696 43.790
 11    55.747 52616.55963520 29.26 303.849935 -28.714693 24.266
 11    55.579 52616.55963584 25.76 303.849065 -28.717973 24.266
 11    55.965 52616.55963649 24.40 303.848195 -28.721253 24.266
 11    56.462 52616.55963713 23.58 303.847325 -28.724543 24.266
 11    55.435 52616.55963778 26.37 303.846455 -28.727823 24.266
 11    56.443 52616.55963842 26.20 303.845575 -28.731103 24.266
 11    55.921 52616.55963907 31.62 303.844705 -28.734383 24.266
 12    50.734 52651.55960795 47.85 303.860706 -28.698587 28.806
 12    50.712 52651.55960860 41.85 303.859836 -28.701867 28.806
 12    50.704 52651.55960924 32.07 303.858966 -28.705147 28.806
 12    50.802 52651.55960989 32.74 303.858096 -28.708427 28.806
 12    50.784 52651.55961053 35.26 303.857216 -28.711707 28.806
 12    50.739 52651.55961118 45.65 303.856346 -28.714997 28.806
 13    55.708 52686.55960019 21.69 303.861095 -28.697698 13.958
 13    55.888 52686.55960083 21.41 303.860225 -28.700978 13.958
 13    55.765 52686.55960148 24.94 303.859355 -28.704258 13.958
 13    55.930 52686.55960212 24.45 303.858475 -28.707538 13.958
 13    55.718 52686.55960276 25.70 303.857605 -28.710818 13.958
 13    56.990 52686.55960341 24.49 303.856735 -28.714098 13.958
 14    55.829 52721.55965287 26.53 303.850292 -28.713478 12.882
 14    55.997 52721.55965352 23.75 303.849422 -28.716768 12.882
 14    55.359 52721.55965416 24.58 303.848552 -28.720048 12.882
 14    56.389 52721.55965480 23.46 303.847672 -28.723328 12.882
 14    55.957 52721.55965545 23.79 303.846802 -28.726608 12.882
 14    55.198 52721.55965609 24.42 303.845932 -28.729888 12.882
 14    54.124 52721.55965674 27.74 303.845062 -28.733168 12.882
 16    48.921 52791.55962616 38.92 303.848505 -28.716820 22.415
 16    48.837 52791.55962680 45.53 303.847635 -28.720110 22.415
 16    49.129 52791.55962745 45.20 303.846755 -28.723390 22.415
 16    48.449 52791.55962809 25.75 303.845885 -28.726670 22.415
 16    54.887 52791.55962873 21.35 303.845015 -28.729950 22.415
 16    54.953 52791.55962938 23.27 303.844135 -28.733230 22.415
 16    55.026 52791.55963002 23.07 303.843265 -28.736510 22.415
 17    55.233 52826.55969258 28.89 303.854861 -28.704617 12.441
 17    55.181 52826.55969323 27.06 303.853991 -28.707897 12.441
 17    55.420 52826.55969387 27.70 303.853111 -28.711177 12.441
 17    55.276 52826.55969452 25.90 303.852241 -28.714457 12.441
 17    55.818 52826.55969516 25.40 303.851371 -28.717737 12.441
 17    56.184 52826.55969581 23.88 303.850501 -28.721027 12.441
 17    55.982 52826.55969645 23.56 303.849621 -28.724307 12.441
 17    56.178 52826.55969710 23.27 303.848751 -28.727587 12.441
 18    48.984 52861.55973771 44.65 303.857412 -28.702763 29.370
 18    48.745 52861.55973835 38.93 303.856542 -28.706043 29.370
 18    54.491 52861.55973900 28.11 303.855672 -28.709323 29.370
 18    49.025 52861.55973964 38.73 303.854792 -28.712603 29.370
 18    48.621 52861.55974029 42.52 303.853922 -28.715883 29.370
 18    48.974 52861.55974093 39.46 303.853052 -28.719163 29.370
 19    54.867 52896.55977016 24.25 303.850168 -28.714087 20.401
 19    54.907 52896.55977081 23.35 303.849298 -28.717367 20.401
 19    55.420 52896.55977145 21.36 303.848428 -28.720647 20.401
 19    55.289 52896.55977210 21.36 303.847558 -28.723937 20.401
 19    55.240 52896.55977274 21.81 303.846688 -28.727217 20.401
 19    55.146 52896.55977339 21.09 303.845808 -28.730497 20.401
 19    54.979 52896.55977403 21.95 303.844938 -28.733777 20.401
 20    55.380 52931.55971660 31.59 303.853226 -28.708232 11.831
 20    55.913 52931.55971725 29.76 303.852356 -28.711512 11.831
 20    56.530 52931.55971789 27.58 303.851486 -28.714792 11.831
 20    56.555 52931.55971854 24.53 303.850606 -28.718072 11.831
 20    56.533 52931.55971918 24.05 303.849736 -28.721352 11.831
 20    55.766 52931.55971983 25.20 303.848866 -28.724632 11.831
 20    55.786 52931.55972047 24.76 303.847996 -28.727922 11.831
 21    55.136 52966.55971617 28.86 303.852162 -28.709656 14.499
 21    55.008 52966.55971682 23.95 303.851292 -28.712936 14.499
 21    54.809 52966.55971746 23.85 303.850422 -28.716216 14.499
 21    54.920 52966.55971811 20.69 303.849542 -28.719506 14.499
 21    54.757 52966.55971875 21.12 303.848672 -28.722786 14.499
 21    54.439 52966.55971939 23.24 303.847802 -28.726066 14.499
 21    55.027 52966.55972004 22.05 303.846932 -28.729346 14.499
 21    54.856 52966.55972068 24.62 303.846052 -28.732626 14.499
 23    55.082 53036.55969423 25.97 303.852221 -28.710051 19.448
 23    56.110 53036.55969487 26.22 303.851341 -28.713331 19.448
 23    56.572 53036.55969552 24.78 303.850471 -28.716611 19.448
 23    56.950 53036.55969616 22.27 303.849601 -28.719901 19.448
 23    55.844 53036.55969681 21.61 303.848731 -28.723181 19.448
 23    55.671 53036.55969745 21.93 303.847861 -28.726461 19.448
 23    55.028 53036.55969810 26.16 303.846981 -28.729741 19.448
 24    54.815 53071.55971747 23.95 303.851112 -28.712018 12.758
 24    56.546 53071.55971811 24.14 303.850242 -28.715298 12.758
 24    57.084 53071.55971876 21.41 303.849372 -28.718578 12.758
 24    57.925 53071.55971940 19.46 303.848502 -28.721858 12.758
 24    55.200 53071.55972005 18.81 303.847632 -28.725138 12.758
 24    54.905 53071.55972069 21.48 303.846758 -28.728427 23.976
 24    53.548 53071.55972134 28.38 303.845888 -28.731707 23.976
 25    48.240 53106.55969404 40.65 303.854241 -28.705709 29.995
 25    48.178 53106.55969468 49.96 303.853371 -28.708989 29.995
 25    48.158 53106.55969533 51.36 303.852491 -28.712269 29.995
 25    48.228 53106.55969597 49.78 303.851621 -28.715549 29.995
 25    48.160 53106.55969661 50.31 303.850751 -28.718829 29.995
 25    48.162 53106.55969726 51.29 303.849881 -28.722119 29.995
 25    48.039 53106.55969790 51.75 303.849011 -28.725399 29.995
 25    48.044 53106.55969855 49.34 303.848141 -28.728679 29.995
 26    50.398 53141.55972516 50.38 303.850196 -28.714054 22.806
 26    50.350 53141.55972580 53.57 303.849326 -28.717334 22.806
 26    50.211 53141.55972645 52.85 303.848456 -28.720614 22.806
 26    50.074 53141.55972709 53.02 303.847576 -28.723894 22.806
 26    50.163 53141.55972774 52.20 303.846708 -28.727182 30.980
 26    49.994 53141.55972838 53.48 303.845838 -28.730462 30.980
 26    50.037 53141.55972903 49.83 303.844968 -28.733742 30.980
 27    54.610 53176.55975192 16.56 303.853750 -28.706780 16.386
 27    54.340 53176.55975257 19.81 303.852880 -28.710060 16.386
 27    54.330 53176.55975321 18.16 303.852000 -28.713340 16.386
 27    54.047 53176.55975386 21.04 303.851130 -28.716620 16.386
 27    54.019 53176.55975450 18.27 303.850260 -28.719900 16.386
 27    54.246 53176.55975515 17.58 303.849390 -28.723180 16.386
 27    54.240 53176.55975579 17.73 303.848520 -28.726470 16.386
 27    54.416 53176.55975644 17.50 303.847640 -28.729750 16.386
 28    54.373 53211.55977297 20.21 303.849500 -28.714895 16.544
 28    54.529 53211.55977361 17.73 303.848630 -28.718185 16.544
 28    54.583 53211.55977426 16.89 303.847760 -28.721465 16.544
 28    54.644 53211.55977490 16.87 303.846880 -28.724745 16.544
 28    54.597 53211.55977555 17.75 303.846010 -28.728025 16.544
 28    54.608 53211.55977619 18.35 303.845140 -28.731305 16.544
 28    54.912 53211.55977684 18.55 303.844270 -28.734585 16.544
 29    48.882 53246.55973835 45.39 303.857579 -28.701945 30.598
 29    48.472 53246.55973899 48.08 303.856709 -28.705225 30.598
 29    48.782 53246.55973964 50.04 303.855829 -28.708505 30.598
 29    48.752 53246.55974028 50.92 303.854959 -28.711785 30.598
 29    48.717 53246.55974093 49.49 303.854089 -28.715065 30.598
 29    48.746 53246.55974157 51.58 303.853219 -28.718355 30.598
 29    48.654 53246.55974221 51.93 303.852349 -28.721635 30.598
 30    52.849 53281.55973103 42.07 303.841184 -28.731532 30.436
 30    52.961 53281.55973168 33.76 303.840304 -28.734812 30.436
 30    52.762 53281.55973232 31.23 303.839434 -28.738092 30.436
 31    55.082 53316.55973534 32.97 303.854101 -28.706164 18.693
 31    55.302 53316.55973598 31.32 303.853231 -28.709444 18.693
 31    55.749 53316.55973663 28.54 303.852351 -28.712724 18.693
 31    55.936 53316.55973727 25.79 303.851481 -28.716004 18.693
 31    55.342 53316.55973792 27.54 303.850611 -28.719284 18.693
 31    55.779 53316.55973856 27.49 303.849741 -28.722564 18.693
 31    52.827 53316.55973921 29.43 303.848861 -28.725844 18.693
 31    53.364 53316.55973985 28.75 303.847994 -28.729133 12.053
 32    49.423 53351.55969923 47.28 303.861591 -28.698001 25.701
 32    49.495 53351.55969987 34.87 303.860721 -28.701281 25.701
 32    49.632 53351.55970052 29.16 303.859851 -28.704561 25.701
 32    49.725 53351.55970116 34.16 303.858981 -28.707851 25.701
 32    49.616 53351.55970181 33.36 303.858111 -28.711131 25.701
 32    49.511 53351.55970245 37.98 303.857241 -28.714411 25.701
 33    55.785 53386.55969136 16.51 303.845515 -28.723145 10.447
 33    54.900 53386.55969201 17.71 303.844645 -28.726425 10.447
 33    54.923 53386.55969265 18.42 303.843765 -28.729705 10.447
 33    55.645 53386.55969329 17.96 303.842895 -28.732985 10.447
 33    56.295 53386.55969394 18.80 303.842025 -28.736265 10.447
 33    56.083 53386.55969458 21.89 303.841145 -28.739545 10.447
 33    56.980 53386.55969523 22.23 303.840275 -28.742835 10.447
 34    47.730 53421.55968836 50.77 303.864313 -28.694625 24.227
 34    47.939 53421.55968900 31.07 303.863443 -28.697905 24.227
 34    48.166 53421.55968964 27.46 303.862573 -28.701195 24.227
 34    48.204 53421.55969029 27.20 303.861703 -28.704475 24.227
 34    48.487 53421.55969093 39.03 303.860823 -28.707755 24.227
 34    48.485 53421.55969158 47.39 303.859953 -28.711035 24.227
 35    55.012 53456.55969626 25.06 303.853769 -28.706964 13.699
 35    55.395 53456.55969691 23.99 303.852899 -28.710244 13.699
 35    56.633 53456.55969755 20.77 303.852029 -28.713524 13.699
 35    57.002 53456.55969820 17.92 303.851159 -28.716804 13.699
 35    56.889 53456.55969884 14.99 303.850279 -28.720084 13.699
 35    53.515 53456.55969949 15.29 303.849407 -28.723373 17.754
 35    53.402 53456.55970013 15.47 303.848537 -28.726653 17.754
 37    50.553 53526.55976176 49.60 303.859462 -28.700238 22.473
 37    50.610 53526.55976240 36.98 303.858592 -28.703518 22.473
 37    50.766 53526.55976305 30.22 303.857722 -28.706808 22.473
 37    55.526 53526.55976369 25.25 303.856842 -28.710088 22.473
 37    54.797 53526.55976434 27.88 303.855972 -28.713368 22.473
 37    56.114 53526.55976498 31.41 303.855102 -28.716648 22.473
 38    56.575 53561.55979670 24.03 303.841796 -28.729507 22.643
 38    55.644 53561.55979734 28.04 303.840926 -28.732787 22.643
 38    55.659 53561.55979799 27.56 303.840056 -28.736067 22.643
 38    55.803 53561.55979863 27.78 303.839186 -28.739347 22.643
 39    54.999 53596.55972844 17.13 303.863672 -28.695569 21.000
 39    54.782 53596.55972909 16.90 303.862802 -28.698849 21.000
 39    55.274 53596.55972973 17.23 303.861932 -28.702139 21.000
 39    55.178 53596.55973038 19.47 303.861062 -28.705419 21.000
 39    55.515 53596.55973102 20.70 303.860192 -28.708699 21.000
 39    55.500 53596.55973167 22.07 303.859312 -28.711979 21.000
 41    55.544 53666.55975282 25.81 303.842901 -28.728695 10.900
 41    55.692 53666.55975347 26.73 303.842031 -28.731975 10.900
 41    55.712 53666.55975411 28.59 303.841161 -28.735255 10.900
 41    55.729 53666.55975476 29.01 303.840291 -28.738535 10.900
 41    55.740 53666.55975540 30.06 303.839411 -28.741815 10.900
 42    54.629 53701.55969598 17.42 303.860604 -28.698255 20.671
 42    54.903 53701.55969663 18.33 303.859734 -28.701535 20.671
 42    54.835 53701.55969727 21.41 303.858864 -28.704815 20.671
 42    54.974 53701.55969792 22.54 303.857994 -28.708105 20.671
 42    55.330 53701.55969856 22.37 303.857124 -28.711385 20.671
 42    55.615 53701.55969920 21.02 303.856244 -28.714665 20.671
 43    48.830 53736.55960423 38.17 303.867737 -28.689270 20.958
 43    48.351 53736.55960487 29.36 303.866867 -28.692550 20.958
 43    52.363 53736.55960551 19.90 303.865997 -28.695830 20.958
 43    54.036 53736.55960616 18.67 303.865117 -28.699110 20.958
 43    55.358 53736.55960680 21.03 303.864247 -28.702390 20.958
 44    48.423 53771.55961171 48.81 303.861001 -28.697020 28.058
 44    48.118 53771.55961235 46.72 303.860131 -28.700300 28.058
 44    48.525 53771.55961300 36.29 303.859251 -28.703580 28.058
 44    48.369 53771.55961364 45.19 303.858381 -28.706860 28.058
 44    48.343 53771.55961429 50.66 303.857511 -28.710140 28.058
 44    48.409 53771.55961493 48.09 303.856641 -28.713430 28.058
 45    49.222 53806.55960167 51.41 303.863305 -28.695018 22.880
 45    48.542 53806.55960232 42.42 303.862425 -28.698298 22.880
 45    48.490 53806.55960296 35.67 303.861555 -28.701578 22.880
 45    48.453 53806.55960361 37.34 303.860685 -28.704868 22.880
 45    48.342 53806.55960425 36.50 303.859815 -28.708148 22.880
 45    48.527 53806.55960490 44.24 303.858945 -28.711428 22.880
 47    54.822 53876.55967176 24.65 303.855282 -28.705541 14.646
 47    54.768 53876.55967240 25.39 303.854402 -28.708821 14.646
 47    55.343 53876.55967305 26.35 303.853532 -28.712101 14.646
 47    54.938 53876.55967369 24.73 303.852662 -28.715381 14.646
 47    55.944 53876.55967434 21.96 303.851792 -28.718661 14.646
 47    56.392 53876.55967498 19.51 303.850912 -28.721941 14.646
 47    54.716 53876.55967563 19.91 303.850045 -28.725230 15.966
 50    49.277 53981.55968375 35.95 303.854437 -28.706947 32.622
 50    49.508 53981.55968439 41.61 303.853557 -28.710227 32.622
 50    49.290 53981.55968504 43.89 303.852687 -28.713507 32.622
 50    48.954 53981.55968568 43.60 303.851817 -28.716787 32.622
 50    49.113 53981.55968632 36.17 303.850947 -28.720077 32.622
 50    49.345 53981.55968697 41.12 303.850077 -28.723357 32.622
 50    49.308 53981.55968761 49.19 303.849197 -28.726637 32.622
 51    55.131 54016.55970840 30.72 303.850465 -28.714020 25.095
 51    54.621 54016.55970904 30.83 303.849595 -28.717300 25.095
 51    51.338 54016.55970968 32.06 303.848725 -28.720580 25.095
 51    51.377 54016.55971033 32.26 303.847855 -28.723860 25.095
 51    51.519 54016.55971097 29.77 303.846975 -28.727140 25.095
 51    51.511 54016.55971162 31.41 303.846105 -28.730420 25.095
 51    51.443 54016.55971226 33.79 303.845232 -28.733707 18.580
 52    50.686 54051.55970259 45.30 303.865150 -28.691634 31.964
 52    50.245 54051.55970324 41.51 303.864280 -28.694914 31.964
 52    50.702 54051.55970388 32.96 303.863410 -28.698204 31.964
 52    50.533 54051.55970453 37.05 303.862540 -28.701484 31.964
 52    50.500 54051.55970517 33.66 303.861670 -28.704764 31.964
 52    50.600 54051.55970582 36.95 303.860790 -28.708044 31.964
 52    50.500 54051.55970646 47.85 303.859920 -28.711324 31.964
 53    49.438 54086.55969638 49.65 303.857397 -28.701963 28.416
 53    48.866 54086.55969702 52.34 303.856527 -28.705243 28.416
 53    49.159 54086.55969767 49.21 303.855647 -28.708523 28.416
 53    49.298 54086.55969831 51.74 303.854777 -28.711803 28.416
 53    49.080 54086.55969896 51.10 303.853907 -28.715083 28.416
 53    49.232 54086.55969960 50.77 303.853037 -28.718373 28.416
 53    49.194 54086.55970025 50.58 303.852167 -28.721653 28.416
 54    49.823 54121.55961986 39.16 303.862279 -28.695209 27.734
 54    49.371 54121.55962050 42.62 303.861409 -28.698489 27.734
 54    49.230 54121.55962115 36.19 303.860539 -28.701779 27.734
 54    49.440 54121.55962179 26.88 303.859669 -28.705059 27.734
 54    49.729 54121.55962244 25.72 303.858799 -28.708339 27.734
 54    49.717 54121.55962308 32.63 303.857919 -28.711619 27.734
 54    49.728 54121.55962373 37.38 303.857049 -28.714899 27.734
 55    49.203 54156.55965831 38.78 303.852157 -28.709931 23.531
 55    49.053 54156.55965895 43.17 303.851287 -28.713221 23.531
 55    49.108 54156.55965960 43.82 303.850417 -28.716501 23.531
 55    49.083 54156.55966024 43.11 303.849537 -28.719781 23.531
 55    49.112 54156.55966089 45.61 303.848667 -28.723061 23.531
 55    48.884 54156.55966153 41.94 303.847797 -28.726341 23.531
 55    49.009 54156.55966218 25.39 303.846927 -28.729621 23.531
 56    49.560 54191.55961895 49.82 303.859971 -28.698490 22.341
 56    48.881 54191.55961960 50.57 303.859101 -28.701770 22.341
 56    49.446 54191.55962024 40.50 303.858231 -28.705050 22.341
 56    49.402 54191.55962089 42.96 303.857361 -28.708330 22.341
 56    49.280 54191.55962153 45.61 303.856481 -28.711610 22.341
 56    49.410 54191.55962218 44.15 303.855611 -28.714900 22.341
 57    50.900 54226.55966950 49.88 303.850942 -28.713146 19.630
 57    50.745 54226.55967015 53.87 303.850069 -28.716427 36.814
 57    50.819 54226.55967079 47.91 303.849199 -28.719707 36.814
 57    50.717 54226.55967144 49.02 303.848319 -28.722987 36.814
 57    50.660 54226.55967208 50.60 303.847449 -28.726267 36.814
 57    50.614 54226.55967272 52.16 303.846579 -28.729547 36.814
 57    50.613 54226.55967337 51.49 303.845709 -28.732827 36.814
 58    50.201 54261.55968845 42.45 303.853776 -28.707380 15.306
 58    50.164 54261.55968909 46.33 303.852906 -28.710660 15.306
 58    50.076 54261.55968974 39.64 303.852036 -28.713940 15.306
 58    49.978 54261.55969038 39.78 303.851163 -28.717228 29.288
 58    50.105 54261.55969103 41.12 303.850283 -28.720508 29.288
 58    50.074 54261.55969167 40.25 303.849413 -28.723788 29.288
 58    50.170 54261.55969232 44.68 303.848543 -28.727068 29.288
 59    52.405 54296.55969287 50.31 303.855310 -28.705225 14.223
 59    52.367 54296.55969351 54.09 303.854440 -28.708505 14.223
 59    52.331 54296.55969416 51.91 303.853571 -28.711794 35.238
 59    52.315 54296.55969480 52.67 303.852691 -28.715074 35.238
 59    52.220 54296.55969545 53.75 303.851821 -28.718354 35.238
 59    52.212 54296.55969609 52.68 303.850951 -28.721634 35.238
 59    52.205 54296.55969674 51.75 303.850081 -28.724914 35.238
 60    55.028 54331.55968269 18.54 303.858947 -28.700365 15.493
 60    54.795 54331.55968333 20.94 303.858067 -28.703645 15.493
 60    54.733 54331.55968398 22.86 303.857197 -28.706925 15.493
 60    54.626 54331.55968462 23.35 303.856327 -28.710205 15.493
 60    55.447 54331.55968527 20.99 303.855457 -28.713495 15.493
 60    55.555 54331.55968591 19.32 303.854590 -28.716775 23.019
 61    55.733 54366.55962534 26.34 303.859268 -28.700472 13.544
 61    55.526 54366.55962598 26.47 303.858398 -28.703752 13.544
 61    55.598 54366.55962663 27.05 303.857528 -28.707032 13.544
 61    55.692 54366.55962727 26.89 303.856658 -28.710312 13.544
 61    68.420 54366.55962792 24.67 303.855778 -28.713592 13.544
 61    68.113 54366.55962856 24.36 303.854908 -28.716882 13.544
 62    51.627 54401.55962618 40.26 303.856040 -28.704368 15.715
 62    51.335 54401.55962682 41.87 303.855160 -28.707648 15.715
 62    54.538 54401.55962747 21.00 303.854290 -28.710928 15.715
 62    55.723 54401.55962811 18.72 303.853420 -28.714208 15.715
 62    55.534 54401.55962876 19.23 303.852550 -28.717488 15.715
 62    55.655 54401.55962940 20.93 303.851679 -28.720779 21.971
 62    55.455 54401.55963005 23.73 303.850799 -28.724059 21.971
 63    54.933 54436.55958270 16.44 303.857593 -28.701516  8.795
 63    54.897 54436.55958335 15.41 303.856723 -28.704796  8.795
 63    55.006 54436.55958399 17.33 303.855843 -28.708076  8.795
 63    55.405 54436.55958464 18.70 303.854973 -28.711356  8.795
 63    55.540 54436.55958528 19.19 303.854103 -28.714636  8.795
 63    55.698 54436.55958593 19.81 303.853233 -28.717926  8.795
 63    55.605 54436.55958657 22.64 303.852357 -28.721208 20.119
 64    49.418 54471.55961098 42.34 303.855016 -28.705551 15.788
 64    48.731 54471.55961163 41.16 303.854146 -28.708831 15.788
 64    56.063 54471.55961227 25.12 303.853276 -28.712111 15.788
 64    56.497 54471.55961291 23.54 303.852406 -28.715391 15.788
 64    55.720 54471.55961420 17.56 303.850659 -28.721961 11.513
 64    55.217 54471.55961485 16.23 303.849789 -28.725241 11.513
 65    54.917 54506.55959502 16.98 303.858937 -28.700770  7.345
 65    55.219 54506.55959567 18.45 303.858067 -28.704050  7.345
 65    55.672 54506.55959631 21.47 303.857197 -28.707330  7.345
 65    55.581 54506.55959696 22.53 303.856317 -28.710610  7.345
 65    55.510 54506.55959760 20.71 303.855447 -28.713890  7.345
 65    55.789 54506.55959825 20.10 303.854577 -28.717180  7.345
 66    55.077 54541.55962484 16.29 303.856762 -28.703081  8.883
 66    55.831 54541.55962548 17.15 303.855892 -28.706361  8.883
 66    55.669 54541.55962613 20.30 303.855022 -28.709651  8.883
 66    55.360 54541.55962677 22.34 303.854152 -28.712931  8.883
 66    55.698 54541.55962742 18.81 303.853272 -28.716211  8.883
 66    55.554 54541.55962806 17.20 303.852402 -28.719491  8.883
 66    54.485 54541.55962871 17.51 303.851532 -28.722771  8.883
 67    51.063 54576.55959580 50.09 303.860007 -28.698476 26.920
 67    51.279 54576.55959644 44.85 303.859137 -28.701756 26.920
 67    50.939 54576.55959709 48.36 303.858257 -28.705036 26.920
 67    51.176 54576.55959773 48.91 303.857387 -28.708316 26.920
 67    50.799 54576.55959837 53.17 303.856517 -28.711596 26.920
 67    50.766 54576.55959902 49.84 303.855647 -28.714876 26.920
 68    49.375 54611.55961709 49.19 303.855319 -28.705481 27.519
 68    48.857 54611.55961774 41.97 303.854449 -28.708761 27.519
 68    49.302 54611.55961838 36.04 303.853579 -28.712041 27.519
 68    49.085 54611.55961903 39.19 303.852709 -28.715331 27.519
 68    49.062 54611.55961967 40.85 303.851829 -28.718611 27.519
 68    49.419 54611.55962032 38.76 303.850959 -28.721891 27.519
 68    49.292 54611.55962096 47.12 303.850089 -28.725171 27.519
 69    51.614 54646.55962495 46.85 303.853225 -28.708425 31.154
 69    51.527 54646.55962560 51.02 303.852355 -28.711715 31.154
 69    51.442 54646.55962624 47.82 303.851485 -28.714995 31.154
 69    51.225 54646.55962689 50.22 303.850605 -28.718275 31.154
 69    51.347 54646.55962753 50.07 303.849735 -28.721555 31.154
 69    51.280 54646.55962818 48.58 303.848865 -28.724835 31.154
 69    51.328 54646.55962882 48.57 303.847995 -28.728115 31.154
 70    55.257 54681.55962503 30.15 303.854951 -28.705928 16.107
 70    55.619 54681.55962567 28.83 303.854081 -28.709208 16.107
 70    55.967 54681.55962631 25.70 303.853211 -28.712488 16.107
 70    56.384 54681.55962696 23.27 303.852341 -28.715778 16.107
 70    56.516 54681.55962760 22.78 303.851471 -28.719058 16.107
 70    56.490 54681.55962825 22.09 303.850591 -28.722338 16.107
 70    56.045 54681.55962889 22.04 303.849721 -28.725618 16.107
 71    55.662 54716.55957259 21.15 303.861044 -28.697817 21.127
 71    55.321 54716.55957323 21.65 303.860174 -28.701107 21.127
 71    55.174 54716.55957388 24.26 303.859304 -28.704387 21.127
 71    55.336 54716.55957452 23.92 303.858434 -28.707667 21.127
 71    55.429 54716.55957517 26.02 303.857554 -28.710947 21.127
 71    49.930 54716.55957581 34.54 303.856684 -28.714227 21.127
 72    50.343 54751.55959899 37.74 303.850418 -28.713678 21.750
 72    50.263 54751.55959964 44.31 303.849548 -28.716958 21.750
 72    50.104 54751.55960028 48.74 303.848678 -28.720238 21.750
 72    50.231 54751.55960093 46.76 303.847808 -28.723518 21.750
 72    50.160 54751.55960157 43.17 303.846928 -28.726798 21.750
 72    50.194 54751.55960222 31.29 303.846061 -28.730086 17.169
 72    49.974 54751.55960286 22.34 303.845191 -28.733366 17.169
 73    55.644 54786.55956306 24.27 303.857907 -28.701126 18.672
 73    55.527 54786.55956371 28.96 303.857037 -28.704406 18.672
 73    55.545 54786.55956435 29.68 303.856157 -28.707686 18.672
 73    55.611 54786.55956500 28.35 303.855287 -28.710966 18.672
 73    55.624 54786.55956564 25.79 303.854417 -28.714256 18.672
 73    56.058 54786.55956629 25.37 303.853547 -28.717536 18.672
 73    56.185 54786.55956693 26.43 303.852677 -28.720816 18.672
 74    49.675 54821.55959101 36.20 303.852819 -28.708774 20.354
 74    49.696 54821.55959166 36.49 303.851949 -28.712054 20.354
 74    49.726 54821.55959230 40.04 303.851069 -28.715334 20.354
 74    49.661 54821.55959295 43.06 303.850199 -28.718614 20.354
 74    49.503 54821.55959359 41.77 303.849329 -28.721894 20.354
 74    49.713 54821.55959423 36.14 303.848459 -28.725174 20.354
 74    49.517 54821.55959488 32.49 303.847579 -28.728454 20.354
 75    49.545 54856.55955977 31.89 303.858061 -28.702527  8.716
 75    59.636 54856.55956041 24.36 303.857191 -28.705807  8.716
 75    55.644 54856.55956106 23.83 303.856311 -28.709087  8.716
 75    61.861 54856.55956170 20.74 303.855441 -28.712367  8.716
 75    61.870 54856.55956235 20.63 303.854571 -28.715657  8.716
 75    56.286 54856.55956299 21.76 303.853701 -28.718937  8.716
 76    48.652 54891.55959528 47.56 303.852178 -28.710469 22.688
 76    48.502 54891.55959592 54.88 303.851298 -28.713749 22.688
 76    48.513 54891.55959657 50.28 303.850428 -28.717029 22.688
 76    48.520 54891.55959721 47.35 303.849558 -28.720309 22.688
 76    48.554 54891.55959786 50.56 303.848688 -28.723589 22.688
 76    48.448 54891.55959850 49.98 303.847818 -28.726869 22.688
 76    48.463 54891.55959914 43.15 303.846945 -28.730159 20.441
 77    57.719 54926.55955705 15.05 303.857924 -28.701193  7.776
 77    55.031 54926.55955770 17.28 303.857054 -28.704473  7.776
 77    54.552 54926.55955834 19.11 303.856184 -28.707753  7.776
 77    54.561 54926.55955899 20.54 303.855314 -28.711033  7.776
 77    54.736 54926.55955963 18.86 303.854434 -28.714313  7.776
 77    54.794 54926.55956027 18.87 303.853564 -28.717603  7.776
 77    54.674 54926.55956092 18.56 303.852694 -28.720883  7.776
 78    54.521 54961.55959358 18.57 303.850977 -28.711882 13.887
 78    54.745 54961.55959422 16.69 303.850107 -28.715162 13.887
 78    54.302 54961.55959487 14.60 303.849227 -28.718442 13.887
 78    53.774 54961.55959551 13.13 303.848357 -28.721722 13.887
 78    53.325 54961.55959616 16.97 303.847487 -28.725002 13.887
 78    53.793 54961.55959680 14.25 303.846617 -28.728282 13.887
 78    53.799 54961.55959745 13.57 303.845737 -28.731562 13.887
 79    54.460 54996.55961617 22.35 303.849438 -28.715719 19.904
 79    54.017 54996.55961681 21.71 303.848568 -28.718999 19.904
 79    53.505 54996.55961746 16.72 303.847698 -28.722279 19.904
 79    53.367 54996.55961810 14.75 303.846828 -28.725559 19.904
 79    53.622 54996.55961875 14.05 303.845958 -28.728839 19.904
 79    53.858 54996.55961939 14.03 303.845085 -28.732127 21.663
 79    53.614 54996.55962003 15.39 303.844205 -28.735407 21.663
 80    52.629 55031.55960378 41.08 303.853674 -28.707622 29.734
 80    52.608 55031.55960442 34.77 303.852804 -28.710912 29.734
 80    52.582 55031.55960507 39.45 303.851934 -28.714192 29.734
 80    52.617 55031.55960571 39.56 303.851054 -28.717472 29.734
 80    52.580 55031.55960636 40.52 303.850184 -28.720752 29.734
 80    52.532 55031.55960700 41.95 303.849314 -28.724032 29.734
 80    52.580 55031.55960765 46.88 303.848444 -28.727312 29.734
 81    53.484 55066.55959169 50.09 303.858249 -28.700422 32.041
 81    53.199 55066.55959233 51.17 303.857379 -28.703702 32.041
 81    53.182 55066.55959298 50.68 303.856499 -28.706982 32.041
 81    53.291 55066.55959362 51.38 303.855629 -28.710262 32.041
 81    53.387 55066.55959427 49.27 303.854759 -28.713542 32.041
 81    53.434 55066.55959491 47.48 303.853889 -28.716832 32.041
 81    53.323 55066.55959556 50.53 303.853019 -28.720112 32.041
 82    55.627 55101.55953326 28.44 303.858102 -28.700662 18.099
 82    55.783 55101.55953390 29.15 303.857232 -28.703942 18.099
 82    55.762 55101.55953455 29.92 303.856362 -28.707222 18.099
 82    55.724 55101.55953519 28.96 303.855482 -28.710502 18.099
 82    55.772 55101.55953584 26.10 303.854612 -28.713782 18.099
 82    55.868 55101.55953648 24.68 303.853742 -28.717062 18.099
 82    56.173 55101.55953713 26.06 303.852872 -28.720352 18.099
 83    50.888 55136.55953996 42.84 303.852640 -28.709359 27.357
 83    50.901 55136.55954060 42.99 303.851770 -28.712649 27.357
 83    50.948 55136.55954125 45.78 303.850890 -28.715929 27.357
 83    50.803 55136.55954189 48.16 303.850020 -28.719209 27.357
 83    50.852 55136.55954254 45.34 303.849150 -28.722489 27.357
 83    50.727 55136.55954318 42.57 303.848280 -28.725769 27.357
 83    50.777 55136.55954383 45.85 303.847400 -28.729049 27.357
 84    55.656 55171.55949985 47.09 303.858979 -28.700039 37.304
 84    55.554 55171.55950049 46.71 303.858099 -28.703319 37.304
 84    55.532 55171.55950113 37.82 303.857229 -28.706599 37.304
 84    55.565 55171.55950178 35.48 303.856359 -28.709879 37.304
 84    55.573 55171.55950242 41.95 303.855489 -28.713159 37.304
 84    55.469 55171.55950307 43.60 303.854619 -28.716449 37.304
 85    55.469 55206.55953415 34.52 303.851683 -28.711241 18.167
 85    56.576 55206.55953479 29.32 303.850803 -28.714521 18.167
 85    56.821 55206.55953544 30.11 303.849933 -28.717801 18.167
 85    56.687 55206.55953608 32.36 303.849063 -28.721081 18.167
 85    56.626 55206.55953673 32.60 303.848193 -28.724361 18.167
 85    56.460 55206.55953737 31.11 303.847313 -28.727641 18.167
 85    56.513 55206.55953802 30.63 303.846446 -28.730929 13.547
 86    49.767 55241.55950646 39.48 303.857298 -28.702938 17.981
 86    49.659 55241.55950711 35.73 303.856418 -28.706218 17.981
 86    55.333 55241.55950775 22.63 303.855548 -28.709498 17.981
 86    56.127 55241.55950840 20.22 303.854678 -28.712778 17.981
 86    56.799 55241.55950969 24.95 303.852938 -28.719348 17.981
 87    49.857 55276.55952598 44.31 303.855489 -28.704280 17.050
 87    49.319 55276.55952663 46.43 303.854619 -28.707560 17.050
 87    54.599 55276.55952727 20.63 303.853749 -28.710850 17.050
 87    56.077 55276.55952792 24.67 303.852879 -28.714130 17.050
 87    49.656 55276.55952856 30.60 303.851999 -28.717410 17.050
 87    49.815 55276.55952921 27.76 303.851129 -28.720690 17.050
 87    49.701 55276.55952985 31.16 303.850259 -28.723970 17.050
 88    54.352 55311.55948974 50.81 303.859299 -28.700242 34.381
 88    54.374 55311.55949039 50.04 303.858429 -28.703522 34.381
 88    54.362 55311.55949103 50.88 303.857559 -28.706802 34.381
 88    54.226 55311.55949168 54.16 303.856679 -28.710082 34.381
 88    54.253 55311.55949232 53.80 303.855809 -28.713362 34.381
 88    54.264 55311.55949296 47.39 303.854939 -28.716642 34.381
 89    55.635 55346.55949613 31.90 303.856155 -28.704514 11.485
 89    55.769 55346.55949678 30.58 303.855285 -28.707804 11.485
 89    55.430 55346.55949742 30.59 303.854415 -28.711084 11.485
 89    55.800 55346.55949807 27.92 303.853535 -28.714364 11.485
 89    56.424 55346.55949871 26.50 303.852665 -28.717644 11.485
 89    56.342 55346.55949936 28.13 303.851795 -28.720924 11.485
 89    56.240 55346.55950000 29.90 303.850925 -28.724204 11.485
 90    55.089 55381.55948753 22.23 303.856732 -28.702386 11.277
 90    54.870 55381.55948817 26.52 303.855862 -28.705666 11.277
 90    55.473 55381.55948882 23.67 303.854992 -28.708946 11.277
 90    55.271 55381.55948946 24.12 303.854122 -28.712236 11.277
 90    55.673 55381.55949011 23.01 303.853252 -28.715516 11.277
 90    56.232 55381.55949075 22.99 303.852372 -28.718796 11.277
 90    56.055 55381.55949140 25.86 303.851502 -28.722076 11.277
 91    51.530 55416.55951610 47.51 303.852267 -28.710610 24.474
 91    51.479 55416.55951674 50.63 303.851397 -28.713890 24.474
 91    51.304 55416.55951739 48.67 303.850517 -28.717170 24.474
 91    51.370 55416.55951803 45.45 303.849647 -28.720450 24.474
 91    51.372 55416.55951868 47.46 303.848777 -28.723730 24.474
 91    51.369 55416.55951932 47.44 303.847907 -28.727010 24.474
 91    51.356 55416.55951997 47.06 303.847027 -28.730290 24.474
 92    48.794 55451.55949792 40.32 303.858779 -28.700754 19.424
 92    48.442 55451.55949857 38.49 303.857899 -28.704034 19.424
 92    54.510 55451.55949921 26.70 303.857029 -28.707314 19.424
 92    54.581 55451.55949986 25.94 303.856159 -28.710594 19.424
 92    48.969 55451.55950050 32.01 303.855289 -28.713874 19.424
 92    55.452 55451.55950115 27.43 303.854419 -28.717164 19.424
 93    55.515 55486.55942029 19.26 303.862480 -28.695120 14.968
 93    55.425 55486.55942094 19.07 303.861610 -28.698400 14.968
 93    55.395 55486.55942158 18.52 303.860740 -28.701690 14.968
 93    55.451 55486.55942223 20.40 303.859870 -28.704970 14.968
 93    55.602 55486.55942287 21.45 303.859000 -28.708250 14.968
 93    55.631 55486.55942351 22.91 303.858120 -28.711530 14.968
 93    55.756 55486.55942416 24.62 303.857250 -28.714810 14.968
