# NaN NaN NaN ;Mean Elev.(m), Avg Gradient(m/km), RMS Gradient(m/km) - SRTM1     
#   11.671   0.221   0.971 ;Mean Elev.(m), Avg Gradient(m/km), RMS Gradient(m/km) - ASTER GDEM
#    1.005  -0.018   0.634 ;Mean Elev.(m), Avg Gradient(m/km), RMS Gradient(m/km) - GMTED2010 
  7 301.861919 -32.813713     1.881     1.919  6 52476.09359495 25.065
  8 301.872652 -32.821296     2.177     2.182 21 52511.09354566 29.744
  9 301.874102 -32.821057     4.199     4.169 21 52546.09356580 31.369
 10 301.871282 -32.826995     4.641     4.658 19 52581.09358723 47.635
 12 301.874402 -32.813089     2.454     2.494 18 52651.09353661 23.911
 13 301.871020 -32.822907     1.829     1.828 22 52686.09352498 20.317
 14 301.870189 -32.826869     2.827     2.911 18 52721.09357444 35.539
 16 301.874208 -32.820676     2.926     2.940 22 52791.09354837 48.693
 17 301.875262 -32.821064     1.943     1.946 22 52826.09361737 51.628
 18 301.874958 -32.815315     2.510     2.509 19 52861.09366411 49.307
 19 301.868558 -32.830124     2.345     2.354 18 52896.09369173 26.120
 21 301.875156 -32.819964     2.162     2.173 22 52966.09363774 22.635
 24 301.870570 -32.826277     1.020     0.808 19 53071.09363807 22.254
 26 301.872032 -32.821319     1.820     1.816 21 53141.09364640 51.341
 27 301.870988 -32.824295     1.042     1.009 20 53176.09367607 41.481
 28 301.868984 -32.829499     1.348     1.279 18 53211.09369389 29.398
 29 301.870311 -32.827105     1.301     1.311 19 53246.09366217 39.090
 30 301.870767 -32.821598     1.780     1.766 21 53281.09364841 23.335
 31 301.871415 -32.821596     2.864     2.902 21 53316.09366049 37.116
 32 301.872090 -32.822565     1.072     1.088 22 53351.09362592 38.510
 33 301.872361 -32.820915     1.574     1.550 22 53386.09361068 33.698
 34 301.875020 -32.815109     1.365     1.349 18 53421.09361523 24.295
 35 301.874975 -32.812931     1.295     1.292 18 53456.09362108 52.171
 37 301.872986 -32.820120     3.362     3.362 22 53526.09368838 51.010
 39 301.872198 -32.822386     1.120     1.114 22 53596.09365443 42.738
 40 301.870632 -32.827200     1.949     2.013 19 53631.09364785 27.647
 41 301.868151 -32.830081     3.049     3.051 17 53666.09367030 27.456
 42 301.871246 -32.822054     1.342     1.336 22 53701.09362274 36.682
 43 301.870946 -32.826141     1.175     1.347 19 53736.09353236 38.701
 44 301.875067 -32.815441     1.716     1.732 18 53771.09353801 18.950
 45 301.871222 -32.824286     1.537     1.460 21 53806.09352793 27.077
 47 301.872909 -32.821025     2.020     2.013 22 53876.09359623 37.161
 48 301.863114 -32.816164     1.573     1.537  8 53911.09364614 26.745
 50 301.863812 -32.816907     2.648     2.644 10 53981.09360970 49.687
 51 301.875202 -32.820896     1.218     1.222 22 54016.09363035 48.255
 52 301.875076 -32.811801     1.972     1.987 17 54051.09363166 23.028
 53 301.870916 -32.827658     1.595     1.580 19 54086.09362043 48.155
 54 301.861383 -32.812665     1.817     1.813  5 54121.09354961 25.025
 55 301.870674 -32.827651     1.129     1.269 19 54156.09358020 39.783
 56 301.868036 -32.829355     3.274     3.273 17 54191.09354376 28.056
 57 301.871112 -32.825878     2.432     2.484 20 54226.09359139 28.346
 58 301.870941 -32.823622     1.945     1.941 20 54261.09361242 27.191
 59 301.871078 -32.824498     1.735     1.704 20 54296.09361625 42.131
 60 301.870961 -32.825447     2.274     2.251 19 54331.09360753 34.375
 61 301.867992 -32.829248     2.204     2.212 17 54366.09355044 19.810
 62 301.870990 -32.821678     2.753     2.735 21 54401.09355030 40.509
 63 301.869257 -32.829706     1.891     1.853 18 54436.09350592 25.193
 64 301.874221 -32.821302     1.845     1.839 22 54471.09353456 25.476
 65 301.869308 -32.829775     1.472     1.472 18 54506.09351891 45.311
 66 301.871519 -32.822324     1.100     1.115 22 54541.09354897 36.028
 67 301.869041 -32.829801     1.424     1.419 18 54576.09352057 25.431
 68 301.871175 -32.825617     1.061     1.002 19 54611.09354090 24.913
 69 301.870784 -32.827241     1.402     1.221 19 54646.09354747 48.113
 70 301.870346 -32.827577     2.018     2.020 18 54681.09354851 36.941
 71 301.869227 -32.829523     2.041     2.102 18 54716.09349801 25.433
 72 301.870556 -32.821167     1.259     1.211 22 54751.09352119 47.651
 73 301.869688 -32.827810     3.480     3.448 19 54786.09348687 32.800
 74 301.872058 -32.821305     1.530     1.514 21 54821.09351418 34.622
 75 301.870341 -32.827658     1.282     1.316 18 54856.09348390 45.868
 76 301.869632 -32.828454     0.945     0.981 19 54891.09351651 35.729
 77 301.861999 -32.813362     1.225     1.156  7 54926.09348473 28.016
 78 301.871240 -32.827058     1.218     1.230 18 54961.09351578 47.936
 79 301.868780 -32.828228     0.931     0.931 18 54996.09353707 42.649
 80 301.870466 -32.827596     1.730     1.756 19 55031.09352630 23.971
 81 301.870435 -32.826535     2.204     2.165 19 55066.09351679 47.575
 82 301.860483 -32.810299     3.178     3.137  4 55101.09346190 30.564
 83 301.871098 -32.821793     2.332     2.341 22 55136.09346280 30.206
 84 301.869484 -32.828049     5.927     5.974 19 55171.09342430 27.316
 85 301.870895 -32.821218     2.793     2.814 22 55206.09345699 30.757
 86 301.867952 -32.829515     3.460     3.455 18 55241.09342995 32.281
 87 301.870231 -32.828294     2.199     2.231 18 55276.09344882 32.598
 88 301.869191 -32.830114     2.230     2.163 18 55311.09341452 23.369
 89 301.871227 -32.825464     2.851     2.882 20 55346.09341962 37.112
 90 301.870200 -32.828520     1.960     1.885 18 55381.09341101 42.965
 91 301.871926 -32.821595     2.298     2.331 21 55416.09343926 35.657
 92 301.870351 -32.828032     2.184     2.139 18 55451.09342270 34.452
 93 301.868558 -32.829339     2.164     2.178 17 55486.09334603 25.234
