-211470.042   121.471     0.00   11.79
-211094.379   115.790   -15.12   13.40
-210718.702   108.646   -19.01   15.19
-210343.010   101.493   -19.03   14.00
-209967.303    97.270   -11.24   11.77
-209591.581    97.857     1.56   12.88
-209215.844    94.529    -8.86   13.67
-208840.093    93.418    -2.96   12.33
-208464.326    94.697     3.40   15.51
-208088.545   101.410    17.86   21.20
-207712.749   111.539    26.95   18.20
-207336.939   118.643    18.90   12.19
-206961.113   121.291     7.04   12.16
-206585.273   122.304     2.70   13.95
-206209.417   121.475    -2.21   15.17
-205833.547   113.721   -20.63   22.17
-205457.662   103.638   -26.82   18.03
-205081.762   101.458    -5.80   13.91
-204705.848   107.883    17.09   14.37
-204329.918   117.621    25.90   15.78
-203953.974   132.185    38.73   18.80
-203578.014   143.256    29.44   15.93
-203202.040   146.291     8.07   13.94
-202826.051   141.981   -11.46   18.99
-202450.047   135.220   -17.98   16.12
-202074.029   129.053   -16.40   13.46
-201697.995   125.968    -8.20   11.16
-201321.947   123.339    -6.99   13.03
-200945.883   119.493   -10.22   13.95
-200569.805   119.304    -0.50   12.89
-200193.712   119.672     0.98   10.70
-199817.604   122.743     8.17   12.71
-199441.481   128.958    16.52   14.72
-199065.343   135.077    16.27   14.17
-198689.190   136.053     2.59   13.69
-198313.022   136.012    -0.11   15.29
-197936.839   133.696    -6.16   15.46
-197560.642   132.481    -3.23   16.20
-197184.429   135.418     7.80   15.50
-196808.202   140.767    14.22   17.59
-196431.960   148.648    20.94   19.05
-196055.702   151.883     8.60   15.42
-195679.430   149.371    -6.67   18.92
-195303.143   142.394   -18.54   19.80
-194926.841   135.929   -17.18   14.91
-194550.524   136.906     2.60   15.47
-194174.192   146.426    25.29   20.27
-193797.845   158.886    33.10   19.22
-193421.483   169.860    29.15   17.54
-193045.106   176.697    18.16   13.41
-192668.714   182.648    15.81   13.90
-192292.307   189.371    17.86   14.46
-191915.885   195.720    16.86   15.14
-191539.448   200.934    13.85   10.36
-191162.996   199.953    -2.61   10.19
-190786.530   193.315   -17.63   14.43
-190410.048   182.743   -28.08   18.76
-190033.551   174.426   -22.09   18.46
-189657.039   165.743   -23.06   18.97
-189280.512   157.394   -22.17   20.76
-188903.971   151.600   -15.39   21.57
-188527.414   137.910   -36.35   20.86
-188150.842   126.092   -31.38   19.51
-187774.255   118.621   -19.84   17.67
-187397.653   109.451   -24.35   13.60
-187021.036   106.743    -7.19   12.07
-186644.404   106.377    -0.97   13.46
-186267.758   103.934    -6.49   14.58
-185891.096   101.267    -7.08   14.20
-185514.419   101.012    -0.68   13.93
-185137.726    98.220    -7.41   12.79
-184761.019   100.018     4.77   13.58
-184384.297   104.410    11.66   16.62
-184007.560   115.053    28.25   18.01
-183630.808   124.464    24.98   15.58
-183254.040   135.220    28.54   12.56
-182877.258   145.077    26.16   11.60
-182502.884   152.929    20.97   10.60
-182129.063   153.938     2.70   10.91
-181755.228   148.481   -14.60   15.40
-181381.378   136.124   -33.05   17.61
-181007.513   127.468   -23.15   12.68
-180633.633   130.084     7.00   15.14
-180259.738   136.025    15.89   14.93
-179885.829   141.976    15.91   14.72
-179511.905   145.883    10.45   14.07
-179137.965   149.883    10.70   14.23
-178764.011   158.243    22.35   16.96
-178390.043   169.164    29.20   18.88
-178016.059   181.289    32.41   17.20
-177642.060   189.564    22.12   12.57
-177268.047   190.441     2.34   12.55
-176894.019   184.410   -16.12   16.94
-176519.975   169.818   -39.01   22.04
-176145.917   152.039   -47.52   22.67
-175771.844   141.085   -29.28   17.19
-175397.757   138.953    -5.70   15.27
-175023.654   142.813    10.32   15.85
-174649.536   150.100    19.48   14.94
-174275.404   157.505    19.79   16.79
-173901.256   166.795    24.82   20.05
-173527.094   180.046    35.41   17.85
-173152.917   192.593    33.53   14.76
-172778.725   200.841    22.04   16.20
-172404.518   207.886    18.82   16.79
-172030.296   209.695     4.83   15.60
-171656.059   208.553    -3.05   15.23
-171281.807   202.053   -17.37   16.68
-170907.540   192.553   -25.38   19.12
-170533.259   185.481   -18.89   18.12
-170158.962   174.348   -29.74   16.99
-169784.651   173.386    -2.57   16.62
-169410.324   181.371    21.33   17.94
-169035.983   189.696    22.23   17.35
-168661.626   197.791    21.62   11.98
-168287.255   199.865     5.54   10.15
-167912.869   196.488    -9.02   13.50
-167538.467   191.743   -12.67   14.92
-167164.051   183.834   -21.12   15.72
-166789.620   176.604   -19.31   15.81
-166415.174   170.139   -17.26   15.77
-166040.713   164.362   -15.42   16.72
-165666.237   162.719    -4.39   13.72
-165291.746   163.255     1.43   12.55
-164917.240   160.958    -6.13   10.14
-164542.719   158.315    -7.06    9.22
-164168.182   152.529   -15.45   10.85
-163793.631   143.524   -24.04   15.87
-163419.065   131.068   -33.25   17.59
-163044.484   120.604   -27.93   17.63
-162669.888   113.143   -19.91   12.56
-162295.277   114.100     2.55   14.13
-161920.651   123.791    25.86   20.34
-161546.010   134.232    27.86   18.44
-161171.354   141.791    20.17   16.51
-160796.683   144.154     6.31   15.35
-160421.997   145.380     3.27   13.28
-160047.295   149.402    10.73   12.42
-159672.579   155.124    15.27   12.60
-159297.848   159.648    12.07   10.58
-158923.102   160.218     1.52   10.49
-158548.340   157.471    -7.33   13.11
-158173.564   149.743   -20.62   15.40
-157798.772   145.883   -10.30   13.42
-157423.966   149.046     8.44   13.26
-157049.144   153.301    11.35   11.79
-156674.307   154.766     3.91    8.58
-156299.456   152.243    -6.73   11.18
-155924.589   144.948   -19.46   12.87
-155549.707   134.093   -28.95   15.42
-155174.810   123.948   -27.06   18.29
-154799.898   111.934   -32.04   21.25
-154424.971   101.231   -28.54   21.94
-154050.028    90.380   -28.94   21.57
-153675.071    84.454   -15.80   17.44
-153300.099    81.648    -7.48   14.55
-152925.111    79.139    -6.69   13.48
-152550.108    77.291    -4.93   12.68
-152175.091    77.880     1.57   13.43
-151800.058    82.205    11.53   16.56
-151425.010    88.902    17.86   17.94
-151049.947    93.910    13.35   14.10
-150674.868    94.581     1.79   11.33
-150299.775    92.886    -4.52   12.18
-149924.667    93.499     1.63   11.90
-149549.543   101.357    20.94   13.78
-149174.404   108.193    18.22   11.05
-148799.250   114.553    16.95    9.78
-148424.081   116.648     5.58    9.40
-148048.897   113.987    -7.09   11.66
-147673.698   113.278    -1.89   11.76
-147298.483   111.918    -3.62   11.42
-146923.253   113.958     5.43   10.31
-146548.009   118.280    11.52    9.47
-146172.749   122.557    11.40   12.05
-145797.473   133.148    28.22   16.63
-145422.183   144.767    30.95   17.73
-145046.877   156.553    31.40   14.77
-144671.557   160.148     9.58   13.86
-144296.221   155.362   -12.75   16.98
-143920.870   147.630   -20.60   17.33
-143545.503   139.862   -20.69   17.19
-143170.122   134.425   -14.48   16.21
-142794.725   129.208   -13.89   14.19
-142419.313   124.695   -12.02   11.79
-142043.886   121.362    -8.87   11.81
-141668.444   115.883   -14.59   14.86
-141292.986   106.092   -26.07   19.08
-140917.513    98.902   -19.15   19.73
-140542.025    89.627   -24.70   15.14
-140166.522    82.529   -18.90   15.38
-139791.004    76.963   -14.82   16.08
-139415.470    76.053    -2.42   17.35
-139039.921    73.196    -7.61   16.27
-138664.357    70.999    -5.85   14.69
-138288.777    66.291   -12.53   14.67
-137913.183    59.325   -18.55   14.41
-137537.573    47.220   -32.22   17.78
-137161.947    31.934   -40.69   20.02
-136786.307    24.883   -18.77   19.82
-136410.651    25.362     1.28   22.92
-136034.980    33.481    21.61   28.11
-135659.294    46.627    34.99   30.37
-135283.592    63.434    44.73   25.44
-134907.876    75.377    31.79   23.02
-134532.143    89.934    38.74   18.47
-134156.396   101.646    31.17   16.17
-133780.633   109.100    19.84   14.39
-133404.855   118.553    25.15   15.15
-133029.062   125.402    18.22   10.44
-132653.253   125.339    -0.17    9.84
-132277.429   124.384    -2.54   10.46
-131901.590   117.220   -19.06   12.84
-131525.736   108.267   -23.82   15.07
-131149.866   103.883   -11.66   14.33
-130773.981   107.672    10.08   15.79
-130398.080   113.282    14.92   18.54
-130022.164   124.425    29.64   16.68
-129646.233   132.817    22.32   11.68
-129270.287   133.458     1.71   14.51
-128894.325   127.481   -15.89   13.39
-128518.348   120.743   -17.92   13.18
-128142.355   115.243   -14.63   13.11
-127766.347   105.538   -25.81   12.57
-127390.324    99.604   -15.78   11.45
-127014.285    99.534    -0.19   10.86
-126638.232    99.348    -0.49   10.74
-126262.162    93.880   -14.54   19.12
-125886.078    82.954   -29.05   24.42
-125509.977    66.562   -43.58   23.89
-125133.862    50.600   -42.43   14.52
-124757.731    48.278    -6.17   11.17
-124381.585    54.410    16.30   15.32
-124005.423    66.664    32.57   19.14
-123629.246    81.812    40.26   20.81
-123253.054    93.513    31.10   15.15
-122876.846    92.386    -2.99   15.79
-122500.623    76.607   -41.94   27.08
-122124.384    62.268   -38.11   24.82
-121748.130    57.493   -12.69   19.64
-121371.861    56.897    -1.58   18.77
-120995.576    59.925     8.05   16.96
-120619.276    63.208     8.72   13.70
-120242.960    61.505    -4.53   13.60
-119866.629    64.698     8.48   15.19
-119490.282    71.638    18.44   15.50
-119113.920    82.448    28.72   17.65
-118737.543    90.377    21.07   13.83
-118361.150    89.993    -1.02   12.80
-117984.742    87.005    -7.94   13.83
-117608.318    80.538   -17.18   11.96
-117231.879    74.471   -16.12   10.11
-116855.424    73.948    -1.39    9.40
-116478.954    79.672    15.20   13.60
-116102.468    88.022    22.18   16.90
-115725.967    98.793    28.61   14.66
-115349.450   106.516    20.51   11.27
-114972.918   108.375     4.94   10.70
-114596.371   107.175    -3.19   11.94
-114219.808   106.976    -0.53   11.23
-113843.229   110.278     8.77    9.48
-113466.635   112.999     7.22    8.31
-113090.025   116.102     8.24   10.78
-112713.400   117.721     4.30   13.95
-112336.760   116.621    -2.92   14.63
-111960.104   114.325    -6.10   10.95
-111583.432   114.862     1.43   10.31
-111206.745   115.923     2.81    9.51
-110830.043   121.084    13.70    9.15
-110453.324   121.875     2.10    9.58
-110076.591   122.329     1.20   10.14
-109699.842   124.092     4.68   10.92
-109323.077   125.304     3.22   10.80
-108946.296   128.743     9.13   10.81
-108569.501   133.349    12.22   10.35
-108192.689   141.697    22.15   14.71
-107816.690   151.883    27.09   18.03
-107442.938   161.577    25.93   18.17
-107069.170   173.529    31.98   16.50
-106695.387   181.418    21.10   14.72
-106321.588   186.243    12.91   15.74
-105947.775   189.043     7.49   15.78
-105573.945   189.410     0.98   18.24
-105200.101   187.100    -6.18   16.87
-104826.241   185.597    -4.02   17.57
-104452.366   181.092   -12.05   20.00
-104078.476   183.976     7.71   21.06
-103704.570   199.696    42.04   33.80
-103330.649   218.172    49.41   34.65
-102956.713   228.999    28.95   37.73
-102582.761   239.813    28.92   49.46
-102208.794   251.650    31.65   56.89
-101834.812   261.607    26.62   58.68
-101460.814   268.906    19.51   57.46
-101086.801   269.648     1.98   56.59
-100712.773   242.085   -73.69   57.84
-100338.729   210.148   -85.38   55.57
 -99964.670   186.394   -63.50   43.32
 -99590.596   168.448   -47.97   30.56
 -99216.506   162.534   -15.81   26.38
 -98842.401   161.743    -2.11   27.12
 -98468.280   162.124     1.02   26.93
 -98094.144   163.182     2.83   24.11
 -97719.993   163.720     1.44   25.01
 -97345.826   167.529    10.18   29.42
 -96971.644   164.505    -8.08   31.14
 -96597.447   153.720   -28.82   35.62
 -96223.234   138.243   -41.35   24.23
 -95849.005   128.648   -25.64   20.61
 -95474.762   125.621    -8.09   22.66
 -95100.503   122.883    -7.32   23.82
 -94726.228   114.499   -22.40   23.69
 -94351.938   106.220   -22.12   16.47
 -93977.633   104.813    -3.76   12.44
 -93603.312   108.914    10.95   14.37
 -93228.976   111.152     5.98   13.86
 -92854.624   110.077    -2.87   14.58
 -92480.257   107.539    -6.78   14.71
 -92105.874   111.791    11.36   20.29
 -91731.476   121.627    26.27   24.22
 -91357.063   133.291    31.15   24.36
 -90982.634   136.638     8.94   25.16
 -90608.190   127.380   -24.72   26.36
 -90233.730   115.154   -32.65   22.18
 -89859.255   103.929   -29.97   13.92
 -89484.764    97.720   -16.58    9.02
 -89110.258    96.976    -1.99    8.55
 -88735.736   100.493     9.39   11.45
 -88361.199   107.428    18.51   15.04
 -87986.647   115.175    20.68   19.02
 -87612.078   124.077    23.76   19.11
 -87237.495   141.152    45.58   26.50
 -86862.896   168.958    74.22   50.68
 -86488.281   181.077    32.35   51.39
 -86113.651   185.743    12.46   50.53
 -85739.006   173.846   -31.75   41.28
 -85364.344   159.862   -37.32   23.93
 -84989.668   169.674    26.18   33.32
 -84614.976   202.434    87.43   63.59
 -84240.268   256.493   144.26   76.44
 -83865.545   291.179    92.56   62.28
 -83490.806   278.698   -33.30   70.31
 -83116.052   247.172   -84.12   74.70
 -82741.282   237.371   -26.15   71.26
 -82366.497   245.839    22.59   71.91
 -81991.696   247.499     4.43   66.43
 -81616.880   242.562   -13.17   62.53
 -81242.048   230.593   -31.93   57.35
 -80867.201   240.767    27.14   58.35
 -80492.338   277.325    97.52   57.71
 -80117.459   315.434   101.65   38.28
 -79742.565   337.362    58.49   22.84
 -79367.655   346.641    24.75   22.34
 -78992.730   354.976    22.23   19.67
 -78617.789   360.792    15.51   21.40
 -78242.833   364.720    10.47   17.31
 -77867.861   365.077     0.95   12.47
 -77492.873   362.148    -7.81   14.43
 -77117.870   357.815   -11.55   16.34
 -76742.851   350.077   -20.63   19.97
 -76367.817   339.175   -29.07   21.46
 -75992.767   332.860   -16.84   20.84
 -75617.701   326.534   -16.86   19.64
 -75242.620   325.862    -1.79   19.92
 -74867.523   325.534    -0.88   20.39
 -74492.411   325.362    -0.46   20.07
 -74117.282   318.148   -19.23   21.85
 -73742.139   309.934   -21.90   23.79
 -73366.979   302.976   -18.55   21.70
 -72991.805   292.139   -28.88   20.35
 -72616.614   282.971   -24.43   13.62
 -72241.408   282.999     0.08   14.11
 -71866.186   292.815    26.16   20.82
 -71490.948   309.767    45.18   22.58
 -71115.695   320.743    29.25   17.20
 -70740.426   323.488     7.31   13.59
 -70365.142   320.221    -8.70   16.47
 -69989.842   313.674   -17.44   17.95
 -69614.526   306.953   -17.91   18.83
 -69239.194   304.304    -7.06   17.87
 -68863.847   302.910    -3.71   16.76
 -68488.485   298.743   -11.10   15.32
 -68113.106   295.325    -9.11   13.19
 -67737.712   292.371    -7.87   12.08
 -67362.302   291.301    -2.85    8.97
 -66986.876   287.720    -9.54    9.98
 -66611.435   277.458   -27.33   19.26
 -66235.978   265.139   -32.81   20.91
 -65860.505   256.906   -21.92   18.19
 -65485.017   251.886   -13.37   14.45
 -65109.513   256.675    12.75   18.47
 -64733.993   267.743    29.47   22.50
 -64358.458   278.377    28.32   17.29
 -63982.906   279.910     4.08   11.50
 -63607.339   281.278     3.64   11.60
 -63231.757   281.958     1.81   14.73
 -62856.158   285.325     8.96   14.40
 -62480.544   285.839     1.37   13.23
 -62104.914   283.362    -6.59   12.24
 -61729.268   275.934   -19.77   11.49
 -61353.607   268.069   -20.94   12.43
 -60977.930   256.451   -30.92   14.53
 -60602.237   246.243   -27.17   14.54
 -60226.528   236.077   -27.06   12.94
 -59850.803   228.218   -20.91   11.89
 -59475.063   224.334   -10.34   11.60
 -59099.307   219.524   -12.80   10.45
 -58723.535   219.624     0.27   11.74
 -58347.748   218.291    -3.55   13.11
 -57971.944   216.791    -3.99   15.38
 -57596.125   211.581   -13.86   14.23
 -57220.290   208.307    -8.71   13.98
 -56844.439   200.464   -20.87   15.07
 -56468.573   196.696   -10.03   15.83
 -56092.691   195.906    -2.10   16.89
 -55716.792   201.860    15.84   20.40
 -55340.878   209.993    21.64   20.22
 -54964.949   217.971    21.22   16.39
 -54589.003   228.036    26.77   17.52
 -54213.042   237.529    25.25   19.83
 -53837.064   254.278    44.55   19.16
 -53461.071   265.529    29.92   15.78
 -53085.062   275.380    26.20   11.93
 -52709.037   280.410    13.38    9.61
 -52332.997   278.016    -6.37   12.31
 -51956.940   271.505   -17.31   14.58
 -51580.868   265.394   -16.25   11.77
 -51204.780   264.232    -3.09   10.82
 -50828.676   263.901    -0.88   10.80
 -50452.556   263.130    -2.05   11.73
 -50076.420   267.036    10.38   11.46
 -49700.268   269.670     7.00   12.75
 -49324.101   273.767    10.89   12.14
 -48947.917   280.182    17.05   12.15
 -48571.718   281.425     3.30   13.89
 -48195.503   281.743     0.85   15.82
 -47819.272   282.697     2.53   15.87
 -47443.025   283.139     1.17   13.18
 -47066.762   281.767    -3.65   13.35
 -46690.483   284.334     6.82   14.30
 -46314.189   286.612     6.05   14.04
 -45937.878   284.039    -6.84   14.30
 -45561.552   274.768   -24.63   18.24
 -45185.209   260.999   -36.59   18.22
 -44808.851   252.836   -21.69   14.95
 -44432.477   252.268    -1.51   17.51
 -44056.087   261.948    25.72   19.90
 -43679.680   271.179    24.52   15.12
 -43303.258   269.929    -3.32   19.19
 -42926.820   263.152   -18.00   19.49
 -42550.366   260.604    -6.77   16.13
 -42173.897   267.107    17.27   16.39
 -41797.411   273.454    16.86   14.20
 -41420.909   273.902     1.19   11.09
 -41044.391   268.481   -14.40   13.02
 -40667.857   262.185   -16.72   13.23
 -40291.308   260.743    -3.83   13.34
 -39914.742   262.154     3.74   12.37
 -39538.160   261.130    -2.72   17.05
 -39161.563   261.000    -0.35   18.99
 -38784.949   260.301    -1.85   17.98
 -38408.320   265.857    14.75   17.71
 -38031.674   273.243    19.61   17.84
 -37655.012   279.243    15.93   13.04
 -37278.335   277.718    -4.05   13.72
 -36901.641   265.880   -31.43   19.21
 -36524.932   249.857   -42.53   18.35
 -36148.206   239.836   -26.60   14.05
 -35771.464   232.971   -18.22   13.86
 -35394.707   227.901   -13.45   14.19
 -35017.933   219.675   -21.83   16.37
 -34641.143   211.792   -20.92   15.20
 -34264.338   209.107    -7.13   13.95
 -33887.516   203.860   -13.92   12.45
 -33510.678   201.077    -7.38   14.32
 -33133.824   202.539     3.88   18.51
 -32759.263   201.795    -1.99   20.44
 -32385.559   204.441     7.08   20.31
 -32011.838   207.441     8.03   19.00
 -31638.102   208.557     2.99   17.76
 -31264.350   211.993     9.19   14.85
 -30890.582   206.307   -15.21   15.91
 -30516.799   195.584   -28.69   23.12
 -30142.999   188.158   -19.87   21.28
 -29769.184   193.720    14.88   25.94
 -29395.353   203.720    26.75   27.69
 -29021.506   214.231    28.12   19.43
 -28647.644   215.539     3.50   16.27
 -28273.765   208.846   -17.90   17.65
 -27899.871   191.243   -47.08   32.02
 -27525.961   176.029   -40.69   34.14
 -27152.035   158.790   -46.10   33.35
 -26778.094   133.362   -68.00   39.01
 -26404.136   117.402   -42.68   38.84
 -26030.163   114.175    -8.63   41.57
 -25656.174   120.668    17.36   46.48
 -25282.169   123.046     6.36   47.47
 -24908.148   121.557    -3.98   45.75
 -24534.111   104.581   -45.39   40.83
 -24160.059   107.577     8.01   43.16
 -23785.990   128.196    55.12   53.08
 -23411.906   162.648    92.10   48.98
 -23037.806   183.621    56.06   24.52
 -22663.690   173.791   -26.28   35.52
 -22289.558   135.198  -103.15   59.68
 -21915.411   101.648   -89.67   54.51
 -21541.247    87.232   -38.53   40.18
 -21167.068    98.906    31.20   48.42
 -20792.872   129.005    80.44   49.42
 -20418.661   156.910    74.57   36.86
 -20044.434   164.650    20.68   27.93
 -19670.191   165.348     1.86   28.66
 -19295.932   171.883    17.46   30.82
 -18921.657   172.039     0.42   28.69
 -18547.366   179.022    18.66   28.49
 -18173.060   183.672    12.42   25.81
 -17798.737   186.220     6.81   22.43
 -17424.399   196.243    26.78   19.08
 -17050.044   208.394    32.46   18.50
 -16675.674   215.562    19.14   13.74
 -16301.288   212.255    -8.83   16.44
 -15926.886   200.880   -30.38   23.55
 -15552.468   178.100   -60.84   32.37
 -15178.034   155.207   -61.14   36.00
 -14803.584   136.929   -48.81   35.98
 -14429.118   118.371   -49.56   30.61
 -14054.636   109.790   -22.92   29.90
 -13680.138    96.627   -35.15   27.00
 -13305.624    84.813   -31.54   24.37
 -12931.094    73.630   -29.86   26.49
 -12556.548    58.291   -40.95   19.66
 -12181.987    50.046   -22.01   15.10
 -11807.409    43.481   -17.52   12.19
 -11432.815    45.243     4.70   15.91
 -11058.206    50.813    14.87   19.92
 -10683.580    56.377    14.85   25.96
 -10308.938    68.418    32.14   30.92
  -9934.281    85.743    46.24   37.54
  -9559.607   102.650    45.12   39.84
  -9184.917   111.362    23.25   32.34
  -8810.212   110.581    -2.09   27.86
  -8435.490   104.243   -16.91   28.94
  -8060.752    91.743   -33.36   22.17
  -7685.998    87.812   -10.49   20.19
  -7311.229    90.818     8.02   19.74
  -6936.443    88.958    -4.96   22.02
  -6561.641    86.720    -5.97   20.65
  -6186.823    91.743    13.40   23.92
  -5811.989    96.607    12.98   21.70
  -5437.139    98.928     6.19   19.79
  -5062.274    92.766   -16.44   21.11
  -4687.391    80.548   -32.59   18.92
  -4312.493    67.953   -33.60   16.46
  -3937.579    55.697   -32.69   14.27
  -3562.649    46.207   -25.31   11.38
  -3187.703    40.993   -13.90   10.44
  -2812.740    35.564   -14.48   10.06
  -2437.762    30.789   -12.73   11.21
  -2062.768    25.627   -13.76   11.57
  -1687.757    21.929    -9.86    8.07
  -1312.730    16.539   -14.37    6.13
   -937.688    12.585   -10.54    6.81
   -562.629     8.175   -11.76    8.14
   -187.554     4.051   -11.00    7.52
    187.537     0.674    -9.00    5.13
    562.644     1.221     1.46    7.34
    937.768     2.999     4.74    8.94
   1312.907     5.607     6.95    9.38
   1688.063     7.375     4.71    9.56
   2063.234    10.039     7.10   10.69
   2438.422    12.720     7.15   10.66
   2813.626    12.766     0.12    9.70
   3188.846    11.836    -2.48    9.91
   3564.082     7.795   -10.77    7.27
   3939.334     8.516     1.92    7.56
   4314.603     9.974     3.89    8.02
   4689.887    10.791     2.18    8.04
   5065.188    10.448    -0.91    8.13
   5440.505     6.958    -9.30    6.53
   5815.838     6.925    -0.09    6.10
   6191.187     9.322     6.39    7.45
   6566.553    11.925     6.93    7.44
   6941.934    16.371    11.84    8.43
   7317.332    20.357    10.62    9.02
   7692.746    26.139    15.40    9.26
   8068.176    30.795    12.40    6.92
   8443.623    30.675    -0.32    7.72
   8819.085    31.769     2.91    8.17
   9194.564    35.148     9.00    9.72
   9570.059    39.906    12.67   10.95
   9945.570    43.488     9.54    8.12
  10321.097    45.016     4.07    8.10
  10696.641    42.256    -7.35   11.02
  11072.200    36.834   -14.44   10.45
  11447.776    33.958    -7.66    8.07
  11823.369    35.185     3.27    8.28
  12198.977    37.910     7.25    8.12
  12574.602    39.018     2.95    7.80
  12950.243    34.675   -11.56   10.89
  13325.900    27.993   -17.79   10.94
  13701.573    20.767   -19.24   10.21
  14077.263    16.162   -12.26    7.56
  14452.969    14.092    -5.51    7.93
  14828.691    14.448     0.95   10.05
  15204.429    16.795     6.25   10.61
  15580.184    15.062    -4.61   10.44
  15955.955    10.672   -11.68   11.14
  16331.742     5.115   -14.79    9.56
  16707.546     2.767    -6.25    6.35
  17083.365     7.060    11.42    9.58
  17459.201    10.334     8.71    8.96
  17835.054    11.918     4.21    8.42
  18210.922     9.394    -6.71    9.62
  18586.807     4.929   -11.88    7.30
  18962.709     3.267    -4.42    4.82
  19338.626     4.386     2.98    6.45
  19714.560     7.384     7.98    8.44
  20090.510     9.675     6.09    7.86
  20466.477    11.696     5.37    6.96
  20842.459    13.674     5.26    6.18
  21218.459    15.505     4.87    5.70
  21594.474    19.817    11.47    7.99
  21970.506    27.812    21.26   10.90
  22346.554    35.018    19.16   12.13
  22722.619    44.929    26.36   15.51
  23098.699    63.162    48.48   23.88
  23474.797    82.624    51.75   32.69
  23850.910   103.481    55.46   29.75
  24227.040   115.820    32.81   22.40
  24603.186   113.993    -4.86   24.86
  24979.349   113.304    -1.83   25.80
  25355.528   116.022     7.23   24.86
  25731.723   113.672    -6.25   21.41
  26107.935   112.743    -2.47   18.74
  26484.163   110.971    -4.71   15.74
  26860.407   106.793   -11.10   14.64
  27236.668   100.720   -16.14   15.02
  27612.946    92.301   -22.37   11.36
  27989.239    85.100   -19.14   12.92
  28365.549    75.077   -26.64   15.05
  28741.876    64.293   -28.65   17.34
  29118.219    52.857   -30.39   15.81
  29494.578    45.890   -18.51    9.09
  29870.954    44.394    -3.97   11.36
  30247.346    46.886     6.62   14.93
  30623.755    50.426     9.41   14.84
  31000.180    50.766     0.90   14.53
  31376.621    45.818   -13.14   17.58
  31753.079    36.278   -25.34   19.99
  32129.553    25.883   -27.61   15.65
  32506.044    20.029   -15.55   11.25
  32882.551    15.790   -11.26   10.08
  33259.075    13.393    -6.37    8.67
  33635.615    14.062     1.77    8.71
  34012.172    19.934    15.60   12.61
  34388.745    28.604    23.02   14.30
  34765.334    35.743    18.96   10.89
  35141.940    40.743    13.28    9.07
  35518.563    42.357     4.28   11.38
  35895.202    42.268    -0.24   14.03
  36271.857    39.581    -7.14   14.32
  36648.529    31.650   -21.05   15.49
  37025.217    24.696   -18.46   13.58
  37401.922    22.630    -5.48   12.61
  37778.644    23.118     1.30   14.27
  38155.382    30.107    18.55   16.98
  38532.136    40.981    28.86   15.72
  38908.907    48.022    18.69   12.15
  39285.695    51.148     8.30    9.33
  39662.499    47.993    -8.37   13.20
  40039.319    37.925   -26.72   19.27
  40416.156    29.643   -21.98   19.56
  40793.010    22.553   -18.82   19.86
  41169.880    13.152   -24.94   14.88
  41546.767     8.036   -13.58   10.67
  41923.056     4.948    -8.21    5.59
  42296.688     7.293     6.28    7.87
  42670.337    10.039     7.35    9.62
  43044.001     9.577    -1.24    8.10
  43417.682    11.255     4.49    7.87
  43791.379    12.148     2.39    8.47
  44165.093    13.621     3.94    9.13
  44538.823    14.394     2.07    8.74
  44912.569    11.458    -7.86    7.54
  45286.331    10.267    -3.19    5.89
  45660.109    14.648    11.72    9.41
  46033.904    20.115    14.63   10.36
  46407.715    24.243    11.04   10.53
  46781.543    25.650     3.76   11.47
  47155.386    24.743    -2.43   11.05
  47529.246    22.720    -5.41    9.90
  47903.123    20.334    -6.38    8.23
  48277.015    18.810    -4.08    7.01
  48650.924    21.348     6.79    9.45
  49024.849    25.948    12.30   11.94
  49398.791    34.697    23.40   12.05
  49772.749    39.697    13.37    9.17
  50146.723    40.005     0.82    9.08
  50520.713    38.339    -4.46   10.07
  50894.720    32.277   -16.21   10.38
  51268.744    30.278    -5.34    9.76
  51642.783    32.062     4.77   11.14
  52016.839    36.441    11.71   13.23
  52390.911    44.557    21.70   14.16
  52765.000    49.906    14.30   12.74
  53139.105    53.410     9.37   12.30
  53513.226    57.139     9.97   12.48
  53887.364    59.880     7.33   12.73
  54261.518    64.584    12.57   12.32
  54635.689    68.394    10.18   11.03
  55009.876    71.813     9.14    9.37
  55384.079    74.046     5.97    8.15
  55758.298    75.674     4.35    7.63
  56132.534    73.232    -6.53   10.30
  56506.787    70.016    -8.59   10.91
  56881.056    69.069    -2.53    9.41
  57255.341    69.929     2.30    7.94
  57629.643    70.976     2.80    7.41
  58003.961    72.410     3.83   11.11
  58378.295    71.577    -2.23   14.17
  58752.646    68.046    -9.43   14.65
  59127.013    66.016    -5.42   12.94
  59501.397    67.148     3.02   11.58
  59875.797    70.948    10.15   11.99
  60250.214    75.999    13.49   11.55
  60624.647    77.304     3.49   12.90
  60999.097    71.477   -15.56   16.36
  61373.563    60.910   -28.22   15.86
  61748.045    52.696   -21.94   14.36
  62122.544    43.278   -25.15   11.16
  62497.059    39.115   -11.12    8.97
  62871.591    38.767    -0.93    8.43
  63246.139    43.077    11.51   10.38
  63620.704    47.380    11.49    8.76
  63995.285    49.362     5.29    7.10
  64369.883    48.220    -3.05    8.66
  64744.497    43.325   -13.07   10.85
  65119.128    35.934   -19.73   10.25
  65493.775    29.675   -16.71    8.91
  65868.439    25.719   -10.56    7.32
  66243.119    24.425    -3.45    7.97
  66617.816    24.231    -0.52    6.96
  66992.529    27.175     7.86    7.56
  67367.259    32.791    14.99   11.71
  67742.005    41.743    23.89   10.71
  68116.768    48.743    18.68    9.25
  68491.547    53.769    13.41    5.79
  68866.343    53.674    -0.25    8.08
  69241.155    48.092   -14.89   11.41
  69615.984    40.767   -19.54   11.68
  69990.829    33.152   -20.31   10.10
  70365.691    27.218   -15.83    7.97
  70740.570    25.925    -3.45    6.70
  71115.465    25.993     0.18    7.15
  71490.377    29.172     8.48    8.71
  71865.305    32.139     7.91    9.13
  72240.250    35.232     8.25    8.50
  72615.211    40.084    12.94    9.05
  72990.189    46.401    16.85    8.44
  73365.183    51.266    12.97    6.79
  73740.195    51.481     0.57    7.50
  74115.222    48.022    -9.22    9.85
  74490.267    42.325   -15.19   11.10
  74865.327    34.451   -21.00   11.00
  75240.405    26.925   -20.07   10.86
  75615.499    24.461    -6.57    9.21
  75990.610    25.812     3.60    9.25
  76365.737    28.208     6.39    9.71
  76740.881    31.720     9.36    8.40
  77116.041    33.857     5.70    8.12
  77491.218    35.231     3.66    7.85
  77866.412    39.698    11.91    8.07
  78241.623    42.589     7.71    5.30
  78616.850    41.880    -1.89    5.51
  78992.093    40.812    -2.85    5.95
  79367.354    39.999    -2.16    6.81
  79742.631    40.902     2.41    7.80
  80117.924    40.480    -1.13    7.94
  80493.235    36.539   -10.50    9.18
  80868.562    30.929   -14.95    9.35
  81243.905    26.604   -11.53    7.53
  81619.266    25.813    -2.11    6.42
  81994.643    27.158     3.58    6.15
  82370.036    31.107    10.52    7.26
  82745.447    36.538    14.47    6.73
  83120.874    42.883    16.90    7.58
  83496.317    49.562    17.79    8.59
  83871.778    53.999    11.82    6.77
  84247.255    56.834     7.55    4.28
  84622.749    56.112    -1.92    4.29
  84998.259    53.221    -7.70    5.73
  85373.786    51.451    -4.71    6.42
  85749.330    48.993    -6.54    7.68
  86124.891    45.925    -8.17    7.66
  86500.468    43.148    -7.39    9.49
  86876.062    37.948   -13.85   10.67
  87251.673    32.112   -15.54   11.19
  87627.301    25.902   -16.53   11.22
  88002.945    19.516   -17.00    8.92
  88378.606    16.441    -8.19    7.68
  88754.284    12.860    -9.53    7.72
  89129.978     9.538    -8.84    6.47
  89505.690     6.312    -8.59    6.66
  89881.418     4.487    -4.86    6.31
  90257.163     2.402    -5.55    4.56
  90632.924     1.902    -1.33    4.70
  91008.702     2.860     2.55    4.70
  91384.498     4.766     5.07    5.02
  91760.310     6.691     5.12    7.31
  92136.138    15.493    23.42   12.83
  92511.984    24.697    24.49   11.53
  92887.846    29.425    12.58    7.68
  93263.725    29.630     0.54    7.82
  93639.621    25.818   -10.14    7.86
  94015.534    26.721     2.40    7.18
  94391.463    30.205     9.27    9.06
  94767.410    37.301    18.88    9.43
  95143.373    43.493    16.47    8.32
  95519.353    46.371     7.66    7.67
  95895.349    48.812     6.49    6.71
  96271.363    47.743    -2.84    6.04
  96647.393    43.312   -11.79    8.60
  97023.441    36.053   -19.30   12.29
  97399.505    28.925   -18.96   12.97
  97775.586    21.221   -20.49   11.70
  98151.684    15.353   -15.60   11.17
  98527.798     9.948   -14.37   10.01
  98903.930     6.974    -7.91    7.15
  99280.078     8.812     4.89    8.02
  99656.244    16.857    21.39   10.77
 100032.426    25.860    23.93   12.73
 100408.625    34.312    22.47   12.31
 100784.841    41.243    18.43    7.96
 101161.073    43.016     4.71    8.36
 101537.323    44.426     3.75    8.67
 101913.590    43.543    -2.35    9.59
 102289.873    42.834    -1.88   10.17
 102666.173    42.910     0.20   10.72
 103042.491    40.971    -5.15    9.38
 103418.825    38.025    -7.83    6.54
 103795.176    36.289    -4.61    4.34
 104171.544    36.790     1.33    4.36
 104547.929    37.232     1.17    5.59
 104924.331    37.357     0.33    6.92
 105300.750    35.168    -5.81    9.64
 105677.185    33.562    -4.27    8.81
 106053.638    32.493    -2.84    7.60
 106430.108    31.925    -1.51    6.66
 106806.594    31.539    -1.03    6.68
 107183.098    30.315    -3.25    7.10
 107559.618    27.925    -6.35    7.79
 107936.155    24.564    -8.93    8.72
 108312.710    18.357   -16.48    9.26
 108689.281    12.092   -16.64    6.97
 109065.870     8.860    -8.58    5.11
 109442.475     6.588    -6.03    4.54
 109819.097     6.968     1.01    5.01
 110195.736     8.107     3.02    6.02
 110572.393    10.182     5.51    6.98
 110949.066    13.005     7.49    8.58
 111325.756    12.743    -0.70    8.61
 111702.463    11.767    -2.59    8.00
 112079.188     9.857    -5.07    5.84
 112455.929     8.868    -2.62    4.38
 112832.687     9.812     2.50    4.83
 113209.462    10.488     1.79    4.97
 113586.255    11.813     3.52    5.83
 113963.064    15.334     9.35    7.99
 114339.890    19.243    10.37    8.64
 114716.734    23.539    11.40    8.36
 115093.594    26.597     8.12    7.22
 115470.472    29.815     8.54    9.29
 115847.366    31.674     4.93   10.91
 116224.278    31.505    -0.45   12.04
 116601.206    29.402    -5.58   10.79
 116975.969    29.402    -0.00   11.24
 117349.555    26.652    -7.36   10.20
 117723.157    25.839    -2.18    8.76
 118096.777    27.198     3.64    9.97
 118470.413    28.315     2.99   10.39
 118844.066    29.743     3.82    9.09
 119217.735    30.562     2.19    7.58
 119591.422    34.418    10.32    7.67
 119965.125    36.971     6.83    9.23
 120338.845    37.860     2.38   10.32
 120712.582    39.069     3.24   11.17
 121086.335    37.441    -4.36   10.72
 121460.106    35.893    -4.14    7.80
 121833.893    36.652     2.03    6.60
 122207.697    37.410     2.03    6.19
 122581.517    37.766     0.95    6.87
 122955.355    36.488    -3.42    7.75
 123329.209    36.604     0.31    7.47
 123703.080    35.943    -1.77    7.38
 124076.968    34.518    -3.81    5.67
 124450.873    34.607     0.24    4.77
 124824.794    36.231     4.34    4.65
 125198.733    39.139     7.78    5.62
 125572.688    43.834    12.56    6.06
 125946.660    48.325    12.01    6.02
 126320.649    53.584    14.06    6.85
 126694.655    59.875    16.82    8.46
 127068.677    67.925    21.53   12.70
 127442.717    76.743    23.58   13.53
 127816.773    86.107    25.04   13.16
 128190.846    96.516    27.83   13.42
 128564.936   104.999    22.68   12.73
 128939.043   110.880    15.72    9.92
 129313.167   112.243     3.65    9.89
 129687.308   106.857   -14.40   12.23
 130061.465    95.790   -29.58   13.87
 130435.640    85.493   -27.52   12.00
 130809.831    79.880   -15.00   11.81
 131184.039    76.929    -7.89   13.18
 131558.264    76.562    -0.98   15.73
 131932.506    77.480     2.46   17.02
 132306.765    79.516     5.44   14.72
 132681.041    79.208    -0.82   10.67
 133055.334    80.175     2.58    8.38
 133429.643    79.857    -0.85   10.07
 133803.970    80.018     0.43   11.23
 134178.313    78.289    -4.62   11.46
 134552.674    81.410     8.34   11.34
 134927.051    87.493    16.25   12.30
 135301.446    90.394     7.75   12.53
 135675.857    93.425     8.10    9.98
 136050.285    93.394    -0.08   10.64
 136424.730    92.256    -3.04   11.19
 136799.192    93.221     2.58   10.20
 137173.671    94.668     3.87    9.17
 137548.167    95.130     1.23    8.46
 137922.680    96.883     4.68    8.66
 138297.210    96.627    -0.68    8.03
 138671.757    93.971    -7.09   11.28
 139046.321    91.692    -6.08   13.36
 139420.902    89.698    -5.32   12.77
 139795.500    89.475    -0.59   12.43
 140170.115    86.790    -7.17   13.60
 140544.747    78.243   -22.82   15.98
 140919.396    66.418   -31.57   19.06
 141294.062    50.766   -41.78   18.05
 141668.745    42.443   -22.22   15.16
 142043.445    37.289   -13.76   11.32
 142418.161    32.696   -12.26    8.07
 142792.895    31.721    -2.60    6.59
 143167.646    33.880     5.76    7.66
 143542.414    37.207     8.88    8.90
 143917.200    43.243    16.11   11.61
 144292.002    48.768    14.74   11.03
 144666.821    53.630    12.97   12.30
 145041.657    58.069    11.84    9.89
 145416.510    56.581    -3.97   11.45
 145791.381    48.488   -21.59   15.18
 146166.268    42.000   -17.31   14.15
 146541.172    37.857   -11.05   14.99
 146916.094    33.543   -11.51   14.79
 147291.032    28.562   -13.29   13.25
 147665.988    28.069    -1.31   15.31
 148040.961    25.813    -6.02   14.57
 148415.951    26.107     0.78   14.57
 148790.958    26.615     1.36   14.57
 149165.982    27.516     2.40   14.36
 149541.023    28.720     3.21   15.97
 149916.081    28.743     0.06   18.62
 150291.156    27.880    -2.30   21.07
 150666.249    27.648    -0.62   21.37
 151041.358    28.880     3.28   23.96
 151416.485    29.060     0.48   25.21
 151791.629    35.880    18.18   27.92
 152166.790    42.005    16.33   30.39
 152541.968    48.069    16.16   28.61
 152917.163    43.124   -13.18   30.86
 153292.375    34.695   -22.47   31.53
 153667.605    17.289   -46.39   26.80
 154042.851     1.443   -42.23    8.54
 154418.115    -1.857    -8.79    3.37
 154793.396    -3.722    -4.97    2.24
 155168.694    -3.954    -0.62    2.77
 155544.009    -3.722     0.62    3.03
 155919.342    -2.513     3.22    3.88
 156294.691     0.857     8.98    8.65
 156670.058     6.643    15.42   14.27
 157045.442    16.232    25.55   21.28
 157420.843    24.948    23.22   21.56
 157796.262    27.906     7.88   18.79
 158171.697    33.721    15.49   16.32
 158547.150    42.618    23.70   22.16
 158922.620    56.766    37.69   28.80
 159298.107    69.743    34.57   24.47
 159673.611    68.698    -2.78   23.60
 160049.133    60.812   -21.00   22.67
 160424.672    54.353   -17.20   18.29
 160800.228    49.312   -13.43   12.45
 161175.801    50.193     2.35   12.94
 161551.391    48.130    -5.50   12.00
 161926.999    42.208   -15.77   11.98
 162302.624    35.534   -17.77   11.49
 162678.266    28.464   -18.82   11.27
 163053.926    25.179    -8.75    8.95
 163429.603    26.493     3.50    8.16
 163805.297    28.231     4.63    8.79
 164181.008    32.139    10.40   11.17
 164556.736    38.243    16.25   11.52
 164932.482    44.232    15.94   11.96
 165308.245    47.630     9.04   11.43
 165684.026    50.154     6.72    9.75
 166059.823    53.175     8.04    9.22
 166435.638    60.529    19.57   14.26
 166811.470    71.107    28.15   18.57
 167187.320    75.493    11.67   20.45
 167563.187    72.268    -8.58   20.55
 167939.071    67.652   -12.28   19.29
 168314.972    65.543    -5.61   16.03
 168690.891    70.584    13.41   15.18
 169066.827    78.371    20.72   13.75
 169442.781    83.743    14.29   13.09
 169818.751    85.016     3.39   12.97
 170194.739    82.102    -7.75   14.61
 170570.745    75.471   -17.64   14.79
 170946.767    70.231   -13.94   10.89
 171322.808    71.016     2.09    8.84
 171698.865    70.743    -0.73    7.27
 172074.940    68.976    -4.70    7.80
 172451.032    65.562    -9.08    9.54
 172827.141    58.875   -17.78    8.84
 173203.268    52.766   -16.24    9.88
 173579.413    48.790   -10.57    9.56
 173955.574    46.016    -7.38    9.39
 174331.753    42.902    -8.28    9.01
 174707.950    40.597    -6.13    8.77
 175084.163    34.880   -15.20   12.08
 175460.395    25.513   -24.90   13.38
 175836.643    18.115   -19.66   11.89
 176212.909     8.721   -24.97    9.31
 176589.192     2.208   -17.31    8.04
 176965.493    -2.779   -13.26    5.55
 177341.811    -5.230    -6.51    3.42
 177718.147    -4.302     2.47    4.68
 178094.500    -1.086     8.55    7.32
 178470.871     1.166     5.98    8.91
 178847.258     1.721     1.47    9.43
 179223.664     1.410    -0.83    9.24
 179600.087     3.062     4.39    9.51
 179976.527     6.256     8.49   10.84
 180352.984     9.607     8.90   10.81
 180729.460    12.766     8.39    9.50
 181105.952    11.720    -2.78    9.82
 181482.462    13.121     3.72   10.39
 181858.990    16.843     9.89   10.68
 182235.535    20.402     9.45   11.10
 182612.097    24.205    10.10   10.35
 182988.677    28.291    10.85    8.88
 183365.274    30.630     6.21    8.24
 183741.889    32.696     5.49   10.88
 184118.522    33.289     1.57   12.07
 184495.172    28.329   -13.17   12.86
 184871.839    21.880   -17.12   13.41
 185248.524    11.162   -28.46   12.75
 185625.226     3.039   -21.57    9.58
 186001.946    -2.582   -14.92    6.07
 186378.684    -6.382   -10.09    3.28
 186755.439    -8.552    -5.76    3.48
 187132.211   -10.804    -5.98    2.64
 187509.001   -11.280    -1.26    3.25
 187885.809   -11.757    -1.26    4.38
 188262.634   -12.280    -1.39    4.68
 188639.476   -14.018    -4.61    3.80
 189016.337   -15.876    -4.93    2.49
 189393.214   -16.652    -2.06    1.62
 189770.110   -17.396    -1.97    1.55
 190147.022   -17.457    -0.16    1.78
 190523.953   -18.075    -1.64    1.63
 190900.901   -18.280    -0.55    1.65
 191277.866   -18.523    -0.64    1.56
 191654.465   -18.792    -0.71    1.20
 192027.979   -18.257     1.43    2.06
 192401.509   -16.187     5.54    3.73
 192775.057   -14.568     4.34    5.16
 193148.622   -14.575    -0.02    5.07
 193522.205   -14.866    -0.78    5.33
 193895.804   -18.101    -8.66    6.35
 194269.421   -19.559    -3.90    4.68
 194643.055   -19.423     0.36    4.50
 195016.707   -13.210    16.63   12.44
 195390.375    -6.946    16.77   14.80
 195764.061    -3.961     7.99   13.63
 196137.765    -2.696     3.39   11.46
 196511.485    -4.123    -3.82    8.80
 196885.223    -4.210    -0.23    9.88
 197258.978    -2.328     5.04   11.17
 197632.751    -2.052     0.74   10.37
 198006.540    -2.938    -2.37    8.80
 198380.347    -3.346    -1.09    7.42
 198754.172    -3.818    -1.26    6.70
 199128.013    -3.188     1.68    5.96
 199501.872    -2.233     2.56    5.28
 199875.749    -0.066     5.80    5.29
 200249.642     2.993     8.18    6.37
 200623.554     6.325     8.91    8.30
 200997.482    12.166    15.62   10.41
 201371.428    16.543    11.71   10.57
 201745.391    20.084     9.47   10.05
 202119.371    19.529    -1.48   10.11
 202493.369    16.029    -9.36   10.56
 202867.384     9.999   -16.12    9.59
 203241.416     4.976   -13.43    6.39
 203615.466     4.921    -0.15    5.87
 203989.534     7.768     7.61    7.23
 204363.618    11.493     9.96    8.70
 204737.720    12.938     3.86    9.94
 205111.840    13.434     1.32   10.99
 205485.976    15.162     4.62   12.56
 205860.131    16.529     3.65   12.76
 206234.302    17.630     2.94   10.61
 206608.491    17.060    -1.52    7.48
 206982.698    17.380     0.85    6.50
 207356.921    19.329     5.21    6.67
 207731.163    23.402    10.89    8.14
 208105.421    24.016     1.64    7.57
 208479.698    25.410     3.73    6.66
 208853.991    25.971     1.50    5.36
 209228.302    28.280     6.17    5.34
 209602.630    31.334     8.16    6.55
 209976.976    35.815    11.97    5.67
 210351.340    37.039     3.27    4.22
 210725.720    34.834    -5.89    6.33
 211100.119    29.148   -15.19    8.88
 211474.534    21.675   -19.96    9.92
 211848.967    15.134   -17.47    6.97
 212223.418    14.425    -1.89    5.69
 212597.886    17.534     8.30    7.94
 212972.372    19.857     6.20    6.70
 213346.875    18.652    -3.22    7.96
 213721.395    15.426    -8.62    8.97
 214095.933    12.562    -7.65    6.90
 214470.489    11.670    -2.38    4.92
 214845.062    14.107     6.51    5.03
 215219.652    16.953     7.60    5.53
 215594.260    20.016     8.18    6.97
 215968.886    25.301    14.11    7.96
 216343.529    30.393    13.59    5.52
 216718.190    29.630    -2.04    5.80
 217092.868    25.843   -10.11    8.13
 217467.563    19.839   -16.03    7.53
 217842.276    15.371   -11.92    5.50
 218217.007    13.929    -3.85    5.44
 218591.755    13.099    -2.22    6.14
 218966.521    13.293     0.52    7.65
 219341.305    15.630     6.24    9.81
 219716.106    16.304     1.80   10.77
 220090.924    17.696     3.71   11.27
 220465.760    17.394    -0.80    9.58
 220840.614    16.232    -3.10    7.76
 221215.485    14.721    -4.03    7.50
 221590.374    11.468    -8.68    8.25
 221965.280    10.016    -3.87    7.47
 222340.204    10.817     2.14    7.11
 222715.146    13.315     6.66    7.16
 223090.105    17.860    12.12    6.72
 223465.081    21.577     9.91    6.17
 223840.076    24.471     7.72    6.74
 224215.088    25.304     2.22    6.96
 224590.117    23.812    -3.98    9.60
 224965.164    18.196   -14.98   11.65
 225340.229    11.652   -17.45   12.16
 225715.312     6.016   -15.03   10.86
 226090.412     2.402    -9.64    6.53
 226465.529     4.652     6.00    8.00
 226840.665     6.505     4.94    8.93
 227215.818     6.790     0.76    7.57
 227590.988     6.929     0.37    6.17
 227966.177     7.698     2.05    5.88
 228341.383    11.860    11.09    7.12
 228716.606    18.600    17.97    8.61
 229091.848    26.832    21.94   10.98
 229467.106    35.929    24.25   11.34
 229842.383    42.672    17.97    9.69
 230217.677    50.107    19.82   10.39
 230592.989    53.921    10.16    9.30
 230968.319    53.432    -1.30   10.62
 231343.666    51.036    -6.39   11.92
 231719.031    46.966   -10.85   11.07
 232094.414    40.766   -16.52   11.26
 232469.815    36.886   -10.34   11.58
 232845.233    25.402   -30.60   15.49
 233220.669    16.301   -24.25   12.88
 233596.122    13.166    -8.35   10.24
 233971.594    14.410     3.32    9.41
 234347.083    19.425    13.36    8.77
 234722.590    25.929    17.32   10.35
 235098.114    29.188     8.68    8.34
 235473.656    30.266     2.87    9.65
 235849.216    27.648    -6.97   13.48
 236224.794    18.243   -25.05   17.08
 236600.390     9.278   -23.87   15.19
 236976.003     4.210   -13.50   10.68
 237351.634     2.516    -4.51    5.64
 237727.283     3.265     1.99    4.68
 238102.949     3.976     1.89    4.14
 238478.634     3.672    -0.81    3.63
 238854.336     2.743    -2.47    3.25
 239230.056     2.348    -1.05    4.08
 239605.793     1.698    -1.73    4.11
 239981.549     1.107    -1.57    3.26
 240357.322     1.925     2.18    3.61
 240733.113     4.971     8.11    6.47
 241108.922     9.743    12.70    8.83
 241484.749    14.312    12.16    9.34
 241860.594    19.152    12.88    8.78
 242236.456    22.198     8.10    8.95
 242612.336    23.130     2.48    9.92
 242988.234    23.448     0.85   10.79
 243364.150    24.743     3.45    9.07
 243740.084    22.243    -6.65    7.72
 244116.035    21.212    -2.74    6.32
