# NaN NaN NaN ;Mean Elev.(m), Avg Gradient(m/km), RMS Gradient(m/km) - SRTM1     
#   11.671   0.221   0.971 ;Mean Elev.(m), Avg Gradient(m/km), RMS Gradient(m/km) - ASTER GDEM
#    1.005  -0.018   0.634 ;Mean Elev.(m), Avg Gradient(m/km), RMS Gradient(m/km) - GMTED2010 
  7     1.862 52476.09358624 28.69 301.874450 -32.857910 20.629
  7     1.990 52476.09359398 25.53 301.863312 -32.818624 25.896
  7     1.969 52476.09359462 25.11 301.862382 -32.815354 25.896
  7     1.794 52476.09359527 23.93 301.861452 -32.812074 25.896
  7     1.745 52476.09359591 20.45 301.860522 -32.808804 25.896
  7     1.930 52476.09359656 21.66 301.859602 -32.805524 25.896
  8     2.005 52511.09353921 16.68 301.881934 -32.854035  8.001
  8     2.043 52511.09353986 17.56 301.881004 -32.850765  8.001
  8     2.034 52511.09354050 17.58 301.880074 -32.847485  8.001
  8     2.061 52511.09354115 17.91 301.879144 -32.844215  8.001
  8     2.096 52511.09354179 17.79 301.878224 -32.840945  8.001
  8     2.156 52511.09354243 18.09 301.877294 -32.837665  8.001
  8     2.089 52511.09354308 18.24 301.876364 -32.834395  8.001
  8     2.107 52511.09354372 17.93 301.875439 -32.831116 13.461
  8     2.297 52511.09354437 20.04 301.874509 -32.827846 13.461
  8     2.449 52511.09354501 27.75 301.873579 -32.824566 13.461
  8     2.393 52511.09354566 34.89 301.872649 -32.821296 13.461
  8     2.391 52511.09354630 41.47 301.871719 -32.818026 13.461
  8     2.289 52511.09354695 20.24 301.870799 -32.814746 13.461
  8     2.229 52511.09354759 16.54 301.869869 -32.811476 13.461
  8     1.797 52511.09354824 19.04 301.868939 -32.808196 13.461
  8     2.028 52511.09354888 19.12 301.868009 -32.804926 13.461
  8     2.188 52511.09354953 22.17 301.867079 -32.801656 13.461
  8     2.359 52511.09355017 24.66 301.866159 -32.798376 13.461
  8     2.310 52511.09355082 24.34 301.865229 -32.795106 13.461
  8     2.261 52511.09355146 23.45 301.864299 -32.791836 13.461
  8     2.145 52511.09355210 24.03 301.863369 -32.788556 13.461
  9     4.003 52546.09355935 28.25 301.883393 -32.853797 14.197
  9     4.005 52546.09355999 28.28 301.882463 -32.850517 14.197
  9     4.061 52546.09356064 29.43 301.881533 -32.847247 14.197
  9     4.162 52546.09356128 30.69 301.880603 -32.843977 14.197
  9     4.254 52546.09356193 33.00 301.879673 -32.840697 14.197
  9     4.311 52546.09356257 32.96 301.878743 -32.837427 14.197
  9     4.368 52546.09356322 36.29 301.877813 -32.834147 14.197
  9     4.272 52546.09356386 32.92 301.876883 -32.830877 14.197
  9     4.115 52546.09356451 30.43 301.875953 -32.827607 14.197
  9     4.437 52546.09356515 31.70 301.875033 -32.824327 14.197
  9     4.411 52546.09356580 33.28 301.874103 -32.821057 14.197
  9     4.444 52546.09356644 34.02 301.873173 -32.817787 14.197
  9     4.268 52546.09356709 32.31 301.872243 -32.814507 14.197
  9     4.362 52546.09356773 29.72 301.871313 -32.811237 14.197
  9     4.025 52546.09356837 28.14 301.870383 -32.807957 14.197
  9     3.992 52546.09356902 27.20 301.869453 -32.804687 14.197
  9     4.049 52546.09356966 28.35 301.868523 -32.801417 14.197
  9     4.177 52546.09357031 29.08 301.867603 -32.798137 14.197
  9     4.157 52546.09357095 28.85 301.866673 -32.794867 14.197
  9     4.124 52546.09357160 29.81 301.865747 -32.791589 14.620
  9     4.184 52546.09357224 29.70 301.864817 -32.788319 14.620
 10     4.605 52581.09358143 50.23 301.879642 -32.856456 51.500
 10     4.621 52581.09358207 49.32 301.878712 -32.853186 51.500
 10     4.640 52581.09358272 50.53 301.877782 -32.849916 51.500
 10     4.655 52581.09358336 49.90 301.876852 -32.846636 51.500
 10     4.654 52581.09358401 49.49 301.875922 -32.843366 51.500
 10     4.663 52581.09358465 49.41 301.874996 -32.840089 36.233
 10     4.650 52581.09358530 47.11 301.874066 -32.836819 36.233
 10     4.660 52581.09358594 44.34 301.873136 -32.833539 36.233
 10     4.592 52581.09358659 39.78 301.872206 -32.830269 36.233
 10     4.542 52581.09358723 42.15 301.871286 -32.826999 36.233
 10     4.678 52581.09358788 39.73 301.870356 -32.823719 36.233
 10     4.569 52581.09358852 51.30 301.869426 -32.820449 36.233
 10     4.583 52581.09358917 51.16 301.868496 -32.817169 36.233
 10     4.624 52581.09358981 49.59 301.867566 -32.813899 36.233
 10     4.673 52581.09359045 38.58 301.866636 -32.810629 36.233
 10     4.688 52581.09359110 38.00 301.865716 -32.807349 36.233
 10     4.684 52581.09359174 38.87 301.864786 -32.804079 36.233
 10     4.669 52581.09359239 41.03 301.863856 -32.800809 36.233
 10     4.729 52581.09359303 43.01 301.862926 -32.797529 36.233
 12     2.273 52651.09352855 23.04 301.886012 -32.854009 28.331
 12     2.223 52651.09352920 21.63 301.885082 -32.850739 28.331
 12     2.427 52651.09352984 21.56 301.884152 -32.847469 28.331
 12     2.576 52651.09353048 22.45 301.883222 -32.844189 28.331
 12     2.406 52651.09353371 22.55 301.878575 -32.827822 10.174
 12     2.360 52651.09353435 22.13 301.877655 -32.824552 10.174
 12     2.512 52651.09353500 24.15 301.876725 -32.821272 10.174
 12     2.332 52651.09353564 24.56 301.875795 -32.818002 10.174
 12     2.192 52651.09353629 26.34 301.874865 -32.814722 10.174
 12     2.161 52651.09353693 24.60 301.873935 -32.811452 10.174
 12     2.267 52651.09353758 22.09 301.873005 -32.808182 10.174
 12     2.464 52651.09353822 21.83 301.872085 -32.804902 10.174
 12     2.521 52651.09353887 22.56 301.871155 -32.801632 10.174
 12     2.583 52651.09353951 22.37 301.870225 -32.798352 10.174
 12     2.624 52651.09354015 23.39 301.869295 -32.795082 10.174
 12     2.719 52651.09354080 24.74 301.868365 -32.791812 10.174
 12     2.770 52651.09354144 26.12 301.867435 -32.788532 10.174
 12     2.769 52651.09354209 27.51 301.866515 -32.785262 10.174
 13     1.236 52686.09351821 23.25 301.880764 -32.857283 10.125
 13     1.534 52686.09351885 19.64 301.879834 -32.854013 10.125
 13     1.749 52686.09351950 18.64 301.878904 -32.850733 10.125
 13     1.769 52686.09352014 19.18 301.877984 -32.847463 10.125
 13     1.728 52686.09352079 19.14 301.877055 -32.844185  5.511
 13     1.710 52686.09352143 19.59 301.876125 -32.840915  5.511
 13     1.760 52686.09352207 18.95 301.875195 -32.837635  5.511
 13     1.755 52686.09352272 17.97 301.874265 -32.834365  5.511
 13     1.680 52686.09352336 19.79 301.873335 -32.831095  5.511
 13     1.665 52686.09352401 19.49 301.872415 -32.827815  5.511
 13     1.949 52686.09352465 21.12 301.871485 -32.824545  5.511
 13     2.336 52686.09352530 22.36 301.870555 -32.821265  5.511
 13     2.551 52686.09352594 22.73 301.869625 -32.817995  5.511
 13     2.518 52686.09352659 21.19 301.868695 -32.814725  5.511
 13     2.268 52686.09352723 19.14 301.867775 -32.811445  5.511
 13     1.776 52686.09352788 18.41 301.866845 -32.808175  5.511
 13     1.404 52686.09352852 18.58 301.865915 -32.804895  5.511
 13     1.355 52686.09352917 19.24 301.864985 -32.801625  5.511
 13     1.563 52686.09352981 20.05 301.864065 -32.798355  5.511
 13     1.819 52686.09353046 20.25 301.863135 -32.795075  5.511
 13     2.070 52686.09353110 20.24 301.862205 -32.791805  5.511
 13     2.049 52686.09353174 22.26 301.861275 -32.788535  5.511
 14     2.661 52721.09356896 24.43 301.878081 -32.854696 11.214
 14     2.673 52721.09356960 25.54 301.877151 -32.851426 11.214
 14     2.728 52721.09357025 25.75 301.876223 -32.848148 14.950
 14     2.834 52721.09357089 27.48 301.875293 -32.844878 14.950
 14     2.902 52721.09357154 26.96 301.874363 -32.841598 14.950
 14     2.838 52721.09357218 28.01 301.873443 -32.838328 14.950
 14     2.743 52721.09357283 27.20 301.872513 -32.835058 14.950
 14     2.744 52721.09357347 25.92 301.871583 -32.831778 14.950
 14     2.884 52721.09357411 24.73 301.870653 -32.828508 14.950
 14     3.106 52721.09357476 37.30 301.869723 -32.825228 14.950
 14     3.038 52721.09357540 41.25 301.868793 -32.821958 14.950
 14     2.985 52721.09357605 41.33 301.867863 -32.818688 14.950
 14     3.029 52721.09357669 43.09 301.866943 -32.815408 14.950
 14     3.070 52721.09357734 37.99 301.866013 -32.812138 14.950
 14     2.260 52721.09357798 25.99 301.865083 -32.808858 14.950
 14     2.374 52721.09357863 25.91 301.864153 -32.805588 14.950
 14     2.858 52721.09357927 23.97 301.863223 -32.802318 14.950
 14     3.150 52721.09357992 27.26 301.862303 -32.799038 14.950
 16     2.624 52791.09354160 25.91 301.883964 -32.855054 35.840
 16     2.452 52791.09354224 26.40 301.883034 -32.851774 35.840
 16     2.688 52791.09354289 26.61 301.882104 -32.848504 35.840
 16     2.875 52791.09354353 26.70 301.881179 -32.845229 49.108
 16     2.941 52791.09354418 29.83 301.880249 -32.841959 49.108
 16     3.039 52791.09354482 41.36 301.879319 -32.838679 49.108
 16     3.103 52791.09354547 47.00 301.878389 -32.835409 49.108
 16     3.056 52791.09354611 52.62 301.877459 -32.832129 49.108
 16     2.933 52791.09354676 53.90 301.876529 -32.828859 49.108
 16     2.926 52791.09354740 53.28 301.875599 -32.825589 49.108
 16     2.937 52791.09354804 51.69 301.874669 -32.822309 49.108
 16     2.951 52791.09354869 51.01 301.873739 -32.819039 49.108
 16     2.963 52791.09354933 49.34 301.872809 -32.815769 49.108
 16     2.978 52791.09354998 49.38 301.871879 -32.812489 49.108
 16     2.998 52791.09355062 43.32 301.870959 -32.809219 49.108
 16     3.017 52791.09355127 40.37 301.870029 -32.805939 49.108
 16     2.957 52791.09355191 44.69 301.869099 -32.802669 49.108
 16     2.966 52791.09355256 46.95 301.868169 -32.799399 49.108
 16     2.979 52791.09355320 48.37 301.867239 -32.796119 49.108
 16     2.991 52791.09355385 49.58 301.866309 -32.792849 49.108
 16     2.993 52791.09355449 50.30 301.865389 -32.789579 49.108
 16     3.005 52791.09355514 49.83 301.864459 -32.786299 49.108
 17     1.986 52826.09361060 50.81 301.885016 -32.855442 39.189
 17     1.989 52826.09361125 51.69 301.884086 -32.852162 39.189
 17     1.975 52826.09361189 52.28 301.883156 -32.848892 39.189
 17     1.956 52826.09361254 52.68 301.882223 -32.845616 50.586
 17     1.981 52826.09361318 51.97 301.881293 -32.842346 50.586
 17     2.002 52826.09361383 52.33 301.880373 -32.839066 50.586
 17     1.991 52826.09361447 49.83 301.879443 -32.835796 50.586
 17     1.972 52826.09361512 50.00 301.878513 -32.832526 50.586
 17     1.977 52826.09361576 45.54 301.877583 -32.829246 50.586
 17     1.910 52826.09361641 51.99 301.876653 -32.825976 50.586
 17     1.913 52826.09361705 52.46 301.875723 -32.822696 50.586
 17     1.913 52826.09361769 52.59 301.874793 -32.819426 50.586
 17     1.914 52826.09361834 52.94 301.873863 -32.816156 50.586
 17     1.915 52826.09361898 52.42 301.872943 -32.812876 50.586
 17     1.916 52826.09361963 52.06 301.872013 -32.809606 50.586
 17     1.916 52826.09362027 50.47 301.871083 -32.806336 50.586
 17     1.919 52826.09362092 49.10 301.870153 -32.803056 50.586
 17     1.921 52826.09362156 49.37 301.869223 -32.799786 50.586
 17     1.922 52826.09362221 51.54 301.868293 -32.796506 50.586
 17     1.922 52826.09362285 52.59 301.867373 -32.793236 50.586
 17     1.923 52826.09362350 52.61 301.866443 -32.789966 50.586
 17     1.924 52826.09362414 52.65 301.865513 -32.786686 50.586
 18     2.467 52861.09365637 41.45 301.886103 -32.854604 41.664
 18     2.492 52861.09365702 33.05 301.885173 -32.851324 41.664
 18     2.439 52861.09365766 37.62 301.884243 -32.848054 41.664
 18     2.457 52861.09365830 49.90 301.883312 -32.844778 46.345
 18     2.473 52861.09365895 49.98 301.882382 -32.841508 46.345
 18     2.461 52861.09366153 52.17 301.878672 -32.828408 46.345
 18     2.474 52861.09366217 53.08 301.877742 -32.825138 46.345
 18     2.479 52861.09366282 53.28 301.876812 -32.821868 46.345
 18     2.493 52861.09366346 53.10 301.875882 -32.818588 46.345
 18     2.500 52861.09366411 52.93 301.874952 -32.815318 46.345
 18     2.513 52861.09366475 48.42 301.874032 -32.812038 46.345
 18     2.523 52861.09366540 38.23 301.873102 -32.808768 46.345
 18     2.458 52861.09366604 33.34 301.872172 -32.805498 46.345
 18     2.426 52861.09366669 33.62 301.871242 -32.802218 46.345
 18     2.558 52861.09366733 35.47 301.870312 -32.798948 46.345
 18     2.610 52861.09366798 40.66 301.869382 -32.795668 46.345
 18     2.635 52861.09366862 48.19 301.868462 -32.792398 46.345
 18     2.620 52861.09366926 50.51 301.867532 -32.789128 46.345
 18     2.607 52861.09366991 51.62 301.866602 -32.785848 46.345
 19     2.189 52896.09368625 27.28 301.876448 -32.857952 13.791
 19     2.312 52896.09368689 27.90 301.875518 -32.854682 13.791
 19     2.345 52896.09368754 22.92 301.874598 -32.851402 13.791
 19     2.459 52896.09368818 26.78 301.873668 -32.848132 13.791
 19     2.419 52896.09368883 25.87 301.872736 -32.844855 13.906
 19     2.454 52896.09368947 29.21 301.871806 -32.841585 13.906
 19     2.491 52896.09369012 27.57 301.870876 -32.838305 13.906
 19     2.349 52896.09369076 27.24 301.869946 -32.835035 13.906
 19     2.189 52896.09369141 28.72 301.869026 -32.831765 13.906
 19     2.276 52896.09369205 26.34 301.868096 -32.828485 13.906
 19     2.293 52896.09369270 25.81 301.867166 -32.825215 13.906
 19     2.359 52896.09369334 25.87 301.866236 -32.821935 13.906
 19     2.430 52896.09369398 26.18 301.865306 -32.818665 13.906
 19     2.469 52896.09369463 25.48 301.864376 -32.815395 13.906
 19     2.406 52896.09369527 23.09 301.863456 -32.812115 13.906
 19     2.142 52896.09369592 20.69 301.862526 -32.808845 13.906
 19     2.263 52896.09369656 19.60 301.861596 -32.805565 13.906
 19     2.364 52896.09369721 19.96 301.860666 -32.802295 13.906
 21     1.933 52966.09363097 21.37 301.884912 -32.854335 20.009
 21     2.092 52966.09363161 20.32 301.883982 -32.851065 20.009
 21     2.097 52966.09363226 23.59 301.883052 -32.847795 20.009
 21     2.284 52966.09363290 23.91 301.882122 -32.844515 20.009
 21     2.328 52966.09363355 28.87 301.881192 -32.841245 20.009
 21     2.334 52966.09363419 25.44 301.880261 -32.837969  6.409
 21     2.385 52966.09363484 21.72 301.879331 -32.834699  6.409
 21     2.155 52966.09363548 19.43 301.878401 -32.831419  6.409
 21     2.002 52966.09363612 19.98 301.877481 -32.828149  6.409
 21     2.200 52966.09363677 22.72 301.876551 -32.824879  6.409
 21     2.261 52966.09363741 24.52 301.875621 -32.821599  6.409
 21     2.324 52966.09363806 23.65 301.874691 -32.818329  6.409
 21     2.284 52966.09363870 20.03 301.873761 -32.815049  6.409
 21     2.016 52966.09363935 19.66 301.872831 -32.811779  6.409
 21     1.933 52966.09363999 18.79 301.871901 -32.808509  6.409
 21     1.961 52966.09364064 19.75 301.870981 -32.805229  6.409
 21     2.026 52966.09364128 19.40 301.870051 -32.801959  6.409
 21     2.087 52966.09364193 20.55 301.869121 -32.798689  6.409
 21     2.136 52966.09364257 21.52 301.868191 -32.795409  6.409
 21     2.219 52966.09364322 21.34 301.867261 -32.792139  6.409
 21     2.248 52966.09364386 21.84 301.866331 -32.788859  6.409
 21     2.258 52966.09364451 22.13 301.865411 -32.785589  6.409
 24     0.817 53071.09363226 20.34 301.878925 -32.855744  7.370
 24     0.792 53071.09363291 19.75 301.877997 -32.852466 12.569
 24     0.909 53071.09363355 17.46 301.877067 -32.849196 12.569
 24     0.746 53071.09363420 22.01 301.876137 -32.845916 12.569
 24     0.780 53071.09363484 19.27 301.875207 -32.842646 12.569
 24     0.845 53071.09363549 17.41 301.874287 -32.839376 12.569
 24     0.830 53071.09363613 17.33 301.873357 -32.836096 12.569
 24     0.789 53071.09363678 20.22 301.872427 -32.832826 12.569
 24     1.017 53071.09363742 23.37 301.871497 -32.829546 12.569
 24     1.119 53071.09363807 24.79 301.870567 -32.826276 12.569
 24     0.977 53071.09363871 29.49 301.869637 -32.823006 12.569
 24     2.290 53071.09363935 25.50 301.868717 -32.819726 12.569
 24     2.201 53071.09364000 24.77 301.867787 -32.816456 12.569
 24     2.162 53071.09364064 17.61 301.866857 -32.813186 12.569
 24     0.752 53071.09364129 16.36 301.865927 -32.809906 12.569
 24     0.766 53071.09364193 16.65 301.864997 -32.806636 12.569
 24     0.524 53071.09364258 18.10 301.864067 -32.803356 12.569
 24     0.471 53071.09364322 19.10 301.863147 -32.800086 12.569
 24     0.598 53071.09364387 20.83 301.862217 -32.796816 12.569
 26     1.857 53141.09363995 47.51 301.881315 -32.854056 53.534
 26     1.902 53141.09364060 50.39 301.880395 -32.850786 53.534
 26     1.896 53141.09364124 52.10 301.879465 -32.847506 53.534
 26     1.808 53141.09364189 52.75 301.878535 -32.844236 53.534
 26     1.798 53141.09364253 53.02 301.877605 -32.840966 53.534
 26     1.778 53141.09364318 52.10 301.876675 -32.837686 53.534
 26     1.799 53141.09364382 49.50 301.875745 -32.834416 53.534
 26     1.822 53141.09364447 50.08 301.874815 -32.831136 53.534
 26     1.830 53141.09364511 49.00 301.873885 -32.827866 53.534
 26     1.837 53141.09364576 43.03 301.872955 -32.824596 53.534
 26     1.863 53141.09364640 49.92 301.872035 -32.821316 53.534
 26     1.878 53141.09364704 35.54 301.871105 -32.818046 53.534
 26     1.822 53141.09364769 35.38 301.870175 -32.814776 53.534
 26     1.874 53141.09364833 45.99 301.869245 -32.811496 53.534
 26     1.894 53141.09364898 52.97 301.868315 -32.808226 53.534
 26     1.789 53141.09364962 52.94 301.867385 -32.804946 53.534
 26     1.750 53141.09365027 53.25 301.866465 -32.801676 53.534
 26     1.755 53141.09365091 53.58 301.865535 -32.798406 53.534
 26     1.758 53141.09365156 53.82 301.864605 -32.795126 53.534
 26     1.753 53141.09365220 53.62 301.863675 -32.791856 53.534
 26     1.754 53141.09365285 53.80 301.862752 -32.788578 49.374
 27     0.686 53176.09366994 21.68 301.879810 -32.855400  7.903
 27     0.570 53176.09367059 23.96 301.878880 -32.852120  7.903
 27     0.830 53176.09367123 23.02 301.877950 -32.848850  7.903
 27     0.838 53176.09367188 23.07 301.877023 -32.845572 27.235
 27     0.827 53176.09367252 22.90 301.876093 -32.842302 27.235
 27     0.974 53176.09367317 22.74 301.875163 -32.839032 27.235
 27     1.014 53176.09367381 23.12 301.874233 -32.835752 27.235
 27     1.145 53176.09367446 23.95 301.873313 -32.832482 27.235
 27     0.678 53176.09367510 43.03 301.872383 -32.829202 27.235
 27     1.210 53176.09367574 53.27 301.871453 -32.825932 27.235
 27     1.199 53176.09367639 40.08 301.870523 -32.822662 27.235
 27     2.169 53176.09367703 34.44 301.869593 -32.819382 27.235
 27     0.946 53176.09367768 30.59 301.868663 -32.816112 27.235
 27     0.871 53176.09367832 30.35 301.867743 -32.812832 27.235
 27     1.140 53176.09367897 34.94 301.866813 -32.809562 27.235
 27     1.123 53176.09367961 40.12 301.865883 -32.806292 27.235
 27     1.172 53176.09368026 37.74 301.864953 -32.803012 27.235
 27     1.158 53176.09368090 34.86 301.864023 -32.799742 27.235
 27     1.148 53176.09368155 36.65 301.863093 -32.796462 27.235
 27     1.137 53176.09368219 37.01 301.862173 -32.793192 27.235
 28     1.301 53211.09368841 21.90 301.876876 -32.857330  9.942
 28     1.396 53211.09368905 20.33 301.875946 -32.854050  9.942
 28     1.481 53211.09368970 19.85 301.875016 -32.850780  9.942
 28     1.345 53211.09369034 25.76 301.874092 -32.847502 22.430
 28     1.393 53211.09369099 23.37 301.873162 -32.844232 22.430
 28     1.333 53211.09369163 22.96 301.872232 -32.840952 22.430
 28     1.659 53211.09369228 22.25 301.871302 -32.837682 22.430
 28     1.928 53211.09369292 20.69 301.870382 -32.834412 22.430
 28     1.687 53211.09369356 22.53 301.869452 -32.831132 22.430
 28     1.196 53211.09369421 29.95 301.868522 -32.827862 22.430
 28     1.214 53211.09369485 31.84 301.867592 -32.824592 22.430
 28     1.240 53211.09369550 33.39 301.866662 -32.821312 22.430
 28     1.270 53211.09369614 38.82 301.865732 -32.818042 22.430
 28     1.360 53211.09369679 30.39 301.864802 -32.814762 22.430
 28     0.996 53211.09369743 20.04 301.863882 -32.811492 22.430
 28     0.903 53211.09369808 20.58 301.862952 -32.808222 22.430
 28     1.127 53211.09369872 20.51 301.862022 -32.804942 22.430
 28     1.426 53211.09369937 24.94 301.861092 -32.801672 22.430
 29     1.327 53246.09365636 39.49 301.878663 -32.856574 27.312
 29     1.365 53246.09365701 42.37 301.877733 -32.853294 27.312
 29     1.384 53246.09365765 38.85 301.876813 -32.850024 27.312
 29     1.249 53246.09365830 38.25 301.875882 -32.846747 22.357
 29     1.218 53246.09365894 35.93 301.874952 -32.843477 22.357
 29     1.163 53246.09365959 35.73 301.874022 -32.840197 22.357
 29     1.137 53246.09366023 36.62 301.873092 -32.836927 22.357
 29     1.247 53246.09366088 37.22 301.872172 -32.833657 22.357
 29     1.233 53246.09366152 37.05 301.871242 -32.830377 22.357
 29     1.331 53246.09366217 38.56 301.870312 -32.827107 22.357
 29     1.397 53246.09366281 41.08 301.869382 -32.823827 22.357
 29     1.501 53246.09366346 40.60 301.868452 -32.820557 22.357
 29     1.522 53246.09366410 37.79 301.867522 -32.817287 22.357
 29     1.221 53246.09366474 38.53 301.866602 -32.814007 22.357
 29     1.320 53246.09366539 39.97 301.865672 -32.810737 22.357
 29     1.347 53246.09366603 39.96 301.864742 -32.807467 22.357
 29     1.214 53246.09366668 41.50 301.863812 -32.804187 22.357
 29     1.252 53246.09366732 38.60 301.862882 -32.800917 22.357
 29     1.294 53246.09366797 37.13 301.861962 -32.797637 22.357
 30     1.596 53281.09364196 16.66 301.880059 -32.854335 10.671
 30     1.582 53281.09364260 15.04 301.879129 -32.851065 10.671
 30     1.557 53281.09364325 15.34 301.878199 -32.847785 10.671
 30     1.571 53281.09364389 15.52 301.877269 -32.844515 10.671
 30     1.736 53281.09364454 14.47 301.876339 -32.841245 10.671
 30     1.742 53281.09364518 14.31 301.875409 -32.837965 10.671
 30     1.652 53281.09364583 16.17 301.874479 -32.834695 10.671
 30     1.618 53281.09364647 16.88 301.873549 -32.831415 10.671
 30     1.725 53281.09364712 16.32 301.872619 -32.828145 10.671
 30     1.881 53281.09364776 28.34 301.871689 -32.824875 10.671
 30     1.976 53281.09364841 32.86 301.870769 -32.821595 10.671
 30     1.882 53281.09364905 31.21 301.869839 -32.818325 10.671
 30     1.963 53281.09364970 18.12 301.868909 -32.815055 10.671
 30     1.853 53281.09365034 13.56 301.867979 -32.811775 10.671
 30     1.769 53281.09365098 11.41 301.867049 -32.808505 10.671
 30     1.757 53281.09365163 11.79 301.866119 -32.805225 10.671
 30     1.727 53281.09365227 12.18 301.865189 -32.801955 10.671
 30     1.717 53281.09365292 13.20 301.864269 -32.798685 10.671
 30     1.863 53281.09365356 13.76 301.863339 -32.795405 10.671
 30     2.113 53281.09365421 14.07 301.862409 -32.792135 10.671
 30     2.094 53281.09365485 17.07 301.861483 -32.788857 11.316
 31     2.532 53316.09365405 24.22 301.880703 -32.854336 10.861
 31     2.537 53316.09365469 24.65 301.879773 -32.851066 10.861
 31     2.672 53316.09365534 24.76 301.878843 -32.847786 10.861
 31     2.734 53316.09365598 25.20 301.877913 -32.844516 10.861
 31     2.836 53316.09365662 26.11 301.876986 -32.841238 16.397
 31     2.921 53316.09365727 26.14 301.876056 -32.837968 16.397
 31     2.795 53316.09365791 26.55 301.875126 -32.834688 16.397
 31     2.734 53316.09365856 26.29 301.874196 -32.831418 16.397
 31     2.934 53316.09365920 25.27 301.873276 -32.828148 16.397
 31     3.094 53316.09365985 37.07 301.872346 -32.824868 16.397
 31     3.128 53316.09366049 47.98 301.871416 -32.821598 16.397
 31     3.156 53316.09366114 45.04 301.870486 -32.818318 16.397
 31     3.225 53316.09366178 31.25 301.869556 -32.815048 16.397
 31     3.196 53316.09366243 24.50 301.868626 -32.811778 16.397
 31     2.736 53316.09366307 23.40 301.867706 -32.808498 16.397
 31     2.422 53316.09366372 24.04 301.866776 -32.805228 16.397
 31     2.543 53316.09366436 26.15 301.865846 -32.801948 16.397
 31     2.643 53316.09366501 27.21 301.864916 -32.798678 16.397
 31     3.037 53316.09366565 26.33 301.863986 -32.795408 16.397
 31     3.119 53316.09366629 29.26 301.863056 -32.792128 16.397
 31     3.143 53316.09366694 28.83 301.862136 -32.788858 16.397
 32     0.869 53351.09361915 21.34 301.881836 -32.856937 11.139
 32     0.942 53351.09361979 21.56 301.880906 -32.853667 11.139
 32     1.043 53351.09362044 22.67 301.879976 -32.850397 11.139
 32     1.059 53351.09362108 23.69 301.879056 -32.847117 11.139
 32     1.115 53351.09362173 21.59 301.878126 -32.843847 11.139
 32     1.214 53351.09362237 20.21 301.877197 -32.840568 16.504
 32     1.243 53351.09362302 20.58 301.876267 -32.837298 16.504
 32     1.261 53351.09362366 21.81 301.875337 -32.834028 16.504
 32     1.094 53351.09362431 21.16 301.874407 -32.830748 16.504
 32     1.243 53351.09362495 34.86 301.873477 -32.827478 16.504
 32     1.213 53351.09362559 45.46 301.872557 -32.824198 16.504
 32     1.384 53351.09362624 50.53 301.871627 -32.820928 16.504
 32     1.387 53351.09362688 33.42 301.870697 -32.817658 16.504
 32     1.091 53351.09362753 20.87 301.869767 -32.814378 16.504
 32     0.870 53351.09362817 18.92 301.868837 -32.811108 16.504
 32     0.738 53351.09362882 19.76 301.867917 -32.807828 16.504
 32     0.779 53351.09362946 19.89 301.866987 -32.804558 16.504
 32     0.903 53351.09363011 20.84 301.866057 -32.801288 16.504
 32     0.960 53351.09363075 20.76 301.865127 -32.798008 16.504
 32     1.069 53351.09363140 22.98 301.864197 -32.794738 16.504
 32     1.013 53351.09363204 24.56 301.863277 -32.791458 16.504
 32     1.094 53351.09363269 24.02 301.862347 -32.788188 16.504
 33     1.571 53386.09360391 17.15 301.882114 -32.855291  4.400
 33     1.498 53386.09360456 17.60 301.881188 -32.852015 11.079
 33     1.506 53386.09360520 17.43 301.880258 -32.848745 11.079
 33     1.391 53386.09360584 18.95 301.879328 -32.845465 11.079
 33     1.386 53386.09360649 18.47 301.878398 -32.842195 11.079
 33     1.304 53386.09360713 18.54 301.877468 -32.838925 11.079
 33     1.275 53386.09360778 18.80 301.876538 -32.835645 11.079
 33     1.455 53386.09360842 19.00 301.875608 -32.832375 11.079
 33     1.654 53386.09360907 19.21 301.874678 -32.829095 11.079
 33     1.743 53386.09360971 25.64 301.873748 -32.825825 11.079
 33     2.118 53386.09361036 36.50 301.872828 -32.822555 11.079
 33     1.880 53386.09361100 46.58 301.871898 -32.819275 11.079
 33     1.615 53386.09361165 23.10 301.870968 -32.816005 11.079
 33     1.384 53386.09361229 17.97 301.870038 -32.812735 11.079
 33     1.761 53386.09361294 15.93 301.869108 -32.809455 11.079
 33     1.565 53386.09361358 15.67 301.868178 -32.806185 11.079
 33     1.476 53386.09361423 14.86 301.867248 -32.802905 11.079
 33     1.568 53386.09361487 14.55 301.866318 -32.799635 11.079
 33     1.591 53386.09361551 14.26 301.865398 -32.796365 11.079
 33     1.603 53386.09361616 14.98 301.864468 -32.793085 11.079
 33     1.602 53386.09361680 16.49 301.863538 -32.789815 11.079
 33     1.687 53386.09361745 19.42 301.862613 -32.786537  8.718
 34     1.182 53421.09360782 24.97 301.885694 -32.852755 17.257
 34     1.132 53421.09360846 31.29 301.884764 -32.849485 17.257
 34     1.234 53421.09360911 25.64 301.883840 -32.846208  8.111
 34     1.191 53421.09360975 21.30 301.882910 -32.842938  8.111
 34     1.241 53421.09361233 25.22 301.879200 -32.829838  8.111
 34     1.254 53421.09361297 28.55 301.878270 -32.826568  8.111
 34     1.129 53421.09361362 26.64 301.877340 -32.823298  8.111
 34     1.054 53421.09361426 25.76 301.876410 -32.820018  8.111
 34     1.116 53421.09361491 21.43 301.875480 -32.816748  8.111
 34     1.359 53421.09361555 18.06 301.874560 -32.813468  8.111
 34     1.300 53421.09361620 17.95 301.873630 -32.810198  8.111
 34     1.285 53421.09361684 18.30 301.872700 -32.806928  8.111
 34     1.242 53421.09361749 18.12 301.871770 -32.803648  8.111
 34     1.453 53421.09361813 18.25 301.870840 -32.800378  8.111
 34     1.640 53421.09361878 18.47 301.869910 -32.797098  8.111
 34     1.856 53421.09361942 18.69 301.868990 -32.793828  8.111
 34     1.973 53421.09362006 19.01 301.868060 -32.790558  8.111
 34     1.925 53421.09362071 20.10 301.867130 -32.787278  8.111
 35     1.284 53456.09361302 51.59 301.886587 -32.853850 31.716
 35     1.187 53456.09361366 52.30 301.885657 -32.850580 31.716
 35     1.280 53456.09361431 52.52 301.884731 -32.847305 48.263
 35     1.694 53456.09361495 49.52 301.883801 -32.844035 48.263
 35     1.295 53456.09361817 51.34 301.879151 -32.827665 48.263
 35     1.288 53456.09361882 52.79 301.878221 -32.824385 48.263
 35     1.260 53456.09361946 52.27 301.877291 -32.821115 48.263
 35     1.364 53456.09362011 52.04 301.876361 -32.817845 48.263
 35     1.268 53456.09362075 52.69 301.875441 -32.814565 48.263
 35     1.192 53456.09362140 53.09 301.874511 -32.811295 48.263
 35     1.196 53456.09362204 52.95 301.873581 -32.808025 48.263
 35     1.190 53456.09362269 52.74 301.872651 -32.804745 48.263
 35     1.188 53456.09362333 53.08 301.871721 -32.801475 48.263
 35     1.236 53456.09362398 52.37 301.870791 -32.798195 48.263
 35     1.319 53456.09362462 51.79 301.869861 -32.794925 48.263
 35     1.358 53456.09362527 51.38 301.868941 -32.791655 48.263
 35     1.361 53456.09362591 51.83 301.868011 -32.788375 48.263
 35     1.354 53456.09362655 51.44 301.867081 -32.785105 48.263
 37     3.383 53526.09368161 46.87 301.882734 -32.854498 38.144
 37     3.372 53526.09368225 47.51 301.881804 -32.851218 38.144
 37     3.399 53526.09368290 47.76 301.880874 -32.847948 38.144
 37     3.401 53526.09368354 47.62 301.879949 -32.844671 50.495
 37     3.338 53526.09368419 49.02 301.879019 -32.841401 50.495
 37     3.349 53526.09368483 49.89 301.878089 -32.838121 50.495
 37     3.365 53526.09368548 51.09 301.877159 -32.834851 50.495
 37     3.387 53526.09368612 50.26 301.876239 -32.831581 50.495
 37     3.388 53526.09368677 52.03 301.875309 -32.828301 50.495
 37     3.410 53526.09368741 50.65 301.874379 -32.825031 50.495
 37     3.428 53526.09368806 45.58 301.873449 -32.821761 50.495
 37     3.366 53526.09368870 43.07 301.872519 -32.818481 50.495
 37     3.340 53526.09368935 47.87 301.871589 -32.815211 50.495
 37     3.314 53526.09368999 52.80 301.870669 -32.811931 50.495
 37     3.321 53526.09369064 52.29 301.869739 -32.808661 50.495
 37     3.327 53526.09369128 52.97 301.868809 -32.805391 50.495
 37     3.331 53526.09369193 52.59 301.867879 -32.802111 50.495
 37     3.340 53526.09369257 53.05 301.866949 -32.798841 50.495
 37     3.347 53526.09369321 52.59 301.866019 -32.795561 50.495
 37     3.350 53526.09369386 53.09 301.865099 -32.792291 50.495
 37     3.352 53526.09369450 53.42 301.864169 -32.789021 50.495
 37     3.356 53526.09369515 53.04 301.863239 -32.785741 50.495
 39     1.152 53596.09364767 23.54 301.881940 -32.856766 21.076
 39     1.025 53596.09364831 22.38 301.881020 -32.853486 21.076
 39     0.889 53596.09364895 23.85 301.880090 -32.850216 21.076
 39     0.990 53596.09364960 19.69 301.879161 -32.846938 35.539
 39     1.017 53596.09365024 20.80 301.878231 -32.843668 35.539
 39     1.050 53596.09365089 24.60 301.877301 -32.840388 35.539
 39     1.013 53596.09365153 30.46 301.876371 -32.837118 35.539
 39     1.055 53596.09365218 29.05 301.875441 -32.833848 35.539
 39     1.080 53596.09365282 33.37 301.874521 -32.830568 35.539
 39     1.115 53596.09365347 41.02 301.873591 -32.827298 35.539
 39     1.205 53596.09365411 43.87 301.872661 -32.824018 35.539
 39     1.244 53596.09365476 48.12 301.871731 -32.820748 35.539
 39     1.007 53596.09365540 33.06 301.870801 -32.817478 35.539
 39     1.169 53596.09365605 33.62 301.869881 -32.814198 35.539
 39     1.208 53596.09365669 43.24 301.868951 -32.810928 35.539
 39     1.192 53596.09365734 46.24 301.868021 -32.807658 35.539
 39     1.201 53596.09365798 36.77 301.867091 -32.804378 35.539
 39     1.197 53596.09365862 33.00 301.866161 -32.801108 35.539
 39     1.202 53596.09365927 32.34 301.865241 -32.797828 35.539
 39     1.214 53596.09365991 44.71 301.864311 -32.794558 35.539
 39     1.199 53596.09366056 50.16 301.863381 -32.791288 35.539
 39     1.224 53596.09366120 49.86 301.862451 -32.788008 35.539
 40     1.834 53631.09364205 20.31 301.878996 -32.856661  9.954
 40     1.937 53631.09364270 19.78 301.878066 -32.853391  9.954
 40     1.938 53631.09364334 18.36 301.877138 -32.850116 11.123
 40     1.951 53631.09364399 20.34 301.876208 -32.846846 11.123
 40     1.914 53631.09364463 21.00 301.875278 -32.843566 11.123
 40     2.060 53631.09364528 19.60 301.874348 -32.840296 11.123
 40     2.039 53631.09364592 20.13 301.873418 -32.837026 11.123
 40     2.007 53631.09364656 19.81 301.872488 -32.833746 11.123
 40     1.867 53631.09364721 21.29 301.871558 -32.830476 11.123
 40     2.077 53631.09364785 21.90 301.870628 -32.827196 11.123
 40     2.186 53631.09364850 28.39 301.869698 -32.823926 11.123
 40     2.579 53631.09364914 37.71 301.868768 -32.820656 11.123
 40     2.576 53631.09364979 30.51 301.867848 -32.817376 11.123
 40     2.556 53631.09365043 30.68 301.866918 -32.814106 11.123
 40     1.373 53631.09365108 24.37 301.865988 -32.810836 11.123
 40     0.913 53631.09365172 24.77 301.865058 -32.807556 11.123
 40     1.404 53631.09365237 22.86 301.864128 -32.804286 11.123
 40     1.716 53631.09365301 21.74 301.863198 -32.801006 11.123
 40     2.099 53631.09365366 22.18 301.862268 -32.797736 11.123
 41     3.138 53666.09366515 25.76 301.875580 -32.856275 16.054
 41     3.053 53666.09366579 25.43 301.874650 -32.852995 16.054
 41     2.989 53666.09366644 25.88 301.873720 -32.849725 16.054
 41     3.072 53666.09366708 27.98 301.872794 -32.846447 16.192
 41     3.149 53666.09366773 33.11 301.871864 -32.843177 16.192
 41     3.142 53666.09366837 32.07 301.870934 -32.839897 16.192
 41     3.143 53666.09366901 29.73 301.870004 -32.836627 16.192
 41     3.017 53666.09366966 27.45 301.869084 -32.833357 16.192
 41     2.918 53666.09367030 28.10 301.868154 -32.830077 16.192
 41     2.912 53666.09367095 24.53 301.867224 -32.826807 16.192
 41     2.935 53666.09367159 25.14 301.866294 -32.823537 16.192
 41     3.059 53666.09367224 25.14 301.865364 -32.820257 16.192
 41     3.074 53666.09367288 23.78 301.864434 -32.816987 16.192
 41     3.155 53666.09367353 24.54 301.863514 -32.813707 16.192
 41     3.090 53666.09367417 21.98 301.862584 -32.810437 16.192
 41     2.971 53666.09367482 21.70 301.861654 -32.807167 16.192
 41     3.018 53666.09367546 21.96 301.860724 -32.803887 16.192
 42     1.058 53701.09361597 19.49 301.880992 -32.856426  6.428
 42     1.256 53701.09361662 18.37 301.880062 -32.853156  6.428
 42     1.264 53701.09361726 18.37 301.879132 -32.849886  6.428
 42     1.254 53701.09361791 19.43 301.878212 -32.846606  6.428
 42     1.203 53701.09361855 19.30 301.877282 -32.843336  6.428
 42     1.200 53701.09361920 18.46 301.876352 -32.840058 17.497
 42     1.135 53701.09361984 19.79 301.875422 -32.836788 17.497
 42     1.216 53701.09362049 20.78 301.874492 -32.833508 17.497
 42     1.398 53701.09362113 24.19 301.873562 -32.830238 17.497
 42     1.570 53701.09362178 40.20 301.872642 -32.826968 17.497
 42     1.558 53701.09362242 46.97 301.871712 -32.823688 17.497
 42     1.704 53701.09362307 45.89 301.870782 -32.820418 17.497
 42     1.509 53701.09362371 24.98 301.869852 -32.817148 17.497
 42     1.350 53701.09362436 20.53 301.868922 -32.813868 17.497
 42     1.016 53701.09362500 18.97 301.867992 -32.810598 17.497
 42     1.223 53701.09362564 19.89 301.867072 -32.807318 17.497
 42     1.294 53701.09362629 19.82 301.866142 -32.804048 17.497
 42     1.408 53701.09362693 21.62 301.865212 -32.800778 17.497
 42     1.525 53701.09362758 27.47 301.864282 -32.797498 17.497
 42     1.550 53701.09362822 25.53 301.863362 -32.794228 17.497
 42     1.383 53701.09362887 24.48 301.862432 -32.790948 17.497
 42     1.450 53701.09362951 26.33 301.861502 -32.787678 17.497
 43     0.951 53736.09352656 22.63 301.879294 -32.855605 23.716
 43     0.622 53736.09352720 24.64 301.878374 -32.852335 23.716
 43     0.995 53736.09352785 22.46 301.877444 -32.849065 23.716
 43     1.179 53736.09352849 22.54 301.876514 -32.845785 23.716
 43     1.023 53736.09352914 24.37 301.875584 -32.842515 23.716
 43     1.299 53736.09352978 27.75 301.874653 -32.839235 31.466
 43     1.341 53736.09353043 39.15 301.873733 -32.835965 31.466
 43     1.421 53736.09353107 34.83 301.872803 -32.832685 31.466
 43     1.319 53736.09353172 27.02 301.871873 -32.829415 31.466
 43     1.490 53736.09353236 46.68 301.870943 -32.826145 31.466
 43     1.582 53736.09353301 45.94 301.870013 -32.822865 31.466
 43     1.435 53736.09353365 35.11 301.869093 -32.819595 31.466
 43     1.339 53736.09353429 31.53 301.868163 -32.816315 31.466
 43     1.395 53736.09353494 28.52 301.867233 -32.813045 31.466
 43     1.502 53736.09353558 44.21 301.866303 -32.809775 31.466
 43     1.655 53736.09353623 39.58 301.865383 -32.806495 31.466
 43    -0.904 53736.09353687 26.38 301.864453 -32.803225 31.466
 43     1.259 53736.09353752 20.45 301.863523 -32.799945 31.466
 43     1.419 53736.09353816 23.81 301.862593 -32.796675 31.466
 44     1.594 53771.09353059 14.87 301.885748 -32.853093  9.887
 44     1.659 53771.09353124 14.54 301.884818 -32.849813  9.887
 44     1.708 53771.09353188 16.15 301.883888 -32.846543  9.887
 44     1.722 53771.09353253 18.37 301.882958 -32.843273  9.887
 44     1.531 53771.09353511 17.16 301.879243 -32.830175  7.715
 44     1.521 53771.09353575 20.58 301.878313 -32.826895  7.715
 44     1.612 53771.09353640 23.52 301.877383 -32.823625  7.715
 44     1.748 53771.09353704 23.20 301.876463 -32.820355  7.715
 44     1.726 53771.09353769 19.56 301.875533 -32.817075  7.715
 44     1.628 53771.09353833 17.19 301.874603 -32.813805  7.715
 44     1.583 53771.09353898 16.95 301.873673 -32.810525  7.715
 44     1.579 53771.09353962 16.83 301.872743 -32.807255  7.715
 44     1.629 53771.09354026 17.32 301.871813 -32.803985  7.715
 44     1.711 53771.09354091 18.41 301.870893 -32.800705  7.715
 44     1.833 53771.09354155 18.54 301.869963 -32.797435  7.715
 44     1.938 53771.09354220 18.38 301.869033 -32.794165  7.715
 44     2.057 53771.09354284 18.19 301.868103 -32.790885  7.715
 44     2.101 53771.09354349 18.70 301.867173 -32.787615  7.715
 45     1.228 53806.09352148 19.33 301.880499 -32.857025  5.621
 45     1.257 53806.09352213 19.24 301.879579 -32.853755  5.621
 45     1.385 53806.09352277 17.99 301.878649 -32.850475  5.621
 45     1.309 53806.09352342 18.10 301.877719 -32.847205  5.621
 45     1.258 53806.09352406 19.29 301.876792 -32.843927 11.141
 45     1.318 53806.09352471 18.23 301.875862 -32.840657 11.141
 45     1.276 53806.09352535 18.36 301.874932 -32.837377 11.141
 45     1.357 53806.09352600 19.07 301.874002 -32.834107 11.141
 45     1.367 53806.09352664 20.12 301.873072 -32.830837 11.141
 45     1.579 53806.09352729 21.23 301.872152 -32.827557 11.141
 45     1.735 53806.09352793 36.51 301.871222 -32.824287 11.141
 45     1.894 53806.09352858 36.52 301.870292 -32.821007 11.141
 45     2.523 53806.09352922 26.70 301.869362 -32.817737 11.141
 45     2.200 53806.09352987 18.61 301.868432 -32.814467 11.141
 45     1.551 53806.09353051 17.92 301.867512 -32.811187 11.141
 45     1.778 53806.09353115 18.11 301.866582 -32.807917 11.141
 45     1.306 53806.09353180 17.80 301.865652 -32.804647 11.141
 45     1.184 53806.09353244 17.21 301.864722 -32.801367 11.141
 45     1.334 53806.09353309 16.76 301.863792 -32.798097 11.141
 45     1.541 53806.09353373 15.72 301.862872 -32.794817 11.141
 45     1.897 53806.09353438 17.06 301.861942 -32.791547 11.141
 47     1.930 53876.09358946 20.90 301.882660 -32.855404 26.053
 47     1.910 53876.09359011 22.60 301.881730 -32.852124 26.053
 47     1.976 53876.09359075 23.39 301.880800 -32.848854 26.053
 47     1.872 53876.09359140 25.51 301.879872 -32.845578 28.686
 47     1.966 53876.09359204 25.80 301.878942 -32.842308 28.686
 47     1.956 53876.09359269 26.00 301.878012 -32.839028 28.686
 47     2.010 53876.09359333 25.96 301.877082 -32.835758 28.686
 47     1.868 53876.09359397 25.03 301.876162 -32.832488 28.686
 47     1.778 53876.09359462 25.89 301.875232 -32.829208 28.686
 47     1.974 53876.09359526 33.59 301.874302 -32.825938 28.686
 47     2.102 53876.09359591 32.99 301.873372 -32.822658 28.686
 47     2.038 53876.09359655 42.07 301.872442 -32.819388 28.686
 47     2.282 53876.09359720 34.82 301.871512 -32.816118 28.686
 47     2.153 53876.09359784 40.88 301.870592 -32.812838 28.686
 47     2.219 53876.09359849 41.58 301.869662 -32.809568 28.686
 47     2.044 53876.09359913 40.56 301.868732 -32.806288 28.686
 47     2.152 53876.09359978 40.84 301.867802 -32.803018 28.686
 47     1.986 53876.09360042 40.67 301.866872 -32.799748 28.686
 47     2.110 53876.09360107 26.32 301.865942 -32.796468 28.686
 47     2.081 53876.09360171 37.03 301.865022 -32.793198 28.686
 47     2.045 53876.09360236 39.31 301.864092 -32.789928 28.686
 47     1.999 53876.09360300 40.95 301.863162 -32.786648 28.686
 48     1.624 53911.09363808 25.69 301.874722 -32.857092 12.663
 48     1.597 53911.09363872 32.06 301.873792 -32.853812 12.663
 48     1.619 53911.09364517 26.51 301.864506 -32.821075 20.868
 48     1.719 53911.09364581 27.04 301.863576 -32.817805 20.868
 48     1.648 53911.09364646 26.32 301.862646 -32.814525 20.868
 48     1.527 53911.09364710 22.76 301.861716 -32.811255 20.868
 48     1.444 53911.09364775 20.77 301.860796 -32.807985 20.868
 48     1.406 53911.09364839 20.53 301.859866 -32.804705 20.868
 50     2.684 53981.09360164 50.86 301.875416 -32.857834 44.104
 50     2.638 53981.09360228 52.76 301.874486 -32.854564 44.104
 50     2.634 53981.09360809 51.46 301.866133 -32.825094 52.231
 50     2.634 53981.09360873 50.63 301.865203 -32.821814 52.231
 50     2.643 53981.09360937 49.45 301.864273 -32.818544 52.231
 50     2.644 53981.09361002 47.75 301.863343 -32.815274 52.231
 50     2.641 53981.09361066 46.65 301.862423 -32.811994 52.231
 50     2.651 53981.09361131 46.46 301.861493 -32.808724 52.231
 50     2.655 53981.09361195 48.58 301.860563 -32.805444 52.231
 50     2.658 53981.09361260 47.32 301.859633 -32.802174 52.231
 51     1.159 54016.09362358 52.03 301.884958 -32.855273 36.062
 51     1.147 54016.09362423 50.64 301.884028 -32.852003 36.062
 51     1.217 54016.09362487 49.15 301.883098 -32.848723 36.062
 51     1.295 54016.09362552 47.94 301.882168 -32.845453 36.062
 51     1.226 54016.09362616 48.42 301.881238 -32.842173 36.062
 51     1.280 54016.09362681 51.34 301.880308 -32.838903 36.062
 51     1.217 54016.09362745 49.82 301.879376 -32.835627 35.196
 51     1.289 54016.09362809 50.21 301.878456 -32.832357 35.196
 51     1.264 54016.09362874 49.18 301.877526 -32.829077 35.196
 51     1.206 54016.09362938 52.57 301.876596 -32.825807 35.196
 51     1.176 54016.09363003 51.44 301.875666 -32.822537 35.196
 51     1.157 54016.09363067 51.00 301.874736 -32.819257 35.196
 51     1.273 54016.09363132 47.32 301.873806 -32.815987 35.196
 51     1.172 54016.09363196 33.86 301.872876 -32.812707 35.196
 51     1.115 54016.09363261 30.21 301.871946 -32.809437 35.196
 51     1.066 54016.09363325 29.34 301.871026 -32.806167 35.196
 51     1.318 54016.09363390 32.91 301.870096 -32.802887 35.196
 51     1.226 54016.09363454 38.05 301.869166 -32.799617 35.196
 51     1.261 54016.09363519 32.16 301.868236 -32.796337 35.196
 51     1.228 54016.09363583 42.19 301.867306 -32.793067 35.196
 51     1.191 54016.09363648 44.06 301.866376 -32.789797 35.196
 51     1.319 54016.09363712 38.14 301.865446 -32.786517 35.196
 52     2.153 54051.09362328 19.67 301.887149 -32.854368  9.211
 52     2.105 54051.09362393 20.86 301.886219 -32.851088  9.211
 52     2.112 54051.09362457 24.62 301.885289 -32.847818  9.211
 52     2.063 54051.09362844 19.94 301.879718 -32.828168  7.876
 52     2.052 54051.09362909 22.73 301.878788 -32.824898  7.876
 52     2.015 54051.09362973 23.75 301.877858 -32.821618  7.876
 52     2.009 54051.09363038 23.92 301.876928 -32.818348  7.876
 52     1.896 54051.09363102 21.44 301.875998 -32.815078  7.876
 52     1.764 54051.09363166 21.52 301.875078 -32.811798  7.876
 52     1.618 54051.09363231 22.89 301.874148 -32.808528  7.876
 52     1.270 54051.09363295 24.59 301.873218 -32.805258  7.876
 52     1.680 54051.09363360 22.89 301.872288 -32.801978  7.876
 52     1.940 54051.09363424 21.99 301.871358 -32.798708  7.876
 52     2.112 54051.09363489 22.41 301.870438 -32.795428  7.876
 52     2.248 54051.09363553 23.08 301.869508 -32.792158  7.876
 52     2.235 54051.09363618 24.13 301.868578 -32.788878  7.876
 52     2.250 54051.09363682 25.88 301.867648 -32.785608  7.876
 53     1.610 54086.09361463 51.31 301.879275 -32.857125 45.686
 53     1.590 54086.09361527 51.79 301.878345 -32.853855 45.686
 53     1.587 54086.09361592 52.26 301.877415 -32.850575 45.686
 53     1.575 54086.09361656 52.09 301.876485 -32.847305 45.686
 53     1.578 54086.09361721 50.21 301.875555 -32.844025 45.686
 53     1.571 54086.09361785 47.25 301.874625 -32.840755 45.686
 53     1.567 54086.09361850 46.41 301.873705 -32.837485 45.686
 53     1.580 54086.09361914 46.74 301.872775 -32.834205 45.686
 53     1.576 54086.09361979 49.64 301.871845 -32.830935 45.686
 53     1.571 54086.09362043 52.44 301.870919 -32.827655 35.393
 53     1.574 54086.09362108 49.10 301.869989 -32.824385 35.393
 53     1.581 54086.09362172 39.83 301.869059 -32.821105 35.393
 53     1.587 54086.09362236 32.99 301.868129 -32.817835 35.393
 53     1.833 54086.09362301 29.32 301.867199 -32.814565 35.393
 53     1.597 54086.09362365 23.38 301.866279 -32.811285 35.393
 53     1.656 54086.09362430 25.09 301.865349 -32.808015 35.393
 53     1.658 54086.09362494 28.78 301.864419 -32.804735 35.393
 53     1.508 54086.09362559 30.37 301.863489 -32.801465 35.393
 53     1.511 54086.09362623 41.32 301.862559 -32.798195 35.393
 54     1.900 54121.09354059 23.20 301.874379 -32.858498 18.235
 54     1.871 54121.09354897 28.96 301.862315 -32.815937 24.370
 54     1.813 54121.09354961 25.76 301.861385 -32.812667 24.370
 54     1.816 54121.09355026 20.76 301.860455 -32.809387 24.370
 54     1.685 54121.09355090 19.94 301.859525 -32.806117 24.370
 55     0.933 54156.09357439 23.48 301.879033 -32.857115 16.988
 55     1.002 54156.09357504 23.23 301.878103 -32.853845 16.988
 55     1.013 54156.09357568 22.48 301.877173 -32.850565 16.988
 55     1.083 54156.09357633 23.40 301.876243 -32.847295 16.988
 55     1.218 54156.09357697 23.26 301.875313 -32.844025 16.988
 55     0.997 54156.09357762 25.18 301.874383 -32.840745 16.988
 55     1.051 54156.09357826 25.78 301.873463 -32.837475 16.988
 55     0.701 54156.09357891 25.79 301.872531 -32.834196 37.080
 55     1.302 54156.09357955 24.18 301.871601 -32.830926 37.080
 55     1.547 54156.09358020 42.51 301.870671 -32.827646 37.080
 55     1.592 54156.09358084 50.30 301.869741 -32.824376 37.080
 55     1.561 54156.09358149 44.28 301.868821 -32.821106 37.080
 55     1.409 54156.09358213 36.94 301.867891 -32.817826 37.080
 55     1.417 54156.09358277 32.23 301.866961 -32.814556 37.080
 55     1.448 54156.09358342 38.28 301.866031 -32.811286 37.080
 55     1.469 54156.09358406 37.55 301.865101 -32.808006 37.080
 55    -0.817 54156.09358471 25.47 301.864171 -32.804736 37.080
 55     1.078 54156.09358535 24.35 301.863251 -32.801456 37.080
 55     1.453 54156.09358600 38.41 301.862321 -32.798186 37.080
 56     3.227 54191.09353860 27.15 301.875465 -32.855548 15.758
 56     3.218 54191.09353925 25.51 301.874535 -32.852278 15.758
 56     3.340 54191.09353989 25.78 301.873605 -32.848998 15.758
 56     3.293 54191.09354054 28.73 301.872675 -32.845728 15.758
 56     3.385 54191.09354118 31.00 301.871741 -32.842449 18.865
 56     3.358 54191.09354183 30.08 301.870821 -32.839179 18.865
 56     3.357 54191.09354247 28.75 301.869891 -32.835899 18.865
 56     3.273 54191.09354312 29.00 301.868961 -32.832629 18.865
 56     3.171 54191.09354376 26.75 301.868031 -32.829359 18.865
 56     3.262 54191.09354440 26.36 301.867101 -32.826079 18.865
 56     3.252 54191.09354505 27.47 301.866181 -32.822809 18.865
 56     3.281 54191.09354569 29.29 301.865251 -32.819529 18.865
 56     3.333 54191.09354634 29.36 301.864321 -32.816259 18.865
 56     3.253 54191.09354698 27.77 301.863391 -32.812989 18.865
 56     3.209 54191.09354763 27.65 301.862471 -32.809709 18.865
 56     3.182 54191.09354827 24.98 301.861541 -32.806439 18.865
 56     3.257 54191.09354892 25.72 301.860611 -32.803159 18.865
 57     1.796 54226.09358527 11.13 301.879933 -32.856982  7.284
 57     2.104 54226.09358591 10.65 301.879003 -32.853702  7.284
 57     2.251 54226.09358656 11.18 301.878073 -32.850432  7.284
 57     2.406 54226.09358720 11.58 301.877146 -32.847157 11.887
 57     2.366 54226.09358785 12.83 301.876216 -32.843887 11.887
 57     2.500 54226.09358849 13.61 301.875286 -32.840607 11.887
 57     2.393 54226.09358914 14.95 301.874356 -32.837337 11.887
 57     2.309 54226.09358978 17.44 301.873436 -32.834067 11.887
 57     2.375 54226.09359043 17.99 301.872506 -32.830787 11.887
 57     2.514 54226.09359107 18.25 301.871576 -32.827517 11.887
 57     2.618 54226.09359172 25.62 301.870646 -32.824237 11.887
 57     2.682 54226.09359236 38.60 301.869716 -32.820967 11.887
 57     2.765 54226.09359301 35.01 301.868786 -32.817697 11.887
 57     2.764 54226.09359365 32.81 301.867866 -32.814417 11.887
 57     2.740 54226.09359429 25.22 301.866936 -32.811147 11.887
 57     2.382 54226.09359494 16.47 301.866006 -32.807867 11.887
 57     2.199 54226.09359558 16.74 301.865076 -32.804597 11.887
 57     2.328 54226.09359623 16.47 301.864146 -32.801327 11.887
 57     2.408 54226.09359687 17.69 301.863226 -32.798047 11.887
 57     2.731 54226.09359752 21.47 301.862296 -32.794777 11.887
 58     1.542 54261.09360630 25.09 301.879761 -32.854721  9.853
 58     1.903 54261.09360694 16.92 301.878831 -32.851451  9.853
 58     1.898 54261.09360759 17.07 301.877904 -32.848174 10.368
 58     1.819 54261.09360823 18.33 301.876974 -32.844904 10.368
 58     1.872 54261.09360888 17.82 301.876044 -32.841624 10.368
 58     1.878 54261.09360952 18.36 301.875114 -32.838354 10.368
 58     1.912 54261.09361017 17.97 301.874194 -32.835084 10.368
 58     1.805 54261.09361081 19.96 301.873264 -32.831804 10.368
 58     1.950 54261.09361146 19.88 301.872334 -32.828534 10.368
 58     2.112 54261.09361210 24.18 301.871404 -32.825254 10.368
 58     2.292 54261.09361275 36.10 301.870474 -32.821984 10.368
 58     2.741 54261.09361339 35.40 301.869544 -32.818714 10.368
 58     2.532 54261.09361404 24.53 301.868624 -32.815434 10.368
 58     2.613 54261.09361468 21.99 301.867694 -32.812164 10.368
 58     1.451 54261.09361532 22.20 301.866764 -32.808894 10.368
 58     1.122 54261.09361597 24.04 301.865834 -32.805614 10.368
 58     1.497 54261.09361661 24.37 301.864904 -32.802344 10.368
 58     1.848 54261.09361726 22.16 301.863974 -32.799064 10.368
 58     2.012 54261.09361790 23.46 301.863054 -32.795794 10.368
 58     2.106 54261.09361855 24.35 301.862124 -32.792524 10.368
 59     1.506 54296.09361012 24.20 301.879897 -32.855598  6.813
 59     1.511 54296.09361077 24.48 301.878967 -32.852328  6.813
 59     1.611 54296.09361141 24.35 301.878041 -32.849050 28.474
 59     1.615 54296.09361206 24.61 301.877111 -32.845780 28.474
 59     1.689 54296.09361270 26.49 301.876181 -32.842500 28.474
 59     1.705 54296.09361335 33.71 301.875251 -32.839230 28.474
 59     1.734 54296.09361399 33.70 301.874331 -32.835960 28.474
 59     1.729 54296.09361464 27.20 301.873401 -32.832680 28.474
 59     1.779 54296.09361528 30.44 301.872471 -32.829410 28.474
 59     1.695 54296.09361593 44.40 301.871541 -32.826140 28.474
 59     1.626 54296.09361657 40.37 301.870611 -32.822860 28.474
 59     2.394 54296.09361722 33.60 301.869681 -32.819590 28.474
 59     1.806 54296.09361786 26.59 301.868761 -32.816310 28.474
 59     1.890 54296.09361851 26.41 301.867831 -32.813040 28.474
 59     1.759 54296.09361915 20.30 301.866901 -32.809770 28.474
 59     1.540 54296.09361979 20.15 301.865971 -32.806490 28.474
 59     1.712 54296.09362044 23.94 301.865041 -32.803220 28.474
 59     1.690 54296.09362108 38.60 301.864111 -32.799940 28.474
 59     1.960 54296.09362173 46.92 301.863191 -32.796670 28.474
 59     1.750 54296.09362237 53.43 301.862261 -32.793400 28.474
 60     2.186 54331.09360173 19.27 301.879312 -32.854915 10.589
 60     2.175 54331.09360238 18.92 301.878382 -32.851635 10.589
 60     2.041 54331.09360302 18.26 301.877462 -32.848365 10.589
 60     2.159 54331.09360367 18.31 301.876531 -32.845087 13.145
 60     2.232 54331.09360431 18.23 301.875601 -32.841817 13.145
 60     2.259 54331.09360495 17.99 301.874671 -32.838537 13.145
 60     2.217 54331.09360560 16.36 301.873741 -32.835267 13.145
 60     2.143 54331.09360624 17.00 301.872821 -32.831997 13.145
 60     2.241 54331.09360689 17.38 301.871891 -32.828717 13.145
 60     2.437 54331.09360753 22.06 301.870961 -32.825447 13.145
 60     2.487 54331.09360818 37.11 301.870031 -32.822177 13.145
 60     2.537 54331.09360882 46.35 301.869101 -32.818897 13.145
 60     2.561 54331.09360947 32.65 301.868171 -32.815627 13.145
 60     2.572 54331.09361011 29.08 301.867251 -32.812347 13.145
 60     2.259 54331.09361076 17.53 301.866321 -32.809077 13.145
 60     2.012 54331.09361140 17.63 301.865391 -32.805807 13.145
 60     1.921 54331.09361205 17.95 301.864461 -32.802527 13.145
 60     2.201 54331.09361269 19.03 301.863541 -32.799257 13.145
 60     2.562 54331.09361334 20.04 301.862611 -32.795977 13.145
 61     1.520 54366.09354528 24.86 301.875421 -32.855441  7.398
 61     1.951 54366.09354593 20.08 301.874491 -32.852171  7.398
 61     2.155 54366.09354657 16.63 301.873561 -32.848891  7.398
 61     2.213 54366.09354722 19.54 301.872631 -32.845621  7.398
 61     2.399 54366.09354786 20.18 301.871707 -32.842342  9.047
 61     2.526 54366.09354851 19.79 301.870777 -32.839072  9.047
 61     2.405 54366.09354915 20.26 301.869847 -32.835792  9.047
 61     2.285 54366.09354980 18.60 301.868917 -32.832522  9.047
 61     2.223 54366.09355044 18.52 301.867987 -32.829252  9.047
 61     2.181 54366.09355109 17.70 301.867057 -32.825972  9.047
 61     2.177 54366.09355173 20.04 301.866137 -32.822702  9.047
 61     2.326 54366.09355238 19.24 301.865207 -32.819422  9.047
 61     2.368 54366.09355302 19.88 301.864277 -32.816152  9.047
 61     2.398 54366.09355367 18.80 301.863347 -32.812882  9.047
 61     2.212 54366.09355431 18.75 301.862427 -32.809602  9.047
 61     1.956 54366.09355495 18.38 301.861497 -32.806332  9.047
 61     2.169 54366.09355560 18.65 301.860567 -32.803052  9.047
 62     2.374 54401.09354386 21.93 301.880277 -32.854417 16.855
 62     2.353 54401.09354450 22.91 301.879347 -32.851147 16.855
 62     2.434 54401.09354515 23.95 301.878417 -32.847867 16.855
 62     2.552 54401.09354579 24.47 301.877487 -32.844597 16.855
 62     2.617 54401.09354644 25.08 301.876557 -32.841327 16.855
 62     2.594 54401.09354708 26.51 301.875637 -32.838047 16.855
 62     2.691 54401.09354773 26.68 301.874707 -32.834777 16.855
 62     2.772 54401.09354837 25.97 301.873777 -32.831498 30.377
 62     2.862 54401.09354902 40.84 301.872847 -32.828228 30.377
 62     2.952 54401.09354966 47.22 301.871917 -32.824948 30.377
 62     3.005 54401.09355030 46.62 301.870987 -32.821678 30.377
 62     2.920 54401.09355095 36.60 301.870057 -32.818408 30.377
 62     2.780 54401.09355159 31.29 301.869137 -32.815128 30.377
 62     2.749 54401.09355224 26.92 301.868207 -32.811858 30.377
 62     2.747 54401.09355288 25.67 301.867277 -32.808578 30.377
 62     2.548 54401.09355353 25.55 301.866347 -32.805308 30.377
 62     2.845 54401.09355417 30.14 301.865417 -32.802038 30.377
 62     3.007 54401.09355482 39.38 301.864497 -32.798758 30.377
 62     3.068 54401.09355546 41.46 301.863567 -32.795488 30.377
 62     2.971 54401.09355611 43.84 301.862637 -32.792208 30.377
 62     2.982 54401.09355675 48.31 301.861707 -32.788938 30.377
 63     1.854 54436.09350044 22.13 301.877149 -32.857531  7.092
 63     1.873 54436.09350109 23.39 301.876219 -32.854261  7.092
 63     1.870 54436.09350173 18.83 301.875289 -32.850991  7.092
 63     1.846 54436.09350238 22.67 301.874359 -32.847711  7.092
 63     1.852 54436.09350302 22.02 301.873439 -32.844441  7.092
 63     1.854 54436.09350367 22.12 301.872509 -32.841171  7.092
 63     1.886 54436.09350431 23.64 301.871579 -32.837891  7.092
 63     1.818 54436.09350496 24.06 301.870649 -32.834621  7.092
 63     1.786 54436.09350560 24.24 301.869716 -32.831341 23.479
 63     1.729 54436.09350625 24.41 301.868796 -32.828071 23.479
 63     1.843 54436.09350689 26.07 301.867866 -32.824791 23.479
 63     1.928 54436.09350754 27.61 301.866936 -32.821521 23.479
 63     2.061 54436.09350818 29.86 301.866006 -32.818251 23.479
 63     1.952 54436.09350883 30.94 301.865076 -32.814971 23.479
 63     2.268 54436.09350947 23.83 301.864156 -32.811701 23.479
 63     1.924 54436.09351011 19.83 301.863226 -32.808421 23.479
 63     1.846 54436.09351076 19.40 301.862296 -32.805151 23.479
 63     1.846 54436.09351140 25.35 301.861366 -32.801881 23.479
 64     1.667 54471.09352780 17.66 301.883976 -32.855677  9.078
 64     1.710 54471.09352844 18.43 301.883046 -32.852407  9.078
 64     1.717 54471.09352909 19.17 301.882116 -32.849127  9.078
 64     1.787 54471.09352973 18.45 301.881186 -32.845857  9.078
 64     1.856 54471.09353037 19.77 301.880256 -32.842587  9.078
 64     2.010 54471.09353102 22.29 301.879326 -32.839307  9.078
 64     2.023 54471.09353166 22.92 301.878396 -32.836037  9.078
 64     1.937 54471.09353231 33.05 301.877470 -32.832759 11.299
 64     1.930 54471.09353295 32.39 301.876540 -32.829489 11.299
 64     1.860 54471.09353360 28.20 301.875610 -32.826209 11.299
 64     1.845 54471.09353424 27.65 301.874680 -32.822939 11.299
 64     1.952 54471.09353489 27.34 301.873760 -32.819669 11.299
 64     2.276 54471.09353553 20.25 301.872830 -32.816389 11.299
 64     2.230 54471.09353618 19.93 301.871900 -32.813119 11.299
 64     1.998 54471.09353682 19.28 301.870970 -32.809839 11.299
 64     1.632 54471.09353747 19.79 301.870040 -32.806569 11.299
 64     1.535 54471.09353811 20.31 301.869110 -32.803299 11.299
 64     1.643 54471.09353876 20.96 301.868190 -32.800019 11.299
 64     1.743 54471.09353940 22.54 301.867260 -32.796749 11.299
 64     1.680 54471.09354004 22.51 301.866330 -32.793469 11.299
 64     1.757 54471.09354069 23.60 301.865400 -32.790199 11.299
 64     1.812 54471.09354133 24.49 301.864470 -32.786929 11.299
 65     1.374 54506.09351343 27.64 301.877193 -32.857605 15.993
 65     1.412 54506.09351408 37.21 301.876273 -32.854335 15.993
 65     1.432 54506.09351472 40.39 301.875343 -32.851055 15.993
 65     1.442 54506.09351537 39.79 301.874413 -32.847785 15.993
 65     1.436 54506.09351601 32.22 301.873487 -32.844506 39.296
 65     1.402 54506.09351666 24.87 301.872557 -32.841236 39.296
 65     1.331 54506.09351730 25.44 301.871627 -32.837956 39.296
 65     1.365 54506.09351795 25.03 301.870697 -32.834686 39.296
 65     1.429 54506.09351859 42.45 301.869767 -32.831416 39.296
 65     1.564 54506.09351924 50.47 301.868837 -32.828136 39.296
 65     1.640 54506.09351988 52.89 301.867917 -32.824866 39.296
 65     1.492 54506.09352053 50.08 301.866987 -32.821586 39.296
 65     1.496 54506.09352117 49.74 301.866057 -32.818316 39.296
 65     1.595 54506.09352182 45.63 301.865127 -32.815046 39.296
 65     1.513 54506.09352246 32.34 301.864207 -32.811766 39.296
 65     1.431 54506.09352310 27.74 301.863277 -32.808496 39.296
 65     1.564 54506.09352375 33.73 301.862347 -32.805216 39.296
 65     1.575 54506.09352439 43.35 301.861417 -32.801946 39.296
 66     0.940 54541.09354221 21.60 301.881266 -32.856700 18.414
 66     0.991 54541.09354285 22.09 301.880339 -32.853423 11.843
 66     0.961 54541.09354349 21.77 301.879409 -32.850153 11.843
 66     1.016 54541.09354414 21.17 301.878479 -32.846873 11.843
 66     1.055 54541.09354478 21.46 301.877549 -32.843603 11.843
 66     1.154 54541.09354543 20.81 301.876629 -32.840333 11.843
 66     1.238 54541.09354607 21.05 301.875699 -32.837053 11.843
 66     1.106 54541.09354672 23.32 301.874769 -32.833783 11.843
 66     1.102 54541.09354736 23.99 301.873839 -32.830513 11.843
 66     1.352 54541.09354801 28.62 301.872909 -32.827233 11.843
 66     1.388 54541.09354865 44.14 301.871979 -32.823963 11.843
 66     1.336 54541.09354930 47.59 301.871059 -32.820683 11.843
 66     1.041 54541.09354994 30.80 301.870129 -32.817413 11.843
 66     1.165 54541.09355059 23.41 301.869199 -32.814143 11.843
 66     1.148 54541.09355123 21.98 301.868269 -32.810863 11.843
 66     1.404 54541.09355188 23.74 301.867339 -32.807593 11.843
 66     0.744 54541.09355252 20.06 301.866409 -32.804313 11.843
 66     0.978 54541.09355316 19.79 301.865489 -32.801043 11.843
 66     0.891 54541.09355381 19.78 301.864559 -32.797773 11.843
 66     0.896 54541.09355445 20.45 301.863629 -32.794493 11.843
 66     1.046 54541.09355510 22.14 301.862699 -32.791223 11.843
 66     1.255 54541.09355574 24.00 301.861772 -32.787944 16.279
 67     1.427 54576.09351509 22.30 301.876933 -32.857627  7.388
 67     1.394 54576.09351574 19.96 301.876003 -32.854357  7.388
 67     1.490 54576.09351638 17.41 301.875075 -32.851080 23.874
 67     1.421 54576.09351703 23.55 301.874145 -32.847810 23.874
 67     1.321 54576.09351767 24.09 301.873215 -32.844530 23.874
 67     1.400 54576.09351832 23.03 301.872285 -32.841260 23.874
 67     1.357 54576.09351896 23.45 301.871355 -32.837990 23.874
 67     1.363 54576.09351961 25.01 301.870435 -32.834710 23.874
 67     1.390 54576.09352025 23.95 301.869505 -32.831440 23.874
 67     1.423 54576.09352090 25.15 301.868575 -32.828160 23.874
 67     1.450 54576.09352154 25.39 301.867645 -32.824890 23.874
 67     1.425 54576.09352219 27.41 301.866715 -32.821620 23.874
 67     1.430 54576.09352283 26.10 301.865795 -32.818340 23.874
 67     1.570 54576.09352348 32.17 301.864865 -32.815070 23.874
 67     1.669 54576.09352412 27.82 301.863935 -32.811790 23.874
 67     1.391 54576.09352476 19.85 301.863005 -32.808520 23.874
 67     1.218 54576.09352541 20.99 301.862085 -32.805250 23.874
 67     1.487 54576.09352605 25.85 301.861155 -32.801970 23.874
 68     0.879 54611.09353510 21.30 301.879530 -32.855080 13.438
 68     1.173 54611.09353575 18.02 301.878600 -32.851810 13.438
 68     1.169 54611.09353639 15.81 301.877670 -32.848530 13.438
 68     1.053 54611.09353704 20.35 301.876750 -32.845260 13.438
 68     1.027 54611.09353768 17.10 301.875820 -32.841990 13.438
 68     1.042 54611.09353833 17.33 301.874890 -32.838710 13.438
 68     1.006 54611.09353897 19.33 301.873960 -32.835440 13.438
 68     0.963 54611.09353962 20.35 301.873030 -32.832160 13.438
 68     1.011 54611.09354026 23.28 301.872100 -32.828890 13.438
 68     1.416 54611.09354090 32.03 301.871170 -32.825620 13.438
 68     1.397 54611.09354155 33.64 301.870250 -32.822340 13.438
 68     1.232 54611.09354219 28.25 301.869320 -32.819070 13.438
 68     1.205 54611.09354284 17.30 301.868390 -32.815800 13.438
 68     0.923 54611.09354348 16.35 301.867460 -32.812520 13.438
 68     1.000 54611.09354413 17.19 301.866530 -32.809250 13.438
 68     1.035 54611.09354477 17.35 301.865600 -32.805970 13.438
 68     0.852 54611.09354542 17.51 301.864680 -32.802700 13.438
 68     0.865 54611.09354606 19.58 301.863750 -32.799430 13.438
 68     0.919 54611.09354671 20.21 301.862820 -32.796150 13.438
 69     1.064 54646.09354167 23.72 301.879138 -32.856707 22.900
 69     1.040 54646.09354232 22.52 301.878211 -32.853429 37.932
 69     1.035 54646.09354296 22.37 301.877281 -32.850159 37.932
 69     1.095 54646.09354361 22.68 301.876351 -32.846879 37.932
 69     1.255 54646.09354425 24.50 301.875421 -32.843609 37.932
 69     1.286 54646.09354489 26.45 301.874501 -32.840339 37.932
 69     0.850 54646.09354554 41.56 301.873571 -32.837059 37.932
 69     1.493 54646.09354618 49.48 301.872641 -32.833789 37.932
 69     1.288 54646.09354683 55.70 301.871711 -32.830519 37.932
 69     1.240 54646.09354747 50.77 301.870781 -32.827239 37.932
 69     1.229 54646.09354812 47.65 301.869851 -32.823969 37.932
 69     2.412 54646.09354876 38.72 301.868931 -32.820689 37.932
 69     2.377 54646.09354941 42.95 301.868001 -32.817419 37.932
 69     2.552 54646.09355005 49.57 301.867071 -32.814149 37.932
 69     1.359 54646.09355070 42.93 301.866141 -32.810869 37.932
 69     1.325 54646.09355134 52.15 301.865211 -32.807599 37.932
 69     1.281 54646.09355199 52.01 301.864281 -32.804319 37.932
 69     1.243 54646.09355263 48.90 301.863361 -32.801049 37.932
 69     1.207 54646.09355328 45.90 301.862431 -32.797779 37.932
 70     2.057 54681.09354303 20.06 301.878235 -32.855405  9.317
 70     2.104 54681.09354368 17.80 301.877310 -32.852129 11.561
 70     1.975 54681.09354432 17.20 301.876380 -32.848859 11.561
 70     1.944 54681.09354497 18.30 301.875450 -32.845579 11.561
 70     1.964 54681.09354561 19.66 301.874520 -32.842309 11.561
 70     2.001 54681.09354626 20.79 301.873600 -32.839039 11.561
 70     2.012 54681.09354690 21.07 301.872670 -32.835759 11.561
 70     2.060 54681.09354755 21.40 301.871740 -32.832489 11.561
 70     1.968 54681.09354819 22.19 301.870810 -32.829219 11.561
 70     2.131 54681.09354884 20.30 301.869880 -32.825939 11.561
 70     2.278 54681.09354948 30.74 301.868950 -32.822669 11.561
 70     2.343 54681.09355013 36.88 301.868030 -32.819389 11.561
 70     2.416 54681.09355077 44.97 301.867100 -32.816119 11.561
 70     2.444 54681.09355142 46.99 301.866170 -32.812849 11.561
 70     2.039 54681.09355206 23.00 301.865240 -32.809569 11.561
 70     1.384 54681.09355270 19.90 301.864310 -32.806299 11.561
 70     1.538 54681.09355335 19.89 301.863380 -32.803019 11.561
 70     1.672 54681.09355399 20.03 301.862460 -32.799749 11.561
 71     1.996 54716.09349253 25.00 301.877119 -32.857351  5.877
 71     1.968 54716.09349317 24.13 301.876189 -32.854081  5.877
 71     2.080 54716.09349382 20.24 301.875263 -32.850802  8.943
 71     2.064 54716.09349446 21.87 301.874333 -32.847532  8.943
 71     2.033 54716.09349511 22.58 301.873403 -32.844252  8.943
 71     2.059 54716.09349575 23.80 301.872473 -32.840982  8.943
 71     2.026 54716.09349640 25.91 301.871543 -32.837712  8.943
 71     2.071 54716.09349704 24.14 301.870613 -32.834432  8.943
 71     2.102 54716.09349769 23.56 301.869693 -32.831162  8.943
 71     2.092 54716.09349833 23.28 301.868763 -32.827882  8.943
 71     2.135 54716.09349898 23.81 301.867833 -32.824612  8.943
 71     2.506 54716.09349962 26.86 301.866903 -32.821342  8.943
 71     2.569 54716.09350027 27.39 301.865983 -32.818062  8.943
 71     2.621 54716.09350091 28.35 301.865053 -32.814792  8.943
 71     2.276 54716.09350155 24.96 301.864123 -32.811522  8.943
 71     1.218 54716.09350220 26.86 301.863193 -32.808242  8.943
 71     1.424 54716.09350284 27.21 301.862263 -32.804972  8.943
 71     1.488 54716.09350349 28.21 301.861343 -32.801692  8.943
 72     0.870 54751.09351442 23.55 301.880304 -32.855542 38.891
 72     1.292 54751.09351507 25.65 301.879374 -32.852272 38.891
 72     1.274 54751.09351571 25.41 301.878454 -32.848992 38.891
 72     1.326 54751.09351636 31.63 301.877524 -32.845722 38.891
 72     1.322 54751.09351700 42.54 301.876594 -32.842452 38.891
 72     1.152 54751.09351764 45.99 301.875664 -32.839172 38.891
 72     1.187 54751.09351829 46.94 301.874734 -32.835902 38.891
 72     1.204 54751.09351893 41.75 301.873804 -32.832622 38.891
 72     1.216 54751.09351958 44.91 301.872874 -32.829352 38.891
 72     1.190 54751.09352022 44.53 301.871944 -32.826082 38.891
 72     1.182 54751.09352087 43.60 301.871024 -32.822802 38.891
 72     2.154 54751.09352151 32.81 301.870094 -32.819532 38.891
 72     1.122 54751.09352216 34.19 301.869164 -32.816262 38.891
 72     1.180 54751.09352280 30.39 301.868234 -32.812982 38.891
 72     1.196 54751.09352345 36.08 301.867304 -32.809712 38.891
 72     1.167 54751.09352409 29.40 301.866374 -32.806432 38.891
 72     1.378 54751.09352474 32.78 301.865454 -32.803162 38.891
 72     1.247 54751.09352538 51.21 301.864524 -32.799892 38.891
 72     1.187 54751.09352603 55.40 301.863594 -32.796612 38.891
 72     1.229 54751.09352667 54.24 301.862664 -32.793342 38.891
 72     1.277 54751.09352732 52.93 301.861733 -32.790061 39.160
 72     1.343 54751.09352796 50.83 301.860813 -32.786791 39.160
 73     3.356 54786.09348107 29.16 301.878038 -32.857275 22.681
 73     3.265 54786.09348172 29.72 301.877118 -32.854005 22.681
 73     3.399 54786.09348236 31.22 301.876187 -32.850726 17.056
 73     3.461 54786.09348301 30.93 301.875257 -32.847456 17.056
 73     3.433 54786.09348365 31.38 301.874327 -32.844176 17.056
 73     3.418 54786.09348429 34.93 301.873397 -32.840906 17.056
 73     3.572 54786.09348494 32.00 301.872467 -32.837636 17.056
 73     3.469 54786.09348558 30.64 301.871547 -32.834356 17.056
 73     3.321 54786.09348623 30.31 301.870617 -32.831086 17.056
 73     3.323 54786.09348687 30.37 301.869687 -32.827806 17.056
 73     3.423 54786.09348752 30.22 301.868757 -32.824536 17.056
 73     3.673 54786.09348816 29.32 301.867827 -32.821266 17.056
 73     3.713 54786.09348881 32.44 301.866907 -32.817986 17.056
 73     3.790 54786.09348945 37.10 301.865977 -32.814716 17.056
 73     3.917 54786.09349010 39.84 301.865047 -32.811436 17.056
 73     3.490 54786.09349074 29.92 301.864117 -32.808166 17.056
 73     3.441 54786.09349139 29.04 301.863187 -32.804896 17.056
 73     3.330 54786.09349203 29.97 301.862267 -32.801616 17.056
 73     3.318 54786.09349268 31.07 301.861337 -32.798346 17.056
 74     1.384 54821.09350773 19.20 301.881341 -32.854042 11.984
 74     1.395 54821.09350837 18.43 301.880411 -32.850772 11.984
 74     1.509 54821.09350902 19.25 301.879491 -32.847492 11.984
 74     1.249 54821.09350966 22.28 301.878561 -32.844222 11.984
 74     1.472 54821.09351031 20.04 301.877631 -32.840952 11.984
 74     1.486 54821.09351095 18.73 301.876701 -32.837672 11.984
 74     1.417 54821.09351160 18.81 301.875771 -32.834402 11.984
 74     1.503 54821.09351224 19.51 301.874841 -32.831122 11.984
 74     1.771 54821.09351289 21.30 301.873911 -32.827852 11.984
 74     1.808 54821.09351353 35.62 301.872981 -32.824582 11.984
 74     1.743 54821.09351418 47.24 301.872061 -32.821302 11.984
 74     2.075 54821.09351482 31.88 301.871131 -32.818032 11.984
 74     2.267 54821.09351547 19.66 301.870201 -32.814762 11.984
 74     2.062 54821.09351611 21.04 301.869271 -32.811482 11.984
 74     0.785 54821.09351676 23.72 301.868341 -32.808212 11.984
 74     0.864 54821.09351740 22.84 301.867411 -32.804932 11.984
 74     1.172 54821.09351804 22.41 301.866491 -32.801662 11.984
 74     1.467 54821.09351869 21.50 301.865561 -32.798392 11.984
 74     1.567 54821.09351933 22.93 301.864631 -32.795112 11.984
 74     1.618 54821.09351998 25.39 301.863701 -32.791842 11.984
 74     1.523 54821.09352062 25.15 301.862770 -32.788564 12.850
 75     1.176 54856.09347842 18.71 301.878235 -32.855490 41.251
 75     1.229 54856.09347907 19.55 301.877304 -32.852211 43.702
 75     1.294 54856.09347971 37.87 301.876374 -32.848941 43.702
 75     0.938 54856.09348036 47.30 301.875444 -32.845661 43.702
 75     1.294 54856.09348100 50.47 301.874514 -32.842391 43.702
 75     1.342 54856.09348165 35.84 301.873594 -32.839121 43.702
 75     0.936 54856.09348229 21.51 301.872664 -32.835841 43.702
 75     1.300 54856.09348293 26.86 301.871734 -32.832571 43.702
 75     1.319 54856.09348358 47.69 301.870804 -32.829291 43.702
 75     1.396 54856.09348422 52.48 301.869874 -32.826021 43.702
 75     1.412 54856.09348487 47.56 301.868944 -32.822751 43.702
 75     1.369 54856.09348551 42.80 301.868024 -32.819471 43.702
 75     1.311 54856.09348616 35.94 301.867094 -32.816201 43.702
 75     1.296 54856.09348680 37.78 301.866164 -32.812921 43.702
 75     1.382 54856.09348745 48.60 301.865234 -32.809651 43.702
 75     1.383 54856.09348809 44.02 301.864304 -32.806381 43.702
 75     1.347 54856.09348874 45.76 301.863384 -32.803101 43.702
 75     1.360 54856.09348938 47.94 301.862454 -32.799831 43.702
 76     0.961 54891.09351071 21.59 301.877986 -32.857921  7.692
 76     0.987 54891.09351135 22.03 301.877060 -32.854643 14.726
 76     0.787 54891.09351199 22.01 301.876130 -32.851373 14.726
 76     0.908 54891.09351264 22.13 301.875200 -32.848093 14.726
 76     0.952 54891.09351328 22.56 301.874270 -32.844823 14.726
 76     0.962 54891.09351393 21.59 301.873350 -32.841553 14.726
 76     1.035 54891.09351457 21.40 301.872420 -32.838273 14.726
 76     0.976 54891.09351522 21.87 301.871490 -32.835003 14.726
 76     0.974 54891.09351586 23.03 301.870560 -32.831723 14.726
 76     1.105 54891.09351651 25.79 301.869630 -32.828453 14.726
 76     1.215 54891.09351715 34.29 301.868700 -32.825183 14.726
 76     1.322 54891.09351780 42.47 301.867780 -32.821903 14.726
 76     1.256 54891.09351844 46.64 301.866850 -32.818633 14.726
 76     1.272 54891.09351909 30.83 301.865920 -32.815353 14.726
 76     0.804 54891.09351973 22.01 301.864990 -32.812083 14.726
 76     0.221 54891.09352038 24.68 301.864060 -32.808813 14.726
 76     0.274 54891.09352102 23.80 301.863130 -32.805533 14.726
 76     0.731 54891.09352166 22.09 301.862210 -32.802263 14.726
 76     1.202 54891.09352231 28.44 301.861280 -32.798993 14.726
 77     1.296 54926.09347635 33.27 301.874064 -32.855919 19.633
 77     1.363 54926.09348344 30.65 301.863849 -32.819912 22.922
 77     1.338 54926.09348408 26.21 301.862929 -32.816632 22.922
 77     1.156 54926.09348473 26.85 301.861999 -32.813362 22.922
 77     1.194 54926.09348537 20.63 301.861069 -32.810092 22.922
 77     1.119 54926.09348602 18.91 301.860139 -32.806812 22.922
 77     1.114 54926.09348666 17.21 301.859219 -32.803542 22.922
 78     1.173 54961.09351030 52.29 301.879130 -32.854884 47.173
 78     1.202 54961.09351094 51.67 301.878200 -32.851614 47.173
 78     1.237 54961.09351159 51.12 301.877280 -32.848334 47.173
 78     1.270 54961.09351223 50.73 301.876350 -32.845064 47.173
 78     1.296 54961.09351288 50.41 301.875420 -32.841794 47.173
 78     1.309 54961.09351352 49.64 301.874490 -32.838514 47.173
 78     1.275 54961.09351416 42.29 301.873560 -32.835244 47.173
 78     1.270 54961.09351481 38.50 301.872630 -32.831964 47.173
 78     1.261 54961.09351545 50.00 301.871700 -32.828694 47.173
 78     1.282 54961.09351610 50.60 301.870780 -32.825424 47.173
 78     1.285 54961.09351674 36.51 301.869850 -32.822144 47.173
 78     1.211 54961.09351739 32.94 301.868920 -32.818874 47.173
 78     1.145 54961.09351803 30.09 301.867990 -32.815604 47.173
 78     1.143 54961.09351868 30.76 301.867060 -32.812324 47.173
 78     1.139 54961.09351932 44.58 301.866130 -32.809054 47.173
 78     1.100 54961.09351997 28.30 301.865200 -32.805774 47.173
 78     1.170 54961.09352061 39.45 301.864280 -32.802504 47.173
 78     1.162 54961.09352126 48.29 301.863350 -32.799234 47.173
 79     1.027 54996.09353160 21.57 301.876671 -32.856054 26.217
 79     0.966 54996.09353224 20.22 301.875741 -32.852784 26.217
 79     0.961 54996.09353288 23.78 301.874811 -32.849504 26.217
 79     0.957 54996.09353353 24.52 301.873891 -32.846234 26.217
 79     0.925 54996.09353417 21.68 301.872961 -32.842964 26.217
 79     0.904 54996.09353482 23.23 301.872031 -32.839684 26.217
 79     0.887 54996.09353546 24.40 301.871101 -32.836414 26.217
 79     0.873 54996.09353611 23.96 301.870171 -32.833134 26.217
 79     0.912 54996.09353675 30.85 301.869241 -32.829864 26.217
 79     0.974 54996.09353740 43.72 301.868311 -32.826594 26.217
 79     1.018 54996.09353804 48.61 301.867391 -32.823314 26.217
 79     1.103 54996.09353869 51.14 301.866461 -32.820044 26.217
 79     1.135 54996.09353933 49.70 301.865531 -32.816774 26.217
 79     1.095 54996.09353998 37.03 301.864601 -32.813494 26.217
 79     0.749 54996.09354062 21.22 301.863671 -32.810224 26.217
 79     0.567 54996.09354127 21.78 301.862741 -32.806944 26.217
 79     0.698 54996.09354191 18.83 301.861821 -32.803674 26.217
 79     0.998 54996.09354255 35.41 301.860891 -32.800404 26.217
 80     1.675 55031.09352050 20.87 301.878820 -32.857061  5.441
 80     1.662 55031.09352114 21.08 301.877894 -32.853784 10.301
 80     1.645 55031.09352178 20.98 301.876964 -32.850514 10.301
 80     1.805 55031.09352243 20.50 301.876034 -32.847234 10.301
 80     1.694 55031.09352307 22.44 301.875104 -32.843964 10.301
 80     1.597 55031.09352372 23.12 301.874184 -32.840694 10.301
 80     1.722 55031.09352436 22.52 301.873254 -32.837414 10.301
 80     1.724 55031.09352501 21.48 301.872324 -32.834144 10.301
 80     1.750 55031.09352565 23.03 301.871394 -32.830874 10.301
 80     1.834 55031.09352630 26.67 301.870464 -32.827594 10.301
 80     1.858 55031.09352694 30.54 301.869534 -32.824324 10.301
 80     1.917 55031.09352759 28.92 301.868614 -32.821044 10.301
 80     1.867 55031.09352823 23.88 301.867684 -32.817774 10.301
 80     1.814 55031.09352888 21.12 301.866754 -32.814504 10.301
 80     1.758 55031.09352952 19.88 301.865824 -32.811224 10.301
 80     1.496 55031.09353017 21.34 301.864894 -32.807954 10.301
 80     1.483 55031.09353081 21.94 301.863964 -32.804674 10.301
 80     1.714 55031.09353145 20.17 301.863044 -32.801404 10.301
 80     1.861 55031.09353210 20.33 301.862114 -32.798134 10.301
 81     2.069 55066.09351099 40.97 301.878794 -32.856001 34.872
 81     2.075 55066.09351163 50.28 301.877862 -32.852724 47.474
 81     2.073 55066.09351228 50.66 301.876932 -32.849454 47.474
 81     2.082 55066.09351292 49.40 301.876002 -32.846174 47.474
 81     2.079 55066.09351356 43.59 301.875072 -32.842904 47.474
 81     2.000 55066.09351421 26.45 301.874152 -32.839634 47.474
 81     1.998 55066.09351485 27.39 301.873222 -32.836354 47.474
 81     2.065 55066.09351550 35.94 301.872292 -32.833084 47.474
 81     2.133 55066.09351614 47.80 301.871362 -32.829804 47.474
 81     2.127 55066.09351679 52.84 301.870432 -32.826534 47.474
 81     2.151 55066.09351743 42.28 301.869502 -32.823264 47.474
 81     2.537 55066.09351808 39.58 301.868572 -32.819984 47.474
 81     2.567 55066.09351872 44.04 301.867652 -32.816714 47.474
 81     2.626 55066.09351937 44.70 301.866722 -32.813434 47.474
 81     2.224 55066.09352001 43.94 301.865792 -32.810164 47.474
 81     2.243 55066.09352066 48.12 301.864862 -32.806894 47.474
 81     2.261 55066.09352130 51.90 301.863942 -32.803614 47.474
 81     2.279 55066.09352195 51.47 301.863012 -32.800344 47.474
 81     2.292 55066.09352259 42.62 301.862082 -32.797074 47.474
 82     3.111 55101.09346094 31.25 301.861876 -32.815209 30.181
 82     3.164 55101.09346158 29.73 301.860946 -32.811939 30.181
 82     3.095 55101.09346223 28.69 301.860016 -32.808659 30.181
 82     3.343 55101.09346287 31.88 301.859096 -32.805389 30.181
 83     2.013 55136.09345603 21.07 301.880846 -32.856169 12.641
 83     2.018 55136.09345668 21.81 301.879917 -32.852892 13.890
 83     2.222 55136.09345732 21.74 301.878987 -32.849622 13.890
 83     2.291 55136.09345797 21.63 301.878067 -32.846342 13.890
 83     2.320 55136.09345861 22.22 301.877137 -32.843072 13.890
 83     2.253 55136.09345926 22.49 301.876207 -32.839802 13.890
 83     2.165 55136.09345990 23.88 301.875277 -32.836522 13.890
 83     2.113 55136.09346054 23.90 301.874347 -32.833252 13.890
 83     2.150 55136.09346119 24.76 301.873417 -32.829982 13.890
 83     2.479 55136.09346183 23.90 301.872487 -32.826702 13.890
 83     2.703 55136.09346248 35.20 301.871557 -32.823432 13.890
 83     2.705 55136.09346312 40.40 301.870637 -32.820152 13.890
 83     2.597 55136.09346377 36.94 301.869707 -32.816882 13.890
 83     2.654 55136.09346441 29.80 301.868777 -32.813612 13.890
 83     2.662 55136.09346506 20.26 301.867847 -32.810332 13.890
 83     2.160 55136.09346570 19.44 301.866917 -32.807062 13.890
 83     2.018 55136.09346635 19.13 301.865987 -32.803782 13.890
 83     2.041 55136.09346699 18.92 301.865067 -32.800512 13.890
 83     2.233 55136.09346764 19.41 301.864137 -32.797242 13.890
 83     2.478 55136.09346828 19.80 301.863207 -32.793962 13.890
 83     2.517 55136.09346893 21.71 301.862277 -32.790692 13.890
 83     2.509 55136.09346957 24.13 301.861347 -32.787411 21.597
 84     5.643 55171.09341850 28.91 301.877843 -32.857511 10.362
 84     5.410 55171.09341914 30.03 301.876913 -32.854241 10.362
 84     5.575 55171.09341979 28.79 301.875983 -32.850964 10.434
 84     5.518 55171.09342043 27.89 301.875053 -32.847694 10.434
 84     5.810 55171.09342107 26.00 301.874123 -32.844414 10.434
 84     5.887 55171.09342172 26.28 301.873193 -32.841144 10.434
 84     5.910 55171.09342236 24.29 301.872263 -32.837874 10.434
 84     5.717 55171.09342301 23.93 301.871343 -32.834594 10.434
 84     5.718 55171.09342365 24.27 301.870413 -32.831324 10.434
 84     6.005 55171.09342430 24.57 301.869483 -32.828054 10.434
 84     6.119 55171.09342494 25.53 301.868553 -32.824774 10.434
 84     6.142 55171.09342559 27.62 301.867623 -32.821504 10.434
 84     6.125 55171.09342623 29.57 301.866703 -32.818224 10.434
 84     6.088 55171.09342688 29.16 301.865773 -32.814954 10.434
 84     6.177 55171.09342752 28.80 301.864843 -32.811684 10.434
 84     6.150 55171.09342817 27.81 301.863913 -32.808404 10.434
 84     6.184 55171.09342881 25.96 301.862983 -32.805134 10.434
 84     6.123 55171.09342946 25.06 301.862063 -32.801854 10.434
 84     6.304 55171.09343010 26.53 301.861133 -32.798584 10.434
 85     2.274 55206.09345022 26.86 301.880643 -32.855593 13.685
 85     2.328 55206.09345086 26.65 301.879713 -32.852323 13.685
 85     2.518 55206.09345151 25.66 301.878783 -32.849043 13.685
 85     2.600 55206.09345215 26.27 301.877863 -32.845773 13.685
 85     2.652 55206.09345280 28.30 301.876933 -32.842503 13.685
 85     2.744 55206.09345344 27.07 301.876003 -32.839223 13.685
 85     2.783 55206.09345409 27.72 301.875073 -32.835953 13.685
 85     2.764 55206.09345473 25.51 301.874143 -32.832673 13.685
 85     2.642 55206.09345538 25.80 301.873213 -32.829403 13.685
 85     2.979 55206.09345602 25.47 301.872283 -32.826133 13.685
 85     2.985 55206.09345667 33.12 301.871353 -32.822853 13.685
 85     3.027 55206.09345731 38.58 301.870433 -32.819583 13.685
 85     3.121 55206.09345796 39.16 301.869503 -32.816313 13.685
 85     3.093 55206.09345860 30.25 301.868573 -32.813033 13.685
 85     3.099 55206.09345925 21.68 301.867643 -32.809763 13.685
 85     2.630 55206.09345989 21.11 301.866713 -32.806483 13.685
 85     2.470 55206.09346053 23.21 301.865793 -32.803213 13.685
 85     2.730 55206.09346118 24.07 301.864863 -32.799943 13.685
 85     2.944 55206.09346182 25.83 301.863933 -32.796663 13.685
 85     3.026 55206.09346247 28.33 301.863003 -32.793393 13.685
 85     3.071 55206.09346311 27.73 301.862072 -32.790112 28.325
 85     2.975 55206.09346376 27.94 301.861152 -32.786842 28.325
 86     3.381 55241.09342447 29.94 301.875844 -32.857343 21.014
 86     3.418 55241.09342512 30.94 301.874914 -32.854073 21.014
 86     3.504 55241.09342576 33.06 301.873986 -32.850794 17.665
 86     3.596 55241.09342640 34.69 301.873056 -32.847524 17.665
 86     3.609 55241.09342705 37.09 301.872126 -32.844244 17.665
 86     3.625 55241.09342769 37.05 301.871196 -32.840974 17.665
 86     3.594 55241.09342834 35.15 301.870266 -32.837704 17.665
 86     3.495 55241.09342898 31.23 301.869346 -32.834424 17.665
 86     3.427 55241.09342963 31.28 301.868416 -32.831154 17.665
 86     3.369 55241.09343027 30.03 301.867486 -32.827874 17.665
 86     3.352 55241.09343092 28.69 301.866556 -32.824604 17.665
 86     3.393 55241.09343156 30.38 301.865626 -32.821334 17.665
 86     3.410 55241.09343221 29.71 301.864706 -32.818054 17.665
 86     3.454 55241.09343285 29.97 301.863776 -32.814784 17.665
 86     3.424 55241.09343350 29.01 301.862846 -32.811504 17.665
 86     3.384 55241.09343414 27.05 301.861916 -32.808234 17.665
 86     3.397 55241.09343479 27.12 301.860996 -32.804964 17.665
 86     3.454 55241.09343543 27.19 301.860066 -32.801684 17.665
 87     2.009 55276.09344335 24.45 301.878118 -32.856123 16.666
 87     2.089 55276.09344399 23.44 301.877194 -32.852846 11.460
 87     2.270 55276.09344463 23.28 301.876264 -32.849576 11.460
 87     2.189 55276.09344528 26.55 301.875334 -32.846296 11.460
 87     2.130 55276.09344592 25.10 301.874404 -32.843026 11.460
 87     2.231 55276.09344657 25.37 301.873484 -32.839756 11.460
 87     2.194 55276.09344721 26.13 301.872554 -32.836476 11.460
 87     2.051 55276.09344786 28.93 301.871624 -32.833206 11.460
 87     2.045 55276.09344850 29.06 301.870694 -32.829936 11.460
 87     2.239 55276.09344915 27.52 301.869764 -32.826656 11.460
 87     2.351 55276.09344979 29.81 301.868834 -32.823386 11.460
 87     2.467 55276.09345044 37.68 301.867914 -32.820106 11.460
 87     2.481 55276.09345108 40.68 301.866984 -32.816836 11.460
 87     2.547 55276.09345173 39.33 301.866054 -32.813566 11.460
 87     2.463 55276.09345237 25.69 301.865124 -32.810286 11.460
 87     1.762 55276.09345302 24.84 301.864194 -32.807016 11.460
 87     1.898 55276.09345366 24.66 301.863274 -32.803736 11.460
 87     2.163 55276.09345430 24.70 301.862344 -32.800466 11.460
 88     2.060 55311.09340904 20.75 301.877083 -32.857939 17.514
 88     2.161 55311.09340968 21.11 301.876153 -32.854669 17.514
 88     2.411 55311.09341033 20.62 301.875225 -32.851393 10.061
 88     2.384 55311.09341097 21.28 301.874295 -32.848123 10.061
 88     2.219 55311.09341162 23.04 301.873365 -32.844843 10.061
 88     2.181 55311.09341226 22.44 301.872435 -32.841573 10.061
 88     2.241 55311.09341290 21.59 301.871505 -32.838303 10.061
 88     2.244 55311.09341355 21.96 301.870585 -32.835023 10.061
 88     2.154 55311.09341419 21.45 301.869655 -32.831753 10.061
 88     2.088 55311.09341484 19.87 301.868725 -32.828473 10.061
 88     2.127 55311.09341548 21.33 301.867795 -32.825203 10.061
 88     2.380 55311.09341613 24.63 301.866865 -32.821933 10.061
 88     2.441 55311.09341677 28.88 301.865945 -32.818653 10.061
 88     2.466 55311.09341742 29.29 301.865015 -32.815383 10.061
 88     2.478 55311.09341806 23.02 301.864085 -32.812113 10.061
 88     2.018 55311.09341871 19.55 301.863155 -32.808833 10.061
 88     2.017 55311.09341935 19.10 301.862235 -32.805563 10.061
 88     2.059 55311.09342000 18.89 301.861305 -32.802283 10.061
 89     2.419 55346.09341349 27.69 301.880047 -32.856565 17.694
 89     2.472 55346.09341414 27.28 301.879117 -32.853295 17.694
 89     2.650 55346.09341478 27.41 301.878187 -32.850015 17.694
 89     2.699 55346.09341543 27.85 301.877257 -32.846745 17.694
 89     2.754 55346.09341607 28.61 301.876337 -32.843475 17.694
 89     2.848 55346.09341672 30.28 301.875407 -32.840195 17.694
 89     2.818 55346.09341736 29.21 301.874477 -32.836925 17.694
 89     2.816 55346.09341801 27.99 301.873547 -32.833645 17.694
 89     2.737 55346.09341865 26.90 301.872617 -32.830375 17.694
 89     2.856 55346.09341930 24.69 301.871687 -32.827105 17.694
 89     3.148 55346.09341994 33.72 301.870767 -32.823825 17.694
 89     3.079 55346.09342058 43.99 301.869837 -32.820555 17.694
 89     3.151 55346.09342123 46.92 301.868907 -32.817275 17.694
 89     3.241 55346.09342187 42.05 301.867977 -32.814005 17.694
 89     3.207 55346.09342252 31.09 301.867047 -32.810735 17.694
 89     2.711 55346.09342316 23.38 301.866117 -32.807455 17.694
 89     2.486 55346.09342381 23.41 301.865197 -32.804185 17.694
 89     2.693 55346.09342445 24.72 301.864267 -32.800915 17.694
 89     3.077 55346.09342510 25.40 301.863337 -32.797635 17.694
 89     3.150 55346.09342574 31.80 301.862407 -32.794365 17.694
 90     1.877 55381.09340553 21.67 301.878086 -32.856350 17.113
 90     2.096 55381.09340618 21.08 301.877163 -32.853073 23.997
 90     2.061 55381.09340682 22.01 301.876233 -32.849803 23.997
 90     1.922 55381.09340747 25.72 301.875303 -32.846523 23.997
 90     1.981 55381.09340811 25.91 301.874373 -32.843253 23.997
 90     2.079 55381.09340876 24.41 301.873453 -32.839983 23.997
 90     1.856 55381.09340940 29.05 301.872523 -32.836703 23.997
 90     1.880 55381.09341005 24.42 301.871593 -32.833433 23.997
 90     1.833 55381.09341069 24.08 301.870663 -32.830153 23.997
 90     1.818 55381.09341134 43.55 301.869733 -32.826883 23.997
 90     1.824 55381.09341198 52.74 301.868803 -32.823613 23.997
 90     1.830 55381.09341262 50.70 301.867883 -32.820333 23.997
 90     2.313 55381.09341327 41.37 301.866953 -32.817063 23.997
 90     2.372 55381.09341391 36.39 301.866023 -32.813783 23.997
 90     2.317 55381.09341456 25.00 301.865093 -32.810513 23.997
 90     1.432 55381.09341520 23.85 301.864163 -32.807243 23.997
 90     1.833 55381.09341585 20.96 301.863243 -32.803963 23.997
 90     1.949 55381.09341649 38.21 301.862313 -32.800693 23.997
 91     1.917 55416.09343282 25.73 301.881209 -32.854332 12.394
 91     1.874 55416.09343346 24.96 301.880279 -32.851062 12.394
 91     2.002 55416.09343411 24.07 301.879359 -32.847782 12.394
 91     2.282 55416.09343475 24.28 301.878429 -32.844512 12.394
 91     2.305 55416.09343539 24.23 301.877499 -32.841242 12.394
 91     2.323 55416.09343604 23.74 301.876569 -32.837962 12.394
 91     2.345 55416.09343668 23.69 301.875639 -32.834692 12.394
 91     2.284 55416.09343733 24.51 301.874709 -32.831412 12.394
 91     2.439 55416.09343797 22.96 301.873779 -32.828142 12.394
 91     2.501 55416.09343862 33.82 301.872849 -32.824872 12.394
 91     2.576 55416.09343926 46.18 301.871929 -32.821592 12.394
 91     2.670 55416.09343991 44.44 301.870999 -32.818322 12.394
 91     2.705 55416.09344055 31.10 301.870069 -32.815052 12.394
 91     2.598 55416.09344120 21.35 301.869139 -32.811772 12.394
 91     2.230 55416.09344184 21.05 301.868209 -32.808502 12.394
 91     1.922 55416.09344249 21.63 301.867279 -32.805222 12.394
 91     1.970 55416.09344313 22.48 301.866359 -32.801952 12.394
 91     2.173 55416.09344378 23.22 301.865429 -32.798682 12.394
 91     2.343 55416.09344442 24.58 301.864499 -32.795402 12.394
 91     2.406 55416.09344506 25.52 301.863569 -32.792132 12.394
 91     2.401 55416.09344571 26.06 301.862638 -32.788854 24.625
 92     1.937 55451.09341722 23.72 301.878246 -32.855863 17.655
 92     2.090 55451.09341786 22.55 301.877314 -32.852584 12.681
 92     2.120 55451.09341851 23.85 301.876384 -32.849314 12.681
 92     2.018 55451.09341915 25.81 301.875454 -32.846034 12.681
 92     2.109 55451.09341980 25.86 301.874524 -32.842764 12.681
 92     2.275 55451.09342044 25.42 301.873604 -32.839494 12.681
 92     2.338 55451.09342109 24.70 301.872674 -32.836214 12.681
 92     2.047 55451.09342173 24.81 301.871744 -32.832944 12.681
 92     1.948 55451.09342237 24.76 301.870814 -32.829664 12.681
 92     1.984 55451.09342302 25.68 301.869884 -32.826394 12.681
 92     2.401 55451.09342366 28.01 301.868954 -32.823124 12.681
 92     2.518 55451.09342431 38.49 301.868034 -32.819844 12.681
 92     2.579 55451.09342495 42.87 301.867104 -32.816574 12.681
 92     2.658 55451.09342560 42.88 301.866174 -32.813304 12.681
 92     2.613 55451.09342624 24.94 301.865244 -32.810024 12.681
 92     1.703 55451.09342689 21.31 301.864314 -32.806754 12.681
 92     1.857 55451.09342753 20.18 301.863394 -32.803474 12.681
 92     2.115 55451.09342818 20.48 301.862464 -32.800204 12.681
 93     2.109 55486.09334087 24.81 301.875983 -32.855530 11.102
 93     2.186 55486.09334152 23.91 301.875053 -32.852260 11.102
 93     2.163 55486.09334216 24.04 301.874129 -32.848979 12.082
 93     2.103 55486.09334281 27.79 301.873199 -32.845709 12.082
 93     2.186 55486.09334345 26.48 301.872269 -32.842439 12.082
 93     2.339 55486.09334410 23.81 301.871339 -32.839159 12.082
 93     2.285 55486.09334474 25.82 301.870409 -32.835889 12.082
 93     2.032 55486.09334539 26.87 301.869489 -32.832609 12.082
 93     2.003 55486.09334603 23.95 301.868559 -32.829339 12.082
 93     1.991 55486.09334668 25.71 301.867629 -32.826059 12.082
 93     2.183 55486.09334732 27.75 301.866699 -32.822789 12.082
 93     2.377 55486.09334797 26.41 301.865769 -32.819519 12.082
 93     2.444 55486.09334861 25.64 301.864849 -32.816239 12.082
 93     2.446 55486.09334926 24.78 301.863919 -32.812969 12.082
 93     2.198 55486.09334990 20.38 301.862989 -32.809699 12.082
 93     1.840 55486.09335054 20.91 301.862059 -32.806419 12.082
 93     1.896 55486.09335119 22.12 301.861139 -32.803149 12.082
