# NaN NaN NaN ;Mean Elev.(m), Avg Gradient(m/km), RMS Gradient(m/km) - SRTM1     
#    5.552  -0.193   3.410 ;Mean Elev.(m), Avg Gradient(m/km), RMS Gradient(m/km) - ASTER GDEM
#    0.143   0.641   3.844 ;Mean Elev.(m), Avg Gradient(m/km), RMS Gradient(m/km) - GMTED2010 
  6 301.912439 -33.008363     2.261     2.196  5 52441.09355986 23.986
  7 301.915841 -33.003589     2.111     2.100  6 52476.09355755 19.569
  8 301.922375 -32.996445     2.488     2.440  4 52511.09351117 17.071
  9 301.923394 -32.994560     3.700     3.668  5 52546.09353163 30.636
 10 301.920100 -32.998866     4.156     4.158  4 52581.09355339 51.146
 11 301.914317 -33.004578     4.126     3.998  5 52616.09352227 31.113
 12 301.925076 -32.991510     2.201     2.113  5 52651.09350147 21.450
 13 301.920743 -32.998055     2.071     2.041  5 52686.09349049 18.604
 14 301.919007 -32.998746     2.388     2.320  5 52721.09354059 25.248
 15 301.908911 -33.012031     2.508     2.641  4 52756.09356125 45.081
 16 301.923509 -32.994179     2.715     2.778  4 52791.09351420 38.575
 17 301.924091 -32.992931     1.868     1.840  5 52826.09358353 42.535
 18 301.925176 -32.992094     2.804     2.833  5 52861.09362929 49.609
 19 301.917365 -33.001994     2.116     2.194  5 52896.09365788 34.988
 20 301.914273 -33.005446     1.948     1.942  6 52931.09360529 19.707
 21 301.923985 -32.991835     2.086     2.041  5 52966.09360389 21.106
 22 301.914156 -33.004939     3.445     3.426  6 53001.09363206 29.147
 23 301.914531 -33.003946     2.743     2.699  5 53036.09358195 35.154
 24 301.919852 -32.999786     1.190     1.200  5 53071.09360390 15.209
 25 301.913596 -33.005761     1.661     1.522  5 53106.09358240 23.066
 26 301.921782 -32.996462     1.798     1.834  4 53141.09361191 48.130
 27 301.920269 -32.997802     1.653     1.655  4 53176.09364190 19.778
 28 301.917797 -33.001371     1.853     1.736  5 53211.09366004 19.778
 29 301.919575 -33.000615     1.483     1.443  5 53246.09362800 50.854
 30 301.920992 -32.998377     1.751     1.727  5 53281.09361359 19.580
 31 301.921162 -32.996744     2.624     2.621  4 53316.09362600 23.767
 32 301.921352 -32.996077     1.155     1.137  4 53351.09359175 20.002
 33 301.922117 -32.996059     1.681     1.552  5 53386.09357619 26.272
 34 301.924755 -32.990257     1.094     1.038  5 53421.09358074 40.801
 35 301.925663 -32.991347     1.152     1.075  5 53456.09358594 39.618
 36 301.914736 -33.004936     1.894     1.909  6 53491.09366890 49.232
 37 301.922725 -32.995264     3.347     3.479  5 53526.09365389 48.685
 38 301.913447 -33.005557     2.053     2.098  5 53561.09368031 46.736
 39 301.921454 -32.995895     1.036     0.980  4 53596.09362027 43.135
 40 301.919473 -32.999066     1.785     1.802  4 53631.09361401 30.553
 41 301.916970 -33.001952     2.474     2.526  6 53666.09363646 24.386
 42 301.920973 -32.997201     1.389     1.275  5 53701.09358825 20.426
 43 301.920190 -32.999658     1.427     1.418  5 53736.09349819 38.726
 44 301.924344 -32.988951     1.657     1.660  4 53771.09350384 17.672
 45 301.920475 -32.997799     1.520     1.483  5 53806.09349376 29.226
 47 301.922657 -32.996170     1.966     1.987  5 53876.09356174 42.070
 48 301.916113 -33.002767     2.343     1.790  6 53911.09360939 24.672
 49 301.912362 -33.007511     1.836     1.798  5 53946.09362723 20.368
 50 301.916322 -33.001882     2.484     2.517  5 53981.09357327 29.174
 51 301.924033 -32.992764     1.225     1.225  5 54016.09359651 49.190
 52 301.925275 -32.988591     2.018     1.910  5 54051.09359685 16.433
 53 301.919257 -32.997896     1.506     1.512  5 54086.09358691 41.426
 54 301.915269 -33.002548    -0.053    -1.427  5 54121.09351222 24.618
 55 301.919020 -32.997890     1.237     1.186  5 54156.09354667 44.906
 56 301.917286 -33.002869     3.131     3.108  5 54191.09350959 25.094
 57 301.919929 -32.997744     8.051     6.829  5 54226.09355755 15.319
 58 301.920685 -32.998767     2.127     2.071  5 54261.09357793 16.008
 59 301.920355 -32.998008     1.342     1.353  4 54296.09358208 23.736
 60 301.920224 -32.998956     2.268     2.222  5 54331.09357337 19.696
 61 301.917242 -33.002761     1.895     1.822  5 54366.09351627 21.565
 62 301.920729 -32.996827     2.385     2.397  4 54401.09351581 21.244
 63 301.918056 -33.001583     1.657     1.697  5 54436.09347208 20.272
 64 301.923505 -32.994813     1.676     1.620  4 54471.09350040 20.545
 65 301.918098 -33.001651     0.483     0.633  5 54506.09348507 43.457
 66 301.921260 -32.997469     1.191     1.096  5 54541.09351448 20.977
 67 301.917829 -33.001674     1.178     1.192  5 54576.09348673 24.365
 68 301.920452 -32.999128     1.293     1.296  5 54611.09350674 18.995
 69 301.919598 -32.999114     1.249     1.263  4 54646.09351363 48.609
 70 301.919155 -32.999446     2.034     1.955  5 54681.09351467 17.240
 71 301.918013 -33.001401     1.918     1.953  5 54716.09346416 17.028
 72 301.920769 -32.997955     1.063     1.075  4 54751.09348638 39.845
 73 301.918950 -33.001324     3.046     3.000  5 54786.09345271 31.727
 74 301.921808 -32.996450     1.464     1.428  4 54821.09347969 17.313
 75 301.919140 -32.999536     1.014     0.942  5 54856.09345006 35.659
 76 301.917980 -32.998691     0.927     0.828  5 54891.09348298 18.352
 77 301.915886 -33.003239     1.058     1.046  5 54926.09344734 37.177
 78 301.920060 -32.998926     1.277     1.288  5 54961.09348193 46.977
 79 301.917595 -33.000100     1.010     0.972  5 54996.09350323 18.903
 80 301.919278 -32.999467     1.637     1.606  4 55031.09349245 30.341
 81 301.919701 -33.000042     1.927     1.836  5 55066.09348262 37.064
 82 301.915299 -33.003457     2.672     2.685  6 55101.09342387 26.046
 83 301.920845 -32.996937     2.544     2.467  5 55136.09342831 17.581
 84 301.918742 -33.001559     4.568     4.539  5 55171.09339013 21.986
 85 301.921105 -32.998001     2.633     2.616  4 55206.09342218 24.953
 86 301.916742 -33.001396     3.067     3.042  5 55241.09339610 27.818
 87 301.919036 -33.000163     2.087     2.053  5 55276.09341498 37.681
 88 301.917980 -33.001985     2.021     1.995  5 55311.09338067 19.548
 89 301.920037 -32.997341     2.731     2.586  5 55346.09338577 24.495
 90 301.919003 -33.000393     1.987     1.959  5 55381.09337717 22.349
 91 301.921675 -32.996738     2.133     2.116  4 55416.09340477 22.505
 92 301.919150 -32.999907     1.720     1.742  5 55451.09338885 31.937
 93 301.917338 -33.001217     2.026     2.025  6 55486.09331219 19.554
